objName,objAltName1,objAltName2,objAltName3,objID,uniquePspsOBid,ippObjID,surveyID,htmID,zoneID,tessID,projectionID,skyCellID,randomID,batchID,dvoRegionID,processingVersion,objInfoFlag,qualityFlag,raStack,decStack,raStackErr,decStackErr,raMean,decMean,raMeanErr,decMeanErr,epochMean,posMeanChisq,cx,cy,cz,lambda,beta,l,b,nStackObjectRows,nStackDetections,nDetections,ng,nr,ni,nz,ny,uniquePspsSTid,primaryDetection,bestDetection,gippDetectID,gstackDetectID,gstackImageID,gra,gdec,graErr,gdecErr,gEpoch,gPSFMag,gPSFMagErr,gApMag,gApMagErr,gKronMag,gKronMagErr,ginfoFlag,ginfoFlag2,ginfoFlag3,gnFrames,gxPos,gyPos,gxPosErr,gyPosErr,gpsfMajorFWHM,gpsfMinorFWHM,gpsfTheta,gpsfCore,gpsfLikelihood,gpsfQf,gpsfQfPerfect,gpsfChiSq,gmomentXX,gmomentXY,gmomentYY,gmomentR1,gmomentRH,gPSFFlux,gPSFFluxErr,gApFlux,gApFluxErr,gApFillFac,gApRadius,gKronFlux,gKronFluxErr,gKronRad,gexpTime,gExtNSigma,gsky,gskyErr,gzp,gPlateScale,rippDetectID,rstackDetectID,rstackImageID,rra,rdec,rraErr,rdecErr,rEpoch,rPSFMag,rPSFMagErr,rApMag,rApMagErr,rKronMag,rKronMagErr,rinfoFlag,rinfoFlag2,rinfoFlag3,rnFrames,rxPos,ryPos,rxPosErr,ryPosErr,rpsfMajorFWHM,rpsfMinorFWHM,rpsfTheta,rpsfCore,rpsfLikelihood,rpsfQf,rpsfQfPerfect,rpsfChiSq,rmomentXX,rmomentXY,rmomentYY,rmomentR1,rmomentRH,rPSFFlux,rPSFFluxErr,rApFlux,rApFluxErr,rApFillFac,rApRadius,rKronFlux,rKronFluxErr,rKronRad,rexpTime,rExtNSigma,rsky,rskyErr,rzp,rPlateScale,iippDetectID,istackDetectID,istackImageID,ira,idec,iraErr,idecErr,iEpoch,iPSFMag,iPSFMagErr,iApMag,iApMagErr,iKronMag,iKronMagErr,iinfoFlag,iinfoFlag2,iinfoFlag3,inFrames,ixPos,iyPos,ixPosErr,iyPosErr,ipsfMajorFWHM,ipsfMinorFWHM,ipsfTheta,ipsfCore,ipsfLikelihood,ipsfQf,ipsfQfPerfect,ipsfChiSq,imomentXX,imomentXY,imomentYY,imomentR1,imomentRH,iPSFFlux,iPSFFluxErr,iApFlux,iApFluxErr,iApFillFac,iApRadius,iKronFlux,iKronFluxErr,iKronRad,iexpTime,iExtNSigma,isky,iskyErr,izp,iPlateScale,zippDetectID,zstackDetectID,zstackImageID,zra,zdec,zraErr,zdecErr,zEpoch,zPSFMag,zPSFMagErr,zApMag,zApMagErr,zKronMag,zKronMagErr,zinfoFlag,zinfoFlag2,zinfoFlag3,znFrames,zxPos,zyPos,zxPosErr,zyPosErr,zpsfMajorFWHM,zpsfMinorFWHM,zpsfTheta,zpsfCore,zpsfLikelihood,zpsfQf,zpsfQfPerfect,zpsfChiSq,zmomentXX,zmomentXY,zmomentYY,zmomentR1,zmomentRH,zPSFFlux,zPSFFluxErr,zApFlux,zApFluxErr,zApFillFac,zApRadius,zKronFlux,zKronFluxErr,zKronRad,zexpTime,zExtNSigma,zsky,zskyErr,zzp,zPlateScale,yippDetectID,ystackDetectID,ystackImageID,yra,ydec,yraErr,ydecErr,yEpoch,yPSFMag,yPSFMagErr,yApMag,yApMagErr,yKronMag,yKronMagErr,yinfoFlag,yinfoFlag2,yinfoFlag3,ynFrames,yxPos,yyPos,yxPosErr,yyPosErr,ypsfMajorFWHM,ypsfMinorFWHM,ypsfTheta,ypsfCore,ypsfLikelihood,ypsfQf,ypsfQfPerfect,ypsfChiSq,ymomentXX,ymomentXY,ymomentYY,ymomentR1,ymomentRH,yPSFFlux,yPSFFluxErr,yApFlux,yApFluxErr,yApFillFac,yApRadius,yKronFlux,yKronFluxErr,yKronRad,yexpTime,yExtNSigma,ysky,yskyErr,yzp,yPlateScale,distance,SkyMapper_StarClass,gelong,g_a,g_b,g_pa,relong,r_a,r_b,r_pa,ielong,i_a,i_b,i_pa,zelong,z_a,z_b,z_pa
PSO J080915.150-183852.164,-999,-999,-999,85621223131282954,974417000076857,453621560979255,0,10820146775483,8562,1,909,32,0.600215223245523,974417,105617,3,1343750144,160,122.31312843,-18.6478234,0.0010000000474974,0.0010000000474974,122.31312843,-18.6478234,0.0010000000474974,0.0010000000474974,56004.01378472,-999.0,-0.5064833382647346,0.8007711209414994,-0.3197502774452356,129.8183809217124,-37.72654908508331,238.55349421179497,7.761143735109416,-999,1,0,0,0,0,0,0,1155609000009251,1,0,20580,2523197387564929124,4401789,122.31310936,-18.64780952,0.2145400047302246,0.1997230052947998,55957.1729973,-999.0,0.3860470056533813,-999.0,0.0161530002951622,-999.0,-999.0,35651585,4,196608,8,5099.93994140625,2433.070068359375,0.8581629991531372,0.7988929748535156,1.3714100122451782,1.2974200248718262,82.40119934082031,0.0830653011798858,-999.0,0.9987069964408876,0.9987069964408876,1.6602100133895874,-999.0,-999.0,-999.0,-999.0,-999.0,-9.287419970860356e-07,3.585379886317242e-07,-1.992639909076388e-06,3.2187198684141556e-08,0.8974570035934448,2.9999899864196777,-999.0,-999.0,-999.0,688.0,-999.0,-2.001510068794232e-08,6.016729798830056e-07,25.016199111938477,0.25,20580,2523197415482216548,4401893,122.31310868,-18.64780691,0.7297000288963318,0.6901270151138306,56216.8584343,-999.0,1.4929499626159668,-999.0,0.0143889999017119,-999.0,-999.0,35651585,4,196608,8,5099.93994140625,2433.070068359375,2.9188199043273926,2.7605299949645996,1.1921199560165403,1.157099962234497,52.18000030517578,0.1642110049724578,-999.0,0.9981240034103394,0.9981240034103394,1.4994299411773682,-999.0,-999.0,-999.0,-999.0,-999.0,-2.994889882756979e-07,4.4712101043842267e-07,-3.036290081581683e-06,4.369019990235756e-08,0.8944240212440491,2.7499799728393555,-999.0,-999.0,-999.0,560.0,-999.0,-3.83313008001096e-08,7.776159804961935e-07,25.03350067138672,0.2499980032444,20580,2523197445546987620,4402005,122.31310881,-18.64780839,0.1764000058174133,0.163232997059822,56025.6262093,-999.0,0.3648169934749603,-999.0,0.0079180002212524,-999.0,-999.0,35651585,4,196608,18,5099.93994140625,2433.070068359375,0.7055990099906921,0.6529319882392883,1.153380036354065,1.0802299976348877,-51.6057014465332,0.1534689962863922,-999.0,0.9981579780578612,0.9981579780578612,1.3436199426651,-999.0,-999.0,-999.0,-999.0,-999.0,-1.3139899692760082e-06,4.793649850398651e-07,-5.195840003580088e-06,4.1141998252669516e-08,0.8944240212440491,2.75,-999.0,-999.0,-999.0,1080.0,-999.0,-9.547049728553249e-08,8.653249778944883e-07,25.03420066833496,0.25,20580,2523197465948082276,4402081,122.31310913,-18.6478069,0.2330439984798431,0.2231349945068359,55873.6526962,-999.0,0.5417079925537109,-999.0,0.0116379996761679,-999.0,-999.0,35651585,4,196608,13,5099.93994140625,2433.070068359375,0.9321759939193726,0.892536997795105,1.0591200590133667,1.0426000356674194,-4.420330047607422,0.3505969941616058,-999.0,0.9981719851493835,0.9981719851493835,1.0796799659729004,-999.0,-999.0,-999.0,-999.0,-999.0,-1.93089999811491e-06,1.0459899613124437e-06,-3.31012006427045e-06,3.8522600220858294e-08,0.8944240212440491,2.7500100135803223,-999.0,-999.0,-999.0,780.0,-999.0,-9.732249850458174e-08,1.6384200307584251e-06,25.040800094604492,0.2500010132789612,20580,2523197360721383524,4401689,122.31312843,-18.6478234,0.0668608024716377,0.0597092993557453,56004.0137962,21.266700744628903,0.1877699941396713,21.05270004272461,0.0067929998040199,20.94510078430176,0.2276169955730438,35651585,0,196608,14,5099.66015625,2432.860107421875,0.2674430012702942,0.2388370037078857,0.8480749726295471,0.7871509790420532,-22.47570037841797,0.8766180276870728,0.2667149901390075,0.998134970664978,0.998134970664978,1.3958100080490112,0.1172029972076416,0.0455944016575813,0.1497109979391098,0.8548679947853088,0.6368680000305176,1.1306499800411984e-05,2.1230100628599757e-06,1.3769000361207873e-05,9.352690000241637e-08,0.8455110192298889,2.0,1.5204000192170495e-05,3.4606800909386948e-06,2.1371700763702393,640.0,1.110659956932068,-5.2865399169377276e-08,4.109079782210756e-06,25.074399948120117,0.25,0.0060177586523143,,,,,,,,,,,,,,,,,
PSO J080914.879-183855.570,-999,-999,-999,85621223120111826,974417000048189,453621560949822,0,10820146776033,8562,1,909,32,0.409236811482568,974417,105617,3,436285440,52,122.31205909,-18.64876944,0.0010000000474974,0.0010000000474974,122.31199769,-18.64876969,0.1969899982213974,0.1969899982213974,57008.52502315,-999.0,-0.5064647119441719,0.8007766529943546,-0.3197659262248965,129.81739785067694,-37.727748557904725,238.5537281662505,7.759733212856386,-999,2,1,0,0,1,0,0,1155609000002641,1,0,16514,2523197387564925058,4401789,122.31205909,-18.64876944,1.9944700002670288,1.856719970703125,55957.1729973,26.394500732421875,3.588870048522949,-999.0,0.0148459998890757,-999.0,-999.0,35651585,4,196608,8,5114.33984375,2419.320068359375,7.977869987487793,7.4268798828125,1.3713899850845337,1.298189997673035,82.22339630126953,0.0829254016280174,-999.0,0.9996150135993958,0.9996150135993958,1.6638400554656982,-999.0,-999.0,-999.0,-999.0,-999.0,1.0051000032262893e-07,3.60716995828625e-07,-2.3588900148752145e-06,3.502060152982267e-08,0.8952469825744629,2.9999899864196777,-999.0,-999.0,-999.0,688.0,-999.0,-2.1452699172641587e-08,5.993389891045808e-07,25.016199111938477,0.25,16514,2523197415482212482,4401893,122.31205842,-18.64876682,0.2436880022287368,0.2304719984531402,56216.8584343,24.09819984436035,0.4985800087451935,-999.0,0.0301530007272958,-999.0,-999.0,35651585,4,196608,10,5114.33984375,2419.320068359375,0.9747570157051086,0.9218950271606444,1.1923400163650513,1.1574699878692627,51.385398864746094,0.1643919944763183,-999.0,0.9987559914588928,0.9987559914588928,1.5121099948883057,-999.0,-999.0,-999.0,-999.0,-999.0,8.331450089826831e-07,4.153889960889501e-07,-6.914630148457945e-07,2.0849499904329605e-08,0.8865320086479187,2.7499799728393555,-999.0,-999.0,-999.0,560.0,-999.0,-3.7360301519129286e-08,7.757329854030104e-07,25.03350067138672,0.2499980032444,16514,2523197445546983554,4402005,122.31206579,-18.64877776,0.0507153011858463,0.0469298996031284,56025.6262093,22.221200942993164,0.1048860028386116,24.79199981689453,0.0283179990947246,-999.0,-999.0,35653633,0,196608,18,5114.240234375,2419.179931640625,0.2028609961271286,0.1877190023660659,1.153380036354065,1.0811400413513184,-51.58060073852539,0.1528210043907165,-4.594590139828654e-36,0.9983519911766052,0.9983519911766052,1.3655200004577637,0.0684254020452499,0.0182716995477676,0.0485703982412815,-999.0,-1.430150032043457,4.693729806604097e-06,4.92304991439596e-07,4.397379882448149e-07,1.2452500364190657e-08,0.8891630172729492,2.75,-999.0,-999.0,-999.0,1080.0,-12.53849983215332,-9.66605995245118e-08,8.65182983034174e-07,25.03420066833496,0.25,16514,2523197465948078210,4402081,122.31208402,-18.64881587,0.0791582986712455,0.0757922977209091,55873.6526962,22.007699966430664,0.1840019971132278,-999.0,0.0601090006530284,-999.0,-999.0,35651585,0,196608,13,5114.0,2418.610107421875,0.3166329860687256,0.3031690120697021,1.0587999820709229,1.0419199466705322,-4.133339881896973,0.3529079854488373,-0.0015959399752318,0.9981970191001892,0.9981970191001892,1.1161199808120728,0.127480000257492,-0.0021892599761486,0.1390430033206939,-999.0,-4.1404900550842285,5.713659902539803e-06,1.0513299457670655e-06,-1.2408300165134278e-07,7.458449857722371e-09,0.8865320086479187,2.7500100135803223,-999.0,-999.0,-999.0,780.0,-3.1566500663757324,-9.844109882806153e-08,1.638299977457791e-06,25.040800094604492,0.2500010132789612,16514,2523197360721379458,4401689,122.3120579,-18.64876912,0.1111309975385665,0.0992441996932029,56004.0137962,21.81559944152832,0.3120970129966736,21.932899475097656,0.0101880002766847,-999.0,-999.0,35651585,4,196608,13,5114.33984375,2419.320068359375,0.4445230066776275,0.3969759941101074,0.8479880094528198,0.7870749831199646,-22.316600799560547,0.8771539926528931,-999.0,0.997488021850586,0.997488021850586,1.374709963798523,-999.0,-999.0,-999.0,-999.0,-999.0,6.819349891884485e-06,2.1282999114191625e-06,6.1211699176055845e-06,6.235939764565046e-08,0.8405370116233826,2.0,-999.0,-999.0,-999.0,640.0,-999.0,-5.4196700460806824e-08,4.10270013162517e-06,25.074399948120117,0.25,0.0049198885351187,,,,,,,,,,,,,,,,,
PSO J080914.235-183849.781,-999,-999,-999,85621223093183744,974417000047866,453621560949499,0,10820146777429,8562,1,909,32,0.246225944018202,974417,105617,3,503635968,60,122.30931469,-18.64716157,0.0010000000474974,0.0010000000474974,122.30930404,-18.64717016,0.0023600000422447,0.0029599999543279,56042.81811343,1.658400058746338,-0.50643183557438,0.8008080070691906,-0.3197394747769426,129.81374611736518,-37.72689398802649,238.55099142629888,7.758422039067457,-999,5,59,8,10,18,11,12,1155609000002554,1,1,16632,2523197387564925176,4401789,122.30931405,-18.64716172,0.0008567799814045,0.0008969550253823,55957.1729973,16.439899444580078,0.0014339999761432,16.40239906311035,0.0007440000190399,16.45680046081543,0.0013259999686852,102760517,128,196608,8,5151.68994140625,2442.669921875,0.0034271299373358,0.003587830113247,1.3712400197982788,1.2982699871063232,82.381103515625,0.0832846015691757,0.4961999952793121,0.999705970287323,0.999705970287323,2.294300079345703,0.2096689939498901,0.0049043498001992,0.2246199995279312,1.2114100456237793,0.9120339751243592,0.0009639409836381,1.3821900211041791e-06,0.0009977789595723,7.42477027415589e-07,0.8952469825744629,2.9999899864196777,0.0009490309748798,1.2587199762492671e-06,3.0285298824310303,688.0,0.6804810166358948,-2.2829899748444404e-08,5.995469791741925e-07,25.016199111938477,0.25,16632,2523197415482212600,4401893,122.30931414,-18.64716122,0.0005706510273739,0.0005735370214097,56216.8584343,15.996800422668455,0.0010379999876022,15.972700119018556,0.0006769999745301,16.03849983215332,0.0010019999463111,102760517,128,196608,10,5151.68017578125,2442.639892578125,0.0022826199419796,0.0022941599600017,1.1942299604415894,1.159559965133667,51.10499954223633,0.1618430018424987,0.6652770042419434,0.99930602312088,0.99930602312088,1.994330048561096,0.1749770045280456,0.0035713301040232,0.1771000027656555,1.1432900428771973,0.8616039752960205,0.00144966004882,1.5052499975354294e-06,0.0014821999939158,1.0033700164058246e-06,0.8865320086479187,2.7499799728393555,0.0013950900174677,1.3975900401419494e-06,2.858220100402832,560.0,0.4326390027999878,-3.959209848858336e-08,7.6889398314961e-07,25.03350067138672,0.2499980032444,16632,2523197445546983672,4402005,122.30931469,-18.64716258,0.000412358000176,0.0004212970088701,56025.6262093,15.836600303649902,0.0008060000254772,15.793399810791016,0.0004490000137593,15.859100341796877,0.0008469999884255,102760517,128,196608,17,5151.669921875,2442.639892578125,0.0016494300216436,0.0016851900145411,1.153480052947998,1.0818099975585938,-51.538700103759766,0.1513790041208267,0.4451389908790588,0.9994080066680908,0.9994080066680908,2.042789936065674,0.1640470027923584,-0.0067634498700499,0.1665139943361282,1.1602400541305542,0.8402320146560669,0.0016801400342956,1.3538000303014996e-06,0.0017483499832451,7.85187978635804e-07,0.8865320086479187,2.75,0.0016457700403407,1.3947100114819475e-06,2.900599956512451,1080.0,0.7635440230369568,-9.972590220286293e-08,8.659640116093215e-07,25.03420066833496,0.25,16632,2523197465948078328,4402081,122.30931778,-18.64715684,0.0007781179738231,0.0007634820067323,55873.6526962,15.856200218200684,0.001490999944508,15.771300315856934,0.000523000024259,15.84910011291504,0.0017750000115484,102760453,128,196608,11,5151.6298828125,2442.699951171875,0.0031124700326472,0.0030539201106876,1.0578099489212036,1.0411299467086792,-5.269559860229492,0.3558900058269501,0.0962764024734497,0.9991959929466248,0.9991959929466248,2.1283199787139893,0.1665000021457672,0.0054833302274346,0.1590940058231353,1.13401997089386,0.8462749719619751,0.0016501100035384,2.4599798962299246e-06,0.0017844199901446,9.338049835605488e-07,0.8839020133018494,2.7500100135803223,0.0016609500162303,2.9481500405381662e-06,2.835059881210327,780.0,1.6631799936294556,-1.0241600278959596e-07,1.630559950172028e-06,25.040800094604492,0.2500010132789612,16632,2523197360721379576,4401689,122.30931537,-18.64716157,0.0010950899450108,0.0010042500216513,56004.0137962,15.750699996948242,0.0023330000694841,15.714799880981444,0.0005810000002384,15.81470012664795,0.0033229999244213,102760517,128,196608,11,5151.64990234375,2442.659912109375,0.0043803500011563,0.0040170098654925,0.8480269908905029,0.7873179912567139,-22.2632999420166,0.8794280290603638,0.3817580044269562,0.9984310269355774,0.9984310269355774,1.5107799768447876,0.1085840016603469,-0.0007079499773681,0.1038990020751953,1.1526000499725342,0.7721959948539734,0.0018185899825766,4.243449893692741e-06,0.0018796300282701,1.0927500397883705e-06,0.8405370116233826,2.0,0.0017143900040537,5.6968501667142846e-06,2.881510019302368,640.0,0.8746619820594788,-5.81263002175092e-08,4.094350060768193e-06,25.074399948120117,0.25,0.0068286838605218,,,,,,,,,,,,,,,,,
PSO J080916.258-183848.944,-999,-999,-999,85621223177544026,974417000048924,453621560950557,0,10820146779410,8562,1,909,32,0.38866439404773,974417,105617,3,436527104,52,122.31774464,-18.6469291,0.0010000000474974,0.0010000000474974,122.31773412,-18.6469442,0.0070699998177587,0.0087599996477365,56111.57931713,1.0388000011444092,-0.5065503292272096,0.8007345513784294,-0.3197357380534604,129.82339624847495,-37.72452903581532,238.5550844755083,7.765307137372043,-999,5,58,5,10,17,13,13,1155609000002822,1,1,16260,2523197387564924804,4401789,122.31773512,-18.64696634,0.0324014015495777,0.030163599178195,55957.1729973,21.975200653076172,0.0583040006458759,22.232500076293945,0.0109059996902942,22.15539932250977,0.0926939994096756,35651585,0,196608,10,5036.740234375,2444.889892578125,0.1296059936285019,0.1206540018320083,1.3716100454330444,1.2956500053405762,82.66130065917969,0.0830729976296424,-0.2170459926128387,0.9991350173950196,0.9991350173950196,1.44035005569458,0.2131139934062957,-0.0256216991692781,0.202345997095108,0.902525007724762,0.6216549873352051,5.887260158488061e-06,3.4324799003115913e-07,4.645100034395e-06,5.0659799910590664e-08,0.8974570035934448,2.9999899864196777,4.987030024494743e-06,4.622690141786734e-07,2.256309986114502,688.0,-1.2344199419021606,-1.552339945476433e-08,6.069899995964079e-07,25.016199111938477,0.25,16260,2523197415482212228,4401893,122.31774464,-18.6469291,0.0128809995949268,0.0121823996305465,56216.8584343,20.792600631713867,0.0263539999723434,20.8302001953125,0.0063390000723302,20.9419002532959,0.0378380008041858,35651585,0,196608,10,5036.60009765625,2445.389892578125,0.0515243001282215,0.0487301014363765,1.1901299953460691,1.1544899940490725,54.17290115356445,0.1658989936113357,-0.4758070111274719,0.9995949864387512,0.9995949864387512,1.5715099573135376,0.1556439995765686,0.005935079883784,0.1739020049571991,0.815667986869812,0.686037003993988,1.7497199223726057e-05,4.611239887708507e-07,1.6900899936445057e-05,1.0714300202607775e-07,0.8839020133018494,2.7499799728393555,1.5249600437527988e-05,5.770160100837529e-07,2.039170026779175,560.0,-0.7130619883537292,-3.8680401104329576e-08,7.874219818404526e-07,25.03350067138672,0.2499980032444,16260,2523197445546983300,4402005,122.31774583,-18.64692864,0.0047224098816514,0.0043699201196432,56025.6262093,19.460899353027344,0.0097669996321201,19.509199142456055,0.0024860000703483,19.584199905395508,0.0135540002956986,35651585,0,196608,13,5036.58984375,2445.419921875,0.0188896991312503,0.0174796991050243,1.153339982032776,1.0776300430297852,-51.69559860229492,0.1561599969863891,-0.687063992023468,0.9996209740638732,0.9996209740638732,1.302970051765442,0.1549039930105209,-0.0093010403215885,0.1601189970970153,0.8050010204315186,0.7524979710578918,5.965260061202571e-05,5.826000233355444e-07,5.705680086975917e-05,1.4184500685132664e-07,0.8839020133018494,2.75,5.325029997038655e-05,7.21759022326296e-07,2.012500047683716,1080.0,-0.4028419852256775,-9.025450253830061e-08,8.648759717289067e-07,25.03420066833496,0.25,16260,2523197465948077956,4402081,122.31774731,-18.64692533,0.0048849899321794,0.0046772598288953,55873.6526962,18.902599334716797,0.0113549996167421,18.8887996673584,0.0021989999804645,19.005599975585938,0.018860999494791,35651585,0,196608,12,5036.56982421875,2445.43994140625,0.019539900124073,0.0187090002000331,1.0606900453567505,1.0448399782180786,-4.076879978179932,0.3429110050201416,0.6103619933128357,0.9996100068092346,0.9996100068092346,1.1962300539016724,0.1527249962091446,0.000881856016349,0.1579460054636001,0.9205039739608764,0.75975501537323,9.976379806175828e-05,1.132829993366613e-06,0.000101033001556,2.2219700213099713e-07,0.8839020133018494,2.7500100135803223,9.07360008568503e-05,1.711330014586565e-06,2.301259994506836,780.0,0.509555995464325,-9.124239852553728e-08,1.6457599940622458e-06,25.040800094604492,0.2500010132789612,16260,2523197360721379204,4401689,122.31774388,-18.64693899,0.0098508996888995,0.0094090104103088,56004.0137962,18.638599395751953,0.0207690000534057,18.645099639892575,0.0022410000674426,18.854000091552734,0.033790998160839,102760453,128,196608,10,5036.60009765625,2445.280029296875,0.03940349817276,0.037636000663042,0.8482499718666077,0.7871419787406921,-22.874399185180664,0.8735929727554321,0.7141219973564148,0.9978460073471068,0.9978460073471068,1.266260027885437,0.1104120016098022,-0.0090477997437119,0.1038099974393844,0.746832013130188,0.7135050296783447,0.0001272210065508,2.642299932631431e-06,0.0001264650054508,2.834460133271932e-07,0.8405370116233826,2.0,0.0001043290030793,3.5253299301984953e-06,1.8670799732208252,640.0,0.3663260042667389,-4.7506901523775014e-08,4.128929958824301e-06,25.074399948120117,0.25,0.0089371556524125,,,,,,,,,,,,,,,,,
PSO J080916.069-183852.265,-999,-999,-999,85621223169552919,974417000076892,453621560979290,0,10820146780892,8562,1,909,32,0.0972758867752514,974417,105617,3,1343750144,160,122.316955,-18.64785159,0.0010000000474974,0.0010000000474974,122.316955,-18.64785159,0.0010000000474974,0.0010000000474974,55967.76422454,-999.0,-0.5065367335282434,0.8007371600834098,-0.3197507436239878,129.82280572389337,-37.72560149183504,238.555463921818,7.764199449111896,-999,1,0,0,0,0,0,0,1155609000009277,1,0,16296,2523197387564924840,4401789,122.31695619,-18.64785269,0.3183889985084533,0.2963989973068237,55957.1729973,-999.0,0.5729140043258667,-999.0,0.0138330003246665,-999.0,-999.0,35651585,4,196608,7,5047.43994140625,2432.179931640625,1.2735600471496582,1.1856000423431396,1.371530055999756,1.2962499856948853,82.51239776611328,0.082958698272705,-999.0,0.9993910193443298,0.9993910193443298,1.5755499601364136,-999.0,-999.0,-999.0,-999.0,-999.0,-6.52551022994885e-07,3.7385498785624804e-07,-2.717059942369815e-06,3.7585401457818086e-08,0.8974570035934448,2.9999899864196777,-999.0,-999.0,-999.0,688.0,-999.0,-1.6876999353598876e-08,6.046349767530046e-07,25.016199111938477,0.25,16296,2523197415482212264,4401893,122.31695549,-18.64785012,0.2247509956359863,0.2125619947910308,56216.8584343,-999.0,0.4598349928855896,-999.0,0.0129260001704096,-999.0,-999.0,35651585,4,196608,9,5047.43994140625,2432.179931640625,0.8990089893341064,0.850255012512207,1.1901999711990356,1.1547199487686155,53.51559829711914,0.166152998805046,-999.0,0.9983540177345276,0.9983540177345276,1.5998899936676023,-999.0,-999.0,-999.0,-999.0,-999.0,-9.200350064020312e-07,4.230639945035364e-07,-3.7629399685101816e-06,4.86380002939768e-08,0.8812710046768188,2.7499799728393555,-999.0,-999.0,-999.0,560.0,-999.0,-3.7785401474366154e-08,7.86210989645042e-07,25.03350067138672,0.2499980032444,16296,2523197445546983336,4402005,122.31695564,-18.64785159,0.1690710037946701,0.1564520001411438,56025.6262093,23.519100189208984,0.3496609926223755,-999.0,0.0093580000102519,-999.0,-999.0,35651585,4,196608,15,5047.43994140625,2432.179931640625,0.676285982131958,0.625806987285614,1.1532700061798096,1.0783599615097046,-51.672698974609375,0.1556140035390854,-999.0,0.998503029346466,0.998503029346466,1.3173500299453735,-999.0,-999.0,-999.0,-999.0,-999.0,1.4202199736246255e-06,4.965970106241002e-07,-3.720080030689133e-06,3.4812398297390246e-08,0.8812710046768188,2.75,-999.0,-999.0,-999.0,1080.0,-999.0,-9.113740162547401e-08,8.64922014898184e-07,25.03420066833496,0.25,16296,2523197465948077992,4402081,122.31694706,-18.64784704,0.0578483007848262,0.0553883984684944,55873.6526962,21.665599822998047,0.1344670057296753,22.252300262451172,0.0103510003536939,-999.0,-999.0,35651585,0,196608,12,5047.56005859375,2432.219970703125,0.2313929945230484,0.2215529978275299,1.0604000091552734,1.0442099571228027,-3.823669910430908,0.3447569906711578,-0.0123768001794815,0.9985520243644714,0.9985520243644714,1.2209700345993042,0.0919566974043846,0.018190300092101,0.156259998679161,-999.0,0.5021679997444153,7.829999958630651e-06,1.052879952112562e-06,4.561039986583637e-06,4.721060165024937e-08,0.8786410093307495,2.7500100135803223,-999.0,-999.0,-999.0,780.0,-2.5012199878692627,-9.242319976010549e-08,1.6450200064355158e-06,25.040800094604492,0.2500010132789612,16296,2523197360721379240,4401689,122.316955,-18.64785239,0.221340999007225,0.1976660043001175,56004.0137962,22.44770050048828,0.6216059923171997,21.711599349975582,0.0092000002041459,-999.0,-999.0,35651585,4,196608,10,5047.43994140625,2432.179931640625,0.8853610157966614,0.7906619906425476,0.8481640219688416,0.7870429754257202,-22.7455997467041,0.8739510178565979,-999.0,0.9969329833984376,0.9969329833984376,1.2645399570465088,-999.0,-999.0,-999.0,-999.0,-999.0,3.810120006164652e-06,2.368389914408908e-06,7.50520985093317e-06,6.905050042860239e-08,0.8455110192298889,2.0,-999.0,-999.0,-999.0,640.0,-999.0,-4.7250701129541994e-08,4.12578992836643e-06,25.074399948120117,0.25,0.0077601179243273,,,,,,,,,,,,,,,,,
PSO J080915.683-183819.118,-999,-999,-999,85631223153593974,974417000048618,453621560950251,0,10820146782377,8563,1,909,32,0.109428548355986,974417,105617,3,436285440,52,122.31543919,-18.63857863,0.0010000000474974,0.0010000000474974,122.31534923,-18.63864393,0.1853500008583068,0.1853500008583068,55879.63672454,-999.0,-0.5065417547969897,0.8007947722202005,-0.3195984721990764,129.81782358667783,-37.71714183938043,238.546776995778,7.767806556628064,-999,2,1,0,0,0,0,1,1155609000002749,1,0,16354,2523197387564924898,4401789,122.3154111,-18.6385837,1.7961900234222412,1.6721299886703491,55957.1729973,-999.0,3.2320799827575684,-999.0,0.0161470007151365,-999.0,-999.0,35651585,4,196608,6,5067.85986328125,2565.7900390625,7.184760093688965,6.688539981842041,1.371760010719299,1.2927700281143188,83.74349975585938,0.0844874009490013,-999.0,0.9991390109062196,0.9991390109062196,1.5723799467086792,-999.0,-999.0,-999.0,-999.0,-999.0,-1.2479900135531352e-07,4.033599907415919e-07,-1.994199919863604e-06,3.219989963554326e-08,0.8974570035934448,2.9999899864196777,-999.0,-999.0,-999.0,688.0,-999.0,-1.6483699738500945e-08,6.150560238893377e-07,25.016199111938477,0.25,16354,2523197415482212322,4401893,122.31541034,-18.63858116,0.1468469947576522,0.1388829946517944,56216.8584343,23.117300033569336,0.3004449903964996,-999.0,0.05867899954319,-999.0,-999.0,35651585,4,196608,6,5067.85986328125,2565.7900390625,0.5873900055885315,0.5555350184440613,1.194219946861267,1.1581100225448608,56.84389877319336,0.1587740033864975,-999.0,0.9984869956970216,0.9984869956970216,1.4314299821853638,-999.0,-999.0,-999.0,-999.0,-999.0,2.0562299596349476e-06,6.177839964038867e-07,-1.8258499778767145e-07,1.0713799625250432e-08,0.8944240212440491,2.7499799728393555,-999.0,-999.0,-999.0,560.0,-999.0,-4.5222900979524645e-08,7.817570235602034e-07,25.03350067138672,0.2499980032444,16354,2523197445546983394,4402005,122.31541054,-18.63858255,0.1331409960985183,0.1232030019164085,56025.6262093,22.537200927734375,0.2753520011901855,-999.0,0.0110179996117949,-999.0,-999.0,35651585,4,196608,7,5067.85986328125,2565.7900390625,0.5325629711151123,0.4928120076656341,1.1540000438690186,1.0755000114440918,-51.7234001159668,0.1556300073862075,-999.0,0.9987210035324096,0.9987210035324096,1.3652100563049316,-999.0,-999.0,-999.0,-999.0,-999.0,3.508630015858216e-06,9.661080184741877e-07,-2.6836501092475373e-06,2.9567900128313344e-08,0.8944240212440491,2.75,-999.0,-999.0,-999.0,1080.0,-999.0,-9.511570198128538e-08,8.659400236865622e-07,25.03420066833496,0.25,16354,2523197465948078050,4402081,122.31542779,-18.63858225,0.0433539003133773,0.0415103994309902,55873.6526962,21.355199813842773,0.1007750034332275,21.62649917602539,0.0077590001747012,21.582199096679688,0.1661099940538406,35651585,0,196608,13,5067.6298828125,2565.77001953125,0.1734150052070617,0.1660410016775131,1.0600099563598633,1.0461299419403076,-8.645700454711914,0.340593010187149,-0.3694239854812622,0.999210000038147,0.999210000038147,1.2602800130844116,0.1877699941396713,0.0299056004732847,0.1296630054712295,0.7786960005760193,0.5124099850654602,1.042120038619032e-05,1.0502000122869504e-06,8.117070137814153e-06,6.298070331922645e-08,0.8891630172729492,2.7500100135803223,8.45499016577378e-06,1.404460022058629e-06,1.9467400312423704,780.0,-0.8975520133972168,-9.254019772697576e-08,1.640829964344448e-06,25.040800094604492,0.2500010132789612,16354,2523197360721379298,4401689,122.31545059,-18.6385761,0.0503960996866226,0.0450057014822959,56004.0137962,20.82799911499023,0.1415310055017471,20.783700942993164,0.0060009998269379,20.858699798583984,0.1837520003318786,35651585,0,196608,10,5067.31005859375,2565.889892578125,0.2015839964151382,0.1800220012664795,0.8487920165061951,0.7882260084152222,-23.41629981994629,0.8769530057907104,0.2123380005359649,0.9974979758262634,0.9974979758262634,1.369339942932129,0.0952681005001068,-0.0357966981828212,0.1339289993047714,0.6665070056915283,0.5081480145454407,1.6936199244810268e-05,2.3969998892425792e-06,1.764149965310935e-05,1.0586499854525756e-07,0.8504840135574341,2.0,1.646410055400338e-05,3.0253099794208538e-06,1.6662700176239014,640.0,1.2471599578857422,-5.8324499008222126e-08,4.126729891140712e-06,25.074399948120117,0.25,0.0154580726241479,,,,,,,,,,,,,,,,,
PSO J080916.054-183832.794,-999,-999,-999,85621223169119419,974417000048820,453621560950453,0,10820146785238,8562,1,909,32,0.886338503925445,974417,105617,3,503635968,60,122.31688981,-18.64242507,0.0010000000474974,0.0010000000474974,122.31689492,-18.64244286,0.0098700001835823,0.0061300001107156,55876.1571412,6.531199932098389,-0.5065520283132048,0.8007631967295309,-0.3196612979002631,129.82089801627347,-37.7204072010497,238.55081017384583,7.7670271060516285,-999,4,37,1,6,13,6,11,1155609000002799,1,1,16303,2523197387564924847,4401789,122.316838,-18.64242396,0.0019672398921102,0.0018313700566068,55957.1729973,17.712400436401367,0.0035399999469518,17.929899215698242,0.0015040000434964,-999.0,-999.0,35651585,4,196608,6,5048.66015625,2510.3798828125,0.0078689800575375,0.0073254997842013,1.3717800378799438,1.29407000541687,83.26370239257812,0.0838033035397529,-999.0,0.9996539950370787,0.9996539950370787,14.170499801635742,-999.0,-999.0,-999.0,-999.0,-999.0,0.0002985679893754,1.056900032381236e-06,0.0002443570119794,3.674329889236106e-07,0.8886150121688843,2.9999899864196777,-999.0,-999.0,-999.0,688.0,-999.0,-1.2780800417999671e-08,6.148799798211257e-07,25.016199111938477,0.25,16303,2523197415482212271,4401893,122.31692544,-18.64242507,0.0008856849744915,0.0008376539917662,56216.8584343,16.957199096679688,0.0018119999440386,16.913400650024414,0.0010440000332891,16.9424991607666,0.0022380000445991,102776839,128,196608,10,5047.4599609375,2510.320068359375,0.0035427599214017,0.0033506399486213,1.1921199560165403,1.1562199592590332,55.760501861572266,0.1623139977455139,0.0,0.999538004398346,0.999538004398346,10.84980010986328,0.2693150043487549,-0.003709030104801,0.1839630007743835,1.159369945526123,0.7316719889640808,0.0005985869793221,1.084689984054421e-06,0.0006232080049812,6.506160161734442e-07,0.8839020133018494,2.7499799728393555,0.0006067620124667,1.357699943582702e-06,2.898430109024048,560.0,17.984399795532227,-4.3714500463920565e-08,7.830020081200928e-07,25.03350067138672,0.2499980032444,16303,2523197445546983343,4402005,122.31687019,-18.64242436,0.0011052100453525,0.0010227099992334,56025.6262093,16.607500076293945,0.0022859999444335,16.659799575805664,0.0006689999718219,16.748899459838867,0.0026410000864416,35651585,0,196608,5,5048.2099609375,2510.360107421875,0.0044208201579749,0.0040908399969339,1.1537699699401855,1.0763399600982666,-51.722599029541016,0.1561439931392669,-7.329560321522877e-05,0.9987450242042542,0.9987450242042542,11.044899940490724,0.14478799700737,-0.0017114699585363,0.1422819942235946,1.013949990272522,0.7686370015144348,0.0008260200265794,1.888039946607023e-06,0.0007872040150687,5.26869996519963e-07,0.8891630172729492,2.75,0.0007251380011439,1.9152200820826693e-06,2.5348799228668213,1080.0,-3.965329885482788,-9.12575970346552e-08,8.65312017594988e-07,25.03420066833496,0.25,16303,2523197465948077999,4402081,122.31690621,-18.64243121,0.0009454760001972,0.0009052720270119,55873.6526962,16.63319969177246,0.00219799997285,16.543500900268555,0.0007469999836757,16.563600540161133,0.0034189999569207,102776839,128,196608,13,5047.72998046875,2510.22998046875,0.0037819000426679,0.0036210799589753,1.0605100393295288,1.0458199977874756,-6.273670196533203,0.3411140143871307,6.80615968719327e-30,0.998869001865387,0.998869001865387,5.509130001068115,0.2193109989166259,-0.0020877399947494,0.1696110069751739,1.3367799520492554,0.7328969836235046,0.0008067170274443,1.7729599903759663e-06,0.0008762310026213,6.54360974294832e-07,0.8891630172729492,2.7500100135803223,0.0008601520094089,2.940809963547508e-06,3.341949939727783,780.0,11.357500076293944,-9.181290039350642e-08,1.6405599581048591e-06,25.040800094604492,0.2500010132789612,16303,2523197360721379247,4401689,122.31688981,-18.64243498,0.0013542199740186,0.0012093699770048,56004.0137962,16.45400047302246,0.0038030000869184,16.424699783325195,0.0008060000254772,16.47909927368164,0.0067619998008012,102776839,128,196608,10,5047.93994140625,2510.2099609375,0.0054168598726391,0.0048374701291322,0.8485580086708069,0.7877449989318848,-23.184900283813477,0.8751149773597717,1.0594699596799815e-11,0.9969279766082764,0.9969279766082764,1.823009967803955,0.1185669973492622,-2.828049946401734e-05,0.1055179983377456,1.340880036354065,0.720579981803894,0.0009514960111118,3.6186800116411177e-06,0.0009774999925866,7.880310022301273e-07,0.8504840135574341,2.0,0.0009297290234826,6.286999905569246e-06,3.3522000312805176,640.0,6.798180103302002,-5.470059960543949e-08,4.125310169911245e-06,25.074399948120117,0.25,0.0123285886219808,,,,,,,,,,,,,,,,,
PSO J080916.206-183832.589,-999,-999,-999,85621223175229476,974417000048898,453621560950531,0,10820146785209,8562,1,909,32,0.836717360500914,974417,105617,3,436527104,52,122.3175251,-18.64238593,0.0010000000474974,0.0010000000474974,122.31750448,-18.64239368,0.0067500001750886,0.0054100002162158,55969.89915509,7.3709001541137695,-0.5065606941546887,0.8007580394435223,-0.3196604845833876,129.8215846001726,-37.720204555778494,238.5510780812454,7.767542422644357,-999,5,56,6,10,16,13,11,1155609000002816,1,1,16266,2523197387564924810,4401789,122.31751937,-18.64238593,0.0012741100508719,0.0011861099628731,55957.1729973,17.039899826049805,0.002292999997735,16.91990089416504,0.0009440000285394,16.974300384521484,0.0023419999051839,102776839,128,196608,6,5039.35986328125,2510.8798828125,0.0050964499823749,0.0047444598749279,1.3718500137329102,1.2938799858093262,83.2844009399414,0.0837768018245697,8.161890048096875e-15,0.9991769790649414,0.9991769790649414,59.09859848022461,0.2785080075263977,-0.0018929600482806,0.2332800030708313,1.2135599851608276,0.8147940039634705,0.0005546690081246,1.2716600394924171e-06,0.0006194760208018,5.850300226484251e-07,0.8996679782867432,2.9999899864196777,0.0005892129847779,1.3799799489788711e-06,3.033910036087036,688.0,7.765039920806885,-1.2053500419995087e-08,6.157520147098694e-07,25.016199111938477,0.25,16266,2523197415482212234,4401893,122.31752254,-18.64238499,0.0007280479767359,0.0006885650218464,56216.8584343,16.628799438476562,0.0014900000533089,16.646799087524414,0.0009229999850504,16.71269989013672,0.0017689999658614,102776839,128,196608,10,5039.31005859375,2510.860107421875,0.0029122100677341,0.0027542801108211,1.1918599605560305,1.155869960784912,55.9723014831543,0.1626009941101074,1.981890019326217e-15,0.9981150031089784,0.9981150031089784,10.798700332641602,0.2185090035200119,0.0008267650264315,0.1790719926357269,1.101680040359497,0.7574329972267151,0.0008099820115603,1.206519982588361e-06,0.0007967050187289,7.356259743573901e-07,0.8812710046768188,2.7499799728393555,0.0007497849874198,1.3267399481264874e-06,2.754199981689453,560.0,7.942470073699951,-4.364029848602513e-08,7.842410241210018e-07,25.03350067138672,0.2499980032444,16266,2523197445546983306,4402005,122.3175425,-18.64237778,0.0007003109785728,0.0006480379961431,56025.6262093,16.391599655151367,0.0014479999663308,16.398399353027344,0.000592999975197,16.486099243164062,0.001892999978736,102776839,128,196608,10,5039.0400390625,2510.97998046875,0.0028012399561703,0.0025921498890966,1.1538000106811523,1.07600998878479,-51.736698150634766,0.1565539985895156,9.47156957899209e-13,0.9977740049362184,0.9977740049362184,103.0500030517578,0.1973109990358352,-0.0087662497535347,0.1681399941444397,0.9659180045127868,0.7080339789390564,0.0010078100021928,1.4596399751098943e-06,0.0010014700237661,5.942620191490278e-07,0.8917940258979797,2.75,0.0009237820049747,1.749059947542264e-06,2.414789915084839,1080.0,7.137979984283447,-9.0515797523949e-08,8.651030043438368e-07,25.03420066833496,0.25,16266,2523197465948077962,4402081,122.3175251,-18.6423916,0.0008454489870928,0.0008094980148598,55873.6526962,16.43560028076172,0.0019650000613182,16.348100662231445,0.0006830000202171,16.366199493408203,0.0029029999859631,102776839,128,196608,13,5039.27978515625,2510.760009765625,0.0033817898947745,0.0032379899639636,1.0607500076293943,1.0461299419403076,-6.17372989654541,0.3401769995689392,1.2559700317129585e-17,0.9988660216331482,0.9988660216331482,5.5036301612854,0.2002130001783371,-0.0007261750288307,0.1667319983243942,1.3564900159835815,0.7551100254058838,0.0009677659836597,1.9018899592992968e-06,0.0010489400010555,7.15950989160774e-07,0.8891630172729492,2.7500100135803223,0.0010316600091755,2.995360091517796e-06,3.39123010635376,780.0,8.547670364379883,-9.080149965257078e-08,1.6421499822172336e-06,25.040800094604492,0.2500010132789612,16266,2523197360721379210,4401689,122.31753167,-18.64238816,0.0011867600260302,0.0010598299559205,56004.0137962,16.270599365234375,0.0033330000005662,16.27280044555664,0.0007520000217482,16.30820083618164,0.0061639999039471,102776839,128,196608,10,5039.18017578125,2510.840087890625,0.004747049883008,0.0042392998002469,0.8485820293426514,0.7877470254898071,-23.230300903320312,0.8746680021286011,1.7776499589672312e-05,0.9968969821929932,0.9968969821929932,1.7741600275039673,0.1116100028157234,-0.0027489399071782,0.1017730012536048,1.4045499563217163,0.7419120073318481,0.001126609975472,3.754840008696192e-06,0.0011242700275033,8.451219741800742e-07,0.8455110192298889,2.0,0.0010882799979299,6.707799911964685e-06,3.5113699436187744,640.0,4.291130065917969,-5.463099839175811e-08,4.126799922232749e-06,25.074399948120117,0.25,0.0126344879213029,,,,,,,,,,,,,,,,,
PSO J080916.062-183838.802,-999,-999,-999,85621223169197399,974417000076891,453621560979289,0,10820146787205,8562,1,909,32,0.501189717558389,974417,105617,3,1343750144,160,122.31692664,-18.6441119,0.0010000000474974,0.0010000000474974,122.31692664,-18.6441119,0.0010000000474974,0.0010000000474974,56030.0377662,-999.0,-0.5065474933021251,0.8007550465046611,-0.3196888995987372,129.8215018810153,-37.72200671450454,238.5522529482053,7.766165123052557,-999,1,0,0,0,0,0,0,1155609000009276,1,0,16298,2523197387564924842,4401789,122.31692099,-18.64411947,0.4674760103225708,0.4351890087127685,55957.1729973,-999.0,0.8411830067634583,-999.0,0.0135399997234344,-999.0,-999.0,35651585,4,196608,7,5047.64990234375,2485.949951171875,1.8699100017547607,1.7407599687576294,1.371709942817688,1.2947399616241455,83.0353012084961,0.0835371986031532,-999.0,0.9989629983901978,0.9989629983901978,7.932270050048828,-999.0,-999.0,-999.0,-999.0,-999.0,-4.447940114005178e-07,3.741529894796259e-07,-2.836110070347786e-06,3.8399999624516574e-08,0.8974570035934448,2.9999899864196777,-999.0,-999.0,-999.0,688.0,-999.0,-1.4011999560636925e-08,6.117360271673533e-07,25.016199111938477,0.25,16298,2523197415482212266,4401893,122.31692027,-18.64411691,0.1374489963054657,0.1299950033426284,56216.8584343,23.47050094604492,0.2812179923057556,23.899599075317383,0.0260569993406534,-999.0,-999.0,35651585,4,196608,10,5047.64990234375,2485.949951171875,0.5497999787330627,0.5199840068817139,1.1915199756622314,1.1557799577713013,55.06110000610352,0.1635030061006546,-999.0,0.9982920289039612,0.9982920289039612,8.094880104064941,-999.0,-999.0,-999.0,-999.0,-999.0,1.4853200127618038e-06,4.1769700942495547e-07,1.0004099522120669e-06,2.6067299430110324e-08,0.8865320086479187,2.7499799728393555,-999.0,-999.0,-999.0,560.0,-999.0,-4.186799884564607e-08,7.839719842195336e-07,25.03350067138672,0.2499980032444,16298,2523197445546983338,4402005,122.31693251,-18.64410695,0.0364436991512775,0.0337234996259212,56025.6262093,21.80870056152344,0.0753699988126754,21.464799880981445,0.0061180000193417,21.78260040283203,0.1011470034718513,35651585,0,196608,14,5047.47998046875,2486.1201171875,0.1457750052213668,0.134893998503685,1.1536200046539309,1.076949954032898,-51.70819854736328,0.1560010015964508,0.02567970007658,0.998320996761322,0.998320996761322,6.855639934539795,0.1819709986448288,-0.0062127998098731,0.2120659947395324,0.7921350002288818,0.7205139994621277,6.863349881314207e-06,5.17291027790634e-07,9.420349670108408e-06,5.7635901384855976e-08,0.876010000705719,2.75,7.02995021129027e-06,7.11058987690194e-07,1.9803400039672852,1080.0,2.231019973754883,-9.118080157577425e-08,8.651800271763932e-07,25.03420066833496,0.25,16298,2523197465948077994,4402081,122.31692077,-18.64411684,0.143326997756958,0.1372320055961609,55873.6526962,22.638399124145508,0.3331609964370727,21.34950065612793,0.0068299998529255,-999.0,-999.0,35651585,4,196608,10,5047.64990234375,2485.949951171875,0.5733060240745544,0.5489280223846436,1.0604699850082395,1.0453200340270996,-5.458230018615723,0.3422450125217438,-999.0,0.9984109997749328,0.9984109997749328,3.1784000396728516,-999.0,-999.0,-999.0,-999.0,-999.0,3.196159923390951e-06,1.0648400348145517e-06,1.0475599992787464e-05,7.15481007773633e-08,0.8865320086479187,2.7500100135803223,-999.0,-999.0,-999.0,780.0,-999.0,-9.199909811741237e-08,1.6419600115114008e-06,25.040800094604492,0.2500010132789612,16298,2523197360721379242,4401689,122.31691982,-18.64411914,0.0868299007415771,0.0775424987077713,56004.0137962,21.417499542236328,0.2438499927520752,20.88319969177246,0.0062819998711347,-999.0,-999.0,35651585,4,196608,11,5047.64990234375,2485.949951171875,0.3473190069198608,0.3101690113544464,0.8484349846839905,0.7875279784202576,-23.048599243164062,0.8747460246086121,-999.0,0.9976570010185242,0.9976570010185242,1.6618800163269043,-999.0,-999.0,-999.0,-999.0,-999.0,9.839949598244855e-06,2.399480081294314e-06,1.6096300896606408e-05,1.0112299975162389e-07,0.8455110192298889,2.0,-999.0,-999.0,-999.0,640.0,-999.0,-5.238850064870349e-08,4.125469786231406e-06,25.074399948120117,0.25,0.010826909518107,,,,,,,,,,,,,,,,,
PSO J080915.291-183837.739,-999,-999,-999,85621223136687700,974417000048389,453621560950022,0,10820146788076,8562,1,909,32,0.545317520895337,974417,105617,3,1375809536,164,122.31374195,-18.64379764,0.0010000000474974,0.0010000000474974,122.31371521,-18.64381665,0.0275299996137619,0.0275299996137619,57008.53454861,33.616600036621094,-0.5065034907743852,0.800784829496982,-0.3196840169305493,129.81769617535787,-37.72254036683589,238.55036769891444,7.763744966337425,-999,1,3,0,0,3,0,0,1155609000002691,1,0,16438,2523197387564924982,4401789,122.31374168,-18.64380052,0.3855000138282776,0.3588750064373016,55957.1729973,-999.0,0.6936740279197693,-999.0,0.0196749996393919,-999.0,-999.0,35651585,4,196608,10,5091.02001953125,2490.77001953125,1.5420000553131104,1.4355000257492063,1.3714499473571775,1.2954399585723877,82.99960327148438,0.083719901740551,-999.0,0.9988340139389038,0.9988340139389038,1.624959945678711,-999.0,-999.0,-999.0,-999.0,-999.0,-4.624450014034665e-07,3.207860004295071e-07,-1.3430800436253776e-06,2.6425299282095693e-08,0.904088020324707,2.9999899864196777,-999.0,-999.0,-999.0,688.0,-999.0,-1.685669914763821e-08,6.089289854571689e-07,25.016199111938477,0.25,16438,2523197415482212406,4401893,122.31374097,-18.64379794,0.3146170079708099,0.29755499958992,56216.8584343,-999.0,0.64369797706604,-999.0,0.0123680001124739,-999.0,-999.0,35651585,4,196608,10,5091.02001953125,2490.77001953125,1.258470058441162,1.1902300119400024,1.1931400299072266,1.157789945602417,54.121700286865234,0.1616269946098327,-999.0,0.9980220198631288,0.9980220198631288,1.5843499898910522,-999.0,-999.0,-999.0,-999.0,-999.0,-6.48485979581892e-07,4.1742899270502676e-07,-4.109630026505329e-06,5.0829200404223236e-08,0.8891630172729492,2.7499799728393555,-999.0,-999.0,-999.0,560.0,-999.0,-4.278849985439592e-08,7.769709782223799e-07,25.03350067138672,0.2499980032444,16438,2523197445546983478,4402005,122.3137421,-18.64380068,0.0233514998108148,0.0216084998100996,56025.6262093,21.32710075378418,0.0482940003275871,22.303199768066406,0.0090009998530149,22.113000869750977,0.1334079951047897,35653633,0,196608,16,5091.009765625,2490.75,0.0934061035513877,0.0864341035485267,1.1535799503326416,1.0783100128173828,-51.64699935913086,0.1541479974985122,-8.933020031291421e-32,0.9980760216712952,0.9980760216712952,1.4280500411987305,0.1075339987874031,-0.0425258018076419,0.0811702981591224,0.7921350002288818,0.2711980044841766,1.069490008376306e-05,5.16499994773767e-07,4.352209998614853e-06,3.9175500177179856e-08,0.8917940258979797,2.75,5.185650024941424e-06,6.918049848536612e-07,1.9803400039672852,1080.0,-11.73009967803955,-9.472240236618745e-08,8.660330195198185e-07,25.03420066833496,0.25,16438,2523197465948078134,4402081,122.31374146,-18.64379788,0.529075026512146,0.5065780282020569,55873.6526962,-999.0,1.229830026626587,-999.0,0.0227509997785091,-999.0,-999.0,35651585,4,196608,13,5091.02001953125,2490.77001953125,2.116300106048584,2.0263099670410156,1.059290051460266,1.043910026550293,-6.176270008087158,0.3467479944229126,-999.0,0.9980689883232116,0.9980689883232116,1.190410017967224,-999.0,-999.0,-999.0,-999.0,-999.0,-7.762960194668267e-07,9.54710003497894e-07,-8.661140213916951e-07,1.9705199250097394e-08,0.8891630172729492,2.7500100135803223,-999.0,-999.0,-999.0,780.0,-999.0,-9.684470114734722e-08,1.6341299442501622e-06,25.040800094604492,0.2500010132789612,16438,2523197360721379382,4401689,122.31374051,-18.64380018,1.4986900091171265,1.3383899927139282,56004.0137962,24.493000030517575,4.208859920501709,-999.0,0.0054440000094473,-999.0,-999.0,35651585,4,196608,9,5091.02001953125,2490.77001953125,5.994740009307861,5.353529930114746,0.8483660221099854,0.7876060009002686,-22.863800048828125,0.8770620226860046,-999.0,0.9962900280952454,0.9962900280952454,1.3675700426101685,-999.0,-999.0,-999.0,-999.0,-999.0,5.791770263385843e-07,2.437679995637154e-06,-1.7870999727165326e-05,9.729610184194827e-08,0.8504840135574341,2.0,-999.0,-999.0,-999.0,640.0,-999.0,-5.4507900415501354e-08,4.1163998503179755e-06,25.074399948120117,0.25,0.0100697926142736,,,,,,,,,,,,,,,,,
PSO J080915.018-183837.110,-999,-999,-999,85621223125767927,974417000076848,453621560979246,0,10820146788174,8562,1,909,32,0.145566336014835,974417,105617,3,404226048,48,122.31257648,-18.64364173,0.0010000000474974,0.0010000000474974,122.31257648,-18.64364173,0.0010000000474974,0.0010000000474974,56030.0377662,-999.0,-0.5064880970980749,0.800795720721341,-0.3196811242040404,129.81632284434937,-37.722661933358395,238.54963920023056,7.7629241392089,-999,2,0,0,0,0,0,0,1155609000009245,1,0,16487,2523197387564925031,4401789,122.31257742,-18.64367933,0.4068320095539093,0.3787339925765991,55957.1729973,-999.0,0.7320600152015686,-999.0,0.0144480001181364,-999.0,-999.0,35651585,4,196608,10,5106.89990234375,2492.60009765625,1.62732994556427,1.5149400234222412,1.3713500499725342,1.2956899404525757,82.98719787597656,0.0837896987795829,-999.0,0.9992889761924744,0.9992889761924744,1.6169699430465698,-999.0,-999.0,-999.0,-999.0,-999.0,-4.400490070111118e-07,3.221420001864317e-07,-2.4906701128202258e-06,3.598550080141649e-08,0.8974570035934448,2.9999899864196777,-999.0,-999.0,-999.0,688.0,-999.0,-1.7915400718493402e-08,6.07869992563792e-07,25.016199111938477,0.25,16487,2523197415482212455,4401893,122.31257671,-18.64367674,0.3170799911022186,0.2998839914798736,56216.8584343,24.36750030517578,0.6487370133399963,-999.0,0.0143079999834299,-999.0,-999.0,35651585,4,196608,10,5106.89990234375,2492.60009765625,1.2683299779891968,1.1995400190353394,1.1937400102615356,1.158519983291626,53.77539825439453,0.1609340012073516,-999.0,0.99862402677536,0.99862402677536,1.575350046157837,-999.0,-999.0,-999.0,-999.0,-999.0,6.501149982796051e-07,4.2175400949417963e-07,-3.0707699352205964e-06,4.3937500748825193e-08,0.8865320086479187,2.7499799728393555,-999.0,-999.0,-999.0,560.0,-999.0,-4.3137301730666884e-08,7.744170034129638e-07,25.03350067138672,0.2499980032444,16487,2523197445546983527,4402005,122.31255993,-18.64367486,0.0598061010241508,0.055341999977827,56025.6262093,22.402299880981445,0.1236860007047653,-999.0,0.0103439996019005,-999.0,-999.0,35651585,0,196608,18,5107.1298828125,2492.64990234375,0.2392240017652511,0.2213679999113083,1.1535600423812866,1.0788099765777588,-51.6234016418457,0.1534579992294311,-999.0,0.998212993144989,0.998212993144989,1.365039944648743,0.0429088994860649,-0.0288779009133577,0.0555359981954097,-999.0,1.4616800546646118,3.97278017771896e-06,4.913790121463535e-07,-3.0448400138993748e-06,3.149489913312209e-08,0.8839020133018494,2.75,-999.0,-999.0,-999.0,1080.0,-999.0,-9.603240158639893e-08,8.66373000008025e-07,25.03420066833496,0.25,16487,2523197465948078183,4402081,122.31253067,-18.64360859,0.063580997288227,0.060877401381731,55873.6526962,21.852500915527344,0.1477929949760437,-999.0,0.0148379998281598,-999.0,-999.0,35651585,0,196608,13,5107.52978515625,2493.580078125,0.2543239891529083,0.2435089945793151,1.058840036392212,1.0433800220489502,-6.4812397956848145,0.3484059870243072,-999.0,0.9996650218963624,0.9996650218963624,1.1935100555419922,0.0224245004355907,0.0075227199122309,0.0364012010395526,-999.0,2.053879976272583,6.591440069314558e-06,9.741700068843784e-07,-2.0363299881864805e-06,3.0214600599265395e-08,0.8786410093307495,2.7500100135803223,-999.0,-999.0,-999.0,780.0,-999.0,-9.873699724494145e-08,1.630950009712251e-06,25.040800094604492,0.2500010132789612,16487,2523197360721379431,4401689,122.31257625,-18.64367898,0.3605549931526184,0.3219900131225586,56004.0137962,22.947900772094727,1.012570023536682,-999.0,0.00592300016433,-999.0,-999.0,35651585,4,196608,9,5106.89990234375,2492.60009765625,1.4422199726104736,1.2879600524902344,0.8483399748802185,0.7876319885253906,-22.79700088500977,0.8779129981994629,-999.0,0.996940016746521,0.996940016746521,1.3482099771499634,-999.0,-999.0,-999.0,-999.0,-999.0,2.4034800389927113e-06,2.4336900423804764e-06,-1.5099200027179904e-05,8.943280249695817e-08,0.8355630040168762,2.0,-999.0,-999.0,-999.0,640.0,-999.0,-5.5162900025607093e-08,4.113289833185263e-06,25.074399948120117,0.25,0.0100501604580189,,,,,,,,,,,,,,,,,
PSO J080915.453-183854.802,-999,-999,-999,85621223144032084,974417000048491,453621560950124,0,10820146788551,8562,1,909,32,0.254063727570757,974417,105617,3,436285440,52,122.31446951,-18.64855706,0.0010000000474974,0.0010000000474974,122.3143882,-18.64855638,0.226510003209114,0.226510003209114,56656.54607639,-999.0,-0.5064987581063081,0.8007565275386587,-0.3197623987291142,129.82008363600144,-37.72693418767528,238.5547612550966,7.761764941632882,-999,2,1,0,1,0,0,0,1155609000002720,1,0,16406,2523197387564924950,4401789,122.31447019,-18.64855706,1.1606199741363523,1.0804599523544312,55957.1729973,25.80739974975586,2.08843994140625,-999.0,0.0207410007715225,-999.0,-999.0,35651585,4,196608,8,5081.419921875,2422.2099609375,4.642499923706055,4.321859836578369,1.371440052986145,1.297320008277893,82.33290100097656,0.0829067975282669,-999.0,0.9993900060653688,0.9993900060653688,1.6807399988174438,-999.0,-999.0,-999.0,-999.0,-999.0,1.7259399953672985e-07,3.6045199180989584e-07,-1.2085799880878767e-06,2.5067299347369953e-08,0.8974570035934448,2.9999899864196777,-999.0,-999.0,-999.0,688.0,-999.0,-1.9403600504119826e-08,6.014540190335538e-07,25.016199111938477,0.25,16406,2523197415482212374,4401893,122.31446951,-18.64855446,0.1271300017833709,0.1202360019087791,56216.8584343,23.267499923706055,0.2601050138473511,-999.0,0.0243490003049373,-999.0,-999.0,35651585,4,196608,8,5081.419921875,2422.2099609375,0.5085240006446838,0.4809460043907165,1.1911900043487549,1.156059980392456,52.34220123291016,0.1654250025749206,-999.0,0.9983450174331664,0.9983450174331664,1.471809983253479,-999.0,-999.0,-999.0,-999.0,-999.0,1.7906399989442434e-06,4.657549936837313e-07,-1.0603899909256145e-06,2.5819300475404816e-08,0.8839020133018494,2.7499799728393555,-999.0,-999.0,-999.0,560.0,-999.0,-3.7314901391027895e-08,7.810410238562326e-07,25.03350067138672,0.2499980032444,16406,2523197445546983446,4402005,122.31447587,-18.64857734,0.0681212022900581,0.0630365014076232,56025.6262093,22.534900665283203,0.1408829987049102,-999.0,0.0204390008002519,-999.0,-999.0,35651585,0,196608,16,5081.330078125,2421.89990234375,0.2724849879741668,0.2521460056304931,1.153290033340454,1.079859972000122,-51.62379837036133,0.1541659981012344,-999.0,0.9981489777565002,0.9981489777565002,1.2998199462890625,-0.0329535007476806,0.0029613499063998,0.1274850070476532,-999.0,2.683490037918091,3.5158700484316796e-06,4.95327014959912e-07,-7.798340107001422e-07,1.5938899977641086e-08,0.8865320086479187,2.75,-999.0,-999.0,-999.0,1080.0,-999.0,-9.39351991746662e-08,8.650549716548994e-07,25.03420066833496,0.25,16406,2523197465948078102,4402081,122.31443642,-18.64858671,0.0737612023949623,0.0706247016787529,55873.6526962,21.922100067138672,0.1714569926261901,22.497100830078125,0.0115860002115368,22.25320053100586,0.3183839917182922,35651585,0,196608,13,5081.8798828125,2421.75,0.2950440049171448,0.2824980020523071,1.0595699548721311,1.0429500341415403,-3.8947598934173584,0.3491230010986328,-0.2405810058116912,0.9983869791030884,0.9983869791030884,1.192989945411682,0.1631589978933334,0.0135527001693844,0.0734231024980545,0.7786960005760193,0.7216439843177795,6.182230208651163e-06,1.0599900406305096e-06,3.6405199352884665e-06,4.2178299963779864e-08,0.8891630172729492,2.7500100135803223,4.557420197670581e-06,1.4510100072584464e-06,1.9467400312423704,780.0,-1.1735399961471558,-9.559479963172637e-08,1.6416599919466537e-06,25.040800094604492,0.2500010132789612,16406,2523197360721379350,4401689,122.314469,-18.64855675,0.1222089976072311,0.1091369986534118,56004.0137962,21.91950035095215,0.3432070016860962,-999.0,0.0382529981434345,-999.0,-999.0,35651585,4,196608,13,5081.419921875,2422.2099609375,0.4888339936733246,0.4365479946136474,0.8480560183525085,0.7870270013809204,-22.50909996032715,0.8755289912223816,-999.0,0.997510015964508,0.997510015964508,1.4014300107955933,-999.0,-999.0,-999.0,-999.0,-999.0,6.197190032253275e-06,2.1269199805828976e-06,-3.619969959345326e-07,1.3847600399685689e-08,0.8504840135574341,2.0,-999.0,-999.0,-999.0,640.0,-999.0,-5.0335401624579397e-08,4.114269813726423e-06,25.074399948120117,0.25,0.0057920791336515,,,,,,,,,,,,,,,,,
PSO J080915.441-183851.429,-999,-999,-999,85621223143203164,974417000048480,453621560950113,0,10820146789351,8562,1,909,32,0.0275773359719453,974417,105617,3,436285440,52,122.31434017,-18.64761939,0.0010000000474974,0.0010000000474974,122.31431223,-18.64767361,0.1335799992084503,0.1335799992084503,55594.36987269,0.2050999999046325,-0.5065003299122229,0.8007613626804901,-0.3197478003628699,129.81969592475352,-37.72610326889606,238.55396806782989,7.762173346101455,-999,1,2,2,0,0,0,0,1155609000002715,1,0,16415,2523197387564924959,4401789,122.31434017,-18.64761939,0.0801303014159202,0.0745960026979446,55957.1729973,22.831100463867188,0.1441880017518997,22.97610092163086,0.0153590003028512,23.288299560546875,0.294867992401123,35651585,0,196608,7,5083.1201171875,2435.719970703125,0.3205220103263855,0.2983849942684173,1.3714499473571775,1.2969599962234497,82.46710205078125,0.0830646008253097,-0.0132889999076724,0.9990019798278807,0.9990019798278807,1.6462500095367432,0.2393359988927841,-0.0860949978232383,0.1490850001573562,0.902525007724762,0.8521720170974731,2.6765098937175935e-06,3.859200035094546e-07,2.341959998375387e-06,3.597120112885932e-08,0.8952469825744629,2.9999899864196777,1.7565899952387554e-06,5.179609843253274e-07,2.256309986114502,688.0,-2.4759299755096436,-1.8870599305387262e-08,6.029760015735519e-07,25.016199111938477,0.25,16415,2523197415482212383,4401893,122.31432454,-18.6476538,0.1059459969401359,0.1001999974250793,56216.8584343,-999.0,0.2167620062828064,-999.0,0.0105370003730058,-999.0,-999.0,35651585,4,196608,8,5083.330078125,2435.18994140625,0.423785001039505,0.4008029997348785,1.1915600299835205,1.1563999652862549,52.677101135253906,0.1647049933671951,-999.0,0.9985359907150269,0.9985359907150269,1.5085599422454834,-999.0,-999.0,-999.0,-999.0,-999.0,-2.0372399376356043e-06,4.415960006554087e-07,-5.662710009346483e-06,5.966560223669148e-08,0.8917940258979797,2.7499799728393555,-999.0,-999.0,-999.0,560.0,-999.0,-3.8345799424632794e-08,7.802440222803853e-07,25.03350067138672,0.2499980032444,16415,2523197445546983455,4402005,122.31432468,-18.64765528,0.094718299806118,0.0876483991742134,56025.6262093,-999.0,0.1958889961242675,-999.0,0.0067610000260174,-999.0,-999.0,35651585,4,196608,16,5083.330078125,2435.18994140625,0.3788729906082153,0.350594013929367,1.1533600091934204,1.0795700550079346,-51.62860107421875,0.1541620045900344,-999.0,0.998753011226654,0.998753011226654,1.3494700193405151,-999.0,-999.0,-999.0,-999.0,-999.0,-2.4696701075299643e-06,4.837820029024442e-07,-7.127339813450817e-06,4.8186098666747064e-08,0.8917940258979797,2.75,-999.0,-999.0,-999.0,1080.0,-999.0,-9.41001019327814e-08,8.652240239825915e-07,25.03420066833496,0.25,16415,2523197465948078111,4402081,122.314325,-18.64765379,0.8258960247039795,0.7907770276069641,55873.6526962,-999.0,1.9197800159454343,-999.0,0.0099670002236962,-999.0,-999.0,35651585,4,196608,13,5083.330078125,2435.18994140625,3.3035800457000732,3.163100004196167,1.0595200061798096,1.0431599617004397,-4.304749965667725,0.3486289978027344,-999.0,0.99864000082016,0.99864000082016,1.156149983406067,-999.0,-999.0,-999.0,-999.0,-999.0,-5.428760232462082e-07,1.042199983203318e-06,-4.512499799602665e-06,4.4978200719469896e-08,0.8917940258979797,2.7500100135803223,-999.0,-999.0,-999.0,780.0,-999.0,-9.577490089895947e-08,1.6403199651904288e-06,25.040800094604492,0.2500010132789612,16415,2523197360721379359,4401689,122.31432404,-18.64765608,0.2397159934043884,0.2140759974718094,56004.0137962,-999.0,0.6732109785079956,-999.0,0.01184600032866,-999.0,-999.0,35651585,4,196608,12,5083.330078125,2435.18994140625,0.9588630199432372,0.85630202293396,0.8481150269508362,0.7871389985084534,-22.575000762939453,0.8758220076560974,-999.0,0.997573971748352,0.997573971748352,1.3929400444030762,-999.0,-999.0,-999.0,-999.0,-999.0,-3.2204000035562785e-06,2.1680100417142967e-06,-3.774820015678415e-06,4.47166002004451e-08,0.8504840135574341,2.0,-999.0,-999.0,-999.0,640.0,-999.0,-5.12541014074941e-08,4.114449893677374e-06,25.074399948120117,0.25,0.0065557098087038,,,,,,,,,,,,,,,,,
PSO J080915.183-183844.927,-999,-999,-999,85621223132775345,974417000048337,453621560949970,0,10820146789586,8562,1,909,32,0.215502765230371,974417,105617,3,1375809536,164,122.31346386,-18.64582336,0.0010000000474974,0.0010000000474974,122.31326464,-18.64581317,0.0553399994969368,0.0553399994969368,55587.37195602,-999.0,-0.5064912384518567,0.8007793975424992,-0.3197170340206733,129.8178548465936,-37.72457816083471,238.55184518191044,7.762321860884212,-999,1,1,0,1,0,0,0,1155609000002681,1,0,16451,2523197387564924995,4401789,122.31349928,-18.64582978,0.3287869989871979,0.3060790002346039,55957.1729973,-999.0,0.5916240215301514,-999.0,0.0168120004236698,-999.0,-999.0,35651585,4,196608,10,5094.47021484375,2461.56005859375,1.315150022506714,1.2243200540542605,1.3714200258255005,1.296419978141785,82.70320129394531,0.0833884999155998,-999.0,0.9996529817581176,0.9996529817581176,1.524549961090088,-999.0,-999.0,-999.0,-999.0,-999.0,-5.594860112978495e-07,3.310059923933295e-07,-1.8395199958831656e-06,3.092590006303908e-08,0.8753520250320435,2.9999899864196777,-999.0,-999.0,-999.0,688.0,-999.0,-1.840979990674896e-08,6.052820253898972e-07,25.016199111938477,0.25,16451,2523197415482212419,4401893,122.31346386,-18.64582336,0.0764956027269363,0.0723470970988273,56216.8584343,22.668500900268555,0.1565079987049102,-999.0,0.0250989999622106,-999.0,-999.0,35651585,0,196608,9,5094.9501953125,2461.6201171875,0.3059839904308319,0.2893899977207184,1.1925899982452393,1.157420039176941,53.16059875488281,0.1629499942064285,-999.0,0.9982879757881165,0.9982879757881165,1.708840012550354,0.1813129931688308,0.0393433012068271,0.0079746795818209,-999.0,0.9406099915504456,3.108830014753039e-06,4.865569849243911e-07,-9.979249853131478e-07,2.5047299345715146e-08,0.8865320086479187,2.7499799728393555,-999.0,-999.0,-999.0,560.0,-999.0,-4.0538299828085655e-08,7.774029882057221e-07,25.03350067138672,0.2499980032444,16451,2523197445546983491,4402005,122.31349873,-18.64582865,0.32184699177742,0.2978239953517914,56025.6262093,-999.0,0.6656200289726257,-999.0,0.0094550000503659,-999.0,-999.0,35651585,4,196608,15,5094.47021484375,2461.56005859375,1.2873899936676023,1.1913000345230105,1.1534700393676758,1.0792399644851685,-51.62730026245117,0.1538430005311966,-999.0,0.9996200203895568,0.9996200203895568,1.2945300340652466,-999.0,-999.0,-999.0,-999.0,-999.0,-7.501329832848569e-07,4.993040079170896e-07,-3.64410993825004e-06,3.44550983299996e-08,0.8786410093307495,2.75,-999.0,-999.0,-999.0,1080.0,-999.0,-9.50120977449842e-08,8.656870136292127e-07,25.03420066833496,0.25,16451,2523197465948078147,4402081,122.31349906,-18.64582715,0.4839699864387512,0.4633899927139282,55873.6526962,-999.0,1.1249799728393557,-999.0,0.0098069999366998,-999.0,-999.0,35651585,4,196608,13,5094.47021484375,2461.56005859375,1.935870051383972,1.853559970855713,1.0592199563980105,1.043280005455017,-5.247409820556641,0.3485719859600067,-999.0,0.9996039867401124,0.9996039867401124,1.121790051460266,-999.0,-999.0,-999.0,-999.0,-999.0,-8.472309787066479e-07,9.531179898658592e-07,-4.661450020648772e-06,4.57145006294013e-08,0.8786410093307495,2.7500100135803223,-999.0,-999.0,-999.0,780.0,-999.0,-9.701960124175457e-08,1.63635002081719e-06,25.040800094604492,0.2500010132789612,16451,2523197360721379395,4401689,122.3134981,-18.64582945,1.173550009727478,1.0480300188064575,56004.0137962,-999.0,3.2957699298858643,-999.0,0.0085800001397728,-999.0,-999.0,35651585,4,196608,11,5094.47021484375,2461.56005859375,4.694210052490234,4.192110061645508,0.8482199907302856,0.7873740196228027,-22.673200607299805,0.8767939805984497,-999.0,0.9989029765129088,0.9989029765129088,1.410920023918152,-999.0,-999.0,-999.0,-999.0,-999.0,-6.7591901142805e-07,2.22766993829282e-06,-7.194989848358091e-06,6.173559796707195e-08,0.8206430077552795,2.0,-999.0,-999.0,-999.0,640.0,-999.0,-5.346669951222793e-08,4.113189788768068e-06,25.074399948120117,0.25,0.008028234650947,,,,,,,,,,,,,,,,,
PSO J080918.069-183856.771,-999,-999,-999,85621223253481377,974417000049912,453621560951545,0,10820146799184,8562,1,909,32,0.330656418884784,974417,105617,3,436363264,52,122.32527582,-18.64912212,0.0010000000474974,0.0010000000474974,122.32528986,-18.64910325,3908.18994140625,0.2252400070428848,56530.22903935,2.1730000972747803,-0.5066494767489942,0.8006575625150162,-0.3197714422794557,129.8328479852645,-37.72468358820459,238.56077194370636,7.770222153712935,-999,3,4,0,0,4,0,0,1155609000003075,1,0,15913,2523197387564924457,4401789,122.32527582,-18.64912212,0.1886810064315796,0.1756500005722046,55957.1729973,23.883499145507812,0.3395160138607025,-999.0,0.0376509986817836,-999.0,-999.0,35651585,4,196608,9,4933.97998046875,2413.31005859375,0.754725992679596,0.7026000022888184,1.3716000318527222,1.2940499782562256,82.58460235595703,0.0825918987393379,-999.0,0.998878002166748,0.998878002166748,1.6912000179290771,-999.0,-999.0,-999.0,-999.0,-999.0,1.0152999720958178e-06,3.447100027642591e-07,-3.667649934868678e-07,1.380900016556552e-08,0.8974570035934448,2.9999899864196777,-999.0,-999.0,-999.0,688.0,-999.0,-1.1869500049499493e-08,6.075130158933462e-07,25.016199111938477,0.25,15913,2523197415482211881,4401893,122.32526449,-18.64916346,0.0570060983300209,0.0539145991206169,56216.8584343,22.479999542236328,0.1166329979896545,24.27669906616211,0.0309989992529153,-999.0,-999.0,35651585,0,196608,8,4934.1298828125,2412.679931640625,0.2280260026454925,0.2156600058078766,1.1857199668884275,1.1490800380706787,55.801300048828125,0.1711400002241134,-7.279039709828794e-05,0.9979640245437622,0.9979640245437622,1.5338300466537476,0.1271719932556152,0.0035819299519062,0.147365003824234,-999.0,-0.0138141000643372,3.6982200981583446e-06,4.313349961648783e-07,7.068330205584061e-07,2.1911199965529704e-08,0.8839020133018494,2.7499799728393555,-999.0,-999.0,-999.0,560.0,-3.96697998046875,-3.538150039616994e-08,8.050930091485498e-07,25.03350067138672,0.2499980032444,15913,2523197445546982953,4402005,122.32528801,-18.64912167,0.034425601363182,0.0318560004234313,56025.6262093,21.943599700927734,0.0711959972977638,22.072200775146484,0.0080930003896355,22.0132999420166,0.1041150018572807,35651585,0,196608,21,4933.81005859375,2413.300048828125,0.137702003121376,0.1274240016937255,1.1527700424194336,1.074679970741272,-51.78839874267578,0.1600420027971267,0.5403820276260376,0.9988390207290648,0.9988390207290648,1.528339982032776,0.1827030032873153,-0.030045099556446,0.1748909950256347,0.7921350002288818,0.6622530221939087,6.060980012989603e-06,4.315189983117307e-07,5.38436006536358e-06,4.3573898267368356e-08,0.8917940258979797,2.75,5.684149982698727e-06,5.918050192121882e-07,1.9803400039672852,1080.0,0.6122360229492188,-8.228970216350717e-08,8.637890118734504e-07,25.03420066833496,0.25,15913,2523197465948077609,4402081,122.32530339,-18.64915112,0.0567889995872974,0.054374199360609,55873.6526962,21.873699188232425,0.1320050060749054,22.20680046081543,0.0101359998807311,21.87420082092285,0.1785719990730285,35651585,0,196608,14,4933.60986328125,2412.85009765625,0.2271549999713897,0.2174959927797317,1.0630700588226318,1.0471800565719604,-2.035209894180298,0.3327470123767853,0.3488709926605224,0.9986979961395264,0.9986979961395264,1.2846699953079224,0.2201569974422454,-0.0183038990944623,0.1308709979057312,0.7786960005760193,0.4892140030860901,6.46443004370667e-06,8.533380082553776e-07,4.756319867738057e-06,4.821070120897276e-08,0.8839020133018494,2.7500100135803223,6.461490102083189e-06,1.153840003098594e-06,1.9467400312423704,780.0,0.9367820024490356,-8.322790279180482e-08,1.657279995015415e-06,25.040800094604492,0.2500010132789612,15913,2523197360721378857,4401689,122.32527463,-18.64912188,0.0929177030920982,0.0829790979623794,56004.0137962,21.721200942993164,0.2609469890594482,22.109699249267575,0.0110510000959038,-999.0,-999.0,35651585,4,196608,12,4933.97998046875,2413.31005859375,0.3716700077056885,0.3319160044193268,0.8482609987258911,0.7865930199623108,-23.243200302124023,0.8679360151290894,-999.0,0.9971240162849426,0.9971240162849426,1.317829966545105,-999.0,-999.0,-999.0,-999.0,-999.0,7.438799912051763e-06,1.941129994520452e-06,5.20150979355094e-06,5.74843994627372e-08,0.8455110192298889,2.0,-999.0,-999.0,-999.0,640.0,-999.0,-3.3288298340039546e-08,4.162399818596896e-06,25.074399948120117,0.25,0.0138257853420078,,,,,,,,,,,,,,,,,
PSO J080918.609-183852.722,-999,-999,-999,85621223275752793,974417000050182,453621560951815,0,10820146802574,8562,1,909,32,0.261844095086534,974417,105617,3,436527104,52,122.32753859,-18.64797853,0.0010000000474974,0.0010000000474974,122.32753149,-18.64798687,0.0193900000303983,0.024940000846982,56231.05013889,0.9830999970436096,-0.5066841329107057,0.800643004563773,-0.3197529807517364,129.83505474784087,-37.7230371612001,238.56095764450484,7.772614551939303,-999,5,37,0,1,19,14,3,1155609000003134,1,1,15808,2523197387564924352,4401789,122.32751826,-18.64800404,0.1048109978437423,0.0975717008113861,55957.1729973,23.28190040588379,0.1885980069637298,-999.0,0.0150549998506903,-999.0,-999.0,35651585,0,196608,10,4903.2998046875,2429.25,0.4192430078983307,0.3902879953384399,1.371840000152588,1.2929999828338623,82.79650115966797,0.0826722010970115,-999.0,0.9993929862976074,0.9993929862976074,1.6638000011444092,-0.1453810036182403,0.002661450067535,-0.1007750034332275,-999.0,1.1136599779129028,1.767029971233569e-06,3.332569917802175e-07,-2.294060095664463e-06,3.4536000725893246e-08,0.8974570035934448,2.9999899864196777,-999.0,-999.0,-999.0,688.0,-999.0,-1.3557300171385124e-08,6.067720050850767e-07,25.016199111938477,0.25,15808,2523197415482211776,4401893,122.32753913,-18.64799403,0.0510331988334655,0.0482655987143516,56216.8584343,22.334999084472656,0.1044130027294159,-999.0,0.0182959996163845,-999.0,-999.0,35651585,0,196608,7,4903.0,2429.360107421875,0.204134002327919,0.1930630058050155,1.185089945793152,1.1479699611663818,56.99259948730469,0.1714970022439956,-999.0,0.9976680278778076,0.9976680278778076,1.4264999628067017,0.0698487013578414,-0.014109999872744,0.0532456003129482,-999.0,1.806980013847351,4.2265301090083085e-06,4.413030012528907e-07,-1.878099965324509e-06,3.4361399059434916e-08,0.8917940258979797,2.7499799728393555,-999.0,-999.0,-999.0,560.0,-999.0,-3.558260175395844e-08,8.027030276025471e-07,25.03350067138672,0.2499980032444,15808,2523197445546982848,4402005,122.32753859,-18.64797389,0.0117982998490333,0.0109176002442836,56025.6262093,20.756099700927734,0.0243999995291233,21.308300018310547,0.0056929998099803,21.20989990234375,0.0479019992053508,35651585,0,196608,22,4903.009765625,2429.669921875,0.0471930988132953,0.0436705984175205,1.1529200077056885,1.073199987411499,-51.839698791503906,0.1614950001239776,-5.424799866620898e-19,0.9980509877204896,0.9980509877204896,1.5041199922561646,0.1193429976701736,-0.0157839003950357,0.128612995147705,0.7921350002288818,0.6247249841690063,1.8095699488185343e-05,4.41541999407491e-07,1.0881800335482694e-05,6.194559887262585e-08,0.8917940258979797,2.75,1.1913700291188434e-05,5.706929755433521e-07,1.9803400039672852,1080.0,-8.903220176696777,-8.549989871653453e-08,8.572860110689362e-07,25.03420066833496,0.25,15808,2523197465948077504,4402081,122.32754612,-18.64797853,0.0143545996397733,0.0137441996484994,55873.6526962,20.204299926757812,0.0333670005202293,20.625600814819336,0.0048940000124275,20.48760032653809,0.0544589981436729,35651585,0,196608,10,4902.91015625,2429.580078125,0.0574183017015457,0.0549767017364501,1.0639300346374512,1.0485899448394775,-2.0430400371551514,0.3286159932613373,-0.0031625300180166,0.9987000226974488,0.9987000226974488,1.2686699628829956,0.1431600004434585,0.0002686090010683,0.1246450021862983,0.7786960005760193,0.6135799884796143,3.008050043717958e-05,1.0037000492957304e-06,2.0406700059538707e-05,9.986069926526397e-08,0.8839020133018494,2.7500100135803223,2.3172300643636845e-05,1.261950046682614e-06,1.9467400312423704,780.0,-2.951479911804199,-8.441259780056498e-08,1.6510899740751483e-06,25.040800094604492,0.2500010132789612,15808,2523197360721378752,4401689,122.32753221,-18.64795805,0.0201389994472265,0.0179849006235599,56004.0137962,19.92959976196289,0.0565580017864704,20.188600540161133,0.0045619998127222,20.338199615478516,0.1035410016775131,35651585,0,196608,9,4903.08984375,2429.909912109375,0.0805557966232299,0.0719394981861114,0.8484150171279907,0.7867119908332825,-23.486000061035156,0.866578996181488,-0.0026188199408352,0.9970200061798096,0.9970200061798096,1.316980004310608,0.1008749976754188,-0.0057279700413346,0.0808814018964767,0.6665070056915283,0.7332000136375427,3.873950117849745e-05,2.1910200302954763e-06,3.051900057471357e-05,1.3924200459314306e-07,0.8604310154914856,2.0,2.659050005604513e-05,2.7532100830285344e-06,1.6662700176239014,640.0,-3.0092599391937256,-5.7859701030338335e-08,4.127949978283141e-06,25.074399948120117,0.25,0.0162074590470129,,,,,,,,,,,,,,,,,
PSO J080918.201-183849.167,-999,-999,-999,85621223258293911,974417000049970,453621560951603,0,10820146808349,8562,1,909,32,0.276507027704741,974417,105617,3,436527104,52,122.32583991,-18.64699106,0.0010000000474974,0.0010000000474974,122.32583068,-18.64700049,0.0133300004526972,0.0149699999019503,56236.09918981,0.7781000137329102,-0.5066633093015908,0.8006626964900927,-0.3197366689273757,129.83275707243814,-37.72252048618523,238.5592496409787,7.771774295614729,-999,5,44,8,8,18,8,2,1155609000003088,1,1,15881,2523197387564924425,4401789,122.3258466,-18.6470007,0.0239489004015922,0.0222948007285594,55957.1729973,21.52680015563965,0.0430940017104148,21.6427001953125,0.0083119999617338,21.64299964904785,0.0623300001025199,35651585,0,196608,8,4926.0400390625,2443.820068359375,0.0957956984639167,0.0891795009374618,1.3719500303268433,1.293220043182373,82.88140106201172,0.0828330963850021,-0.7449830174446106,0.9988409876823424,0.9988409876823424,1.6111500263214111,0.1911180019378662,0.0020890699233859,0.230345994234085,0.902525007724762,0.7925469875335693,8.897400221030694e-06,3.834240089872765e-07,7.996960448508617e-06,6.64703989627924e-08,0.9018779993057252,2.9999899864196777,7.99432018538937e-06,4.982859991287114e-07,2.256309986114502,688.0,-0.3252620100975036,-1.0378900405783044e-08,6.117650173109723e-07,25.016199111938477,0.25,15881,2523197415482211849,4401893,122.32583716,-18.64699661,0.0166174992918968,0.0157162994146347,56216.8584343,20.9468994140625,0.0339989997446537,21.288000106811523,0.0078269997611641,21.151500701904297,0.0508490018546581,35651585,0,196608,6,4926.16015625,2443.85009765625,0.0664704963564872,0.0628658011555671,1.186269998550415,1.1493699550628662,56.83150100708008,0.1700010001659393,-0.0764202997088432,0.998515009880066,0.998515009880066,1.472350001335144,0.1656180024147033,0.0032635000534355,0.1585759967565536,0.815667986869812,0.6394389867782593,1.5178899957390968e-05,5.160670184523042e-07,1.1087099665019196e-05,8.677940144252717e-08,0.8970549702644348,2.7499799728393555,1.2572199921123683e-05,6.392800173671276e-07,2.039170026779175,560.0,-1.7718499898910522,-3.7190101664918984e-08,8.031560128074489e-07,25.03350067138672,0.2499980032444,15881,2523197445546982921,4402005,122.32583688,-18.64698455,0.0105106998234987,0.0097261602059006,56025.6262093,20.60770034790039,0.0217369999736547,21.002700805664062,0.004945000167936,20.89189910888672,0.0374369993805885,35651585,0,196608,22,4926.16015625,2444.0400390625,0.0420427992939949,0.0389045998454093,1.1531800031661987,1.0737199783325195,-51.8291015625,0.1607249975204467,-3.741899945453042e-06,0.9979850053787231,0.9979850053787231,1.5059800148010254,0.1512780040502548,-0.0015495599946007,0.1361960023641586,0.7921350002288818,0.6600959897041321,2.0745399524457753e-05,4.509529958340863e-07,1.4418300452234687e-05,7.13045977818183e-08,0.8944240212440491,2.75,1.59681003424339e-05,5.977909722787444e-07,1.9803400039672852,1080.0,-4.625229835510254,-8.317110200550816e-08,8.616909781267168e-07,25.03420066833496,0.25,15881,2523197465948077577,4402081,122.32583991,-18.64698279,0.0172848999500274,0.0165499001741409,55873.6526962,20.474599838256836,0.0401789993047714,20.932600021362305,0.00563699984923,20.83489990234375,0.0741669982671737,35651585,0,196608,12,4926.1298828125,2444.050048828125,0.0691395998001098,0.0661996006965637,1.0634700059890747,1.04830002784729,-2.6774399280548096,0.3306460082530975,-4.6367800678126514e-05,0.9978650212287904,0.9978650212287904,1.2196799516677856,0.1218350008130073,0.0005777640035375,0.1311489939689636,0.7786960005760193,0.5381969809532166,2.3451499146176505e-05,9.422479934073636e-07,1.5379699107143097e-05,8.66925020659437e-08,0.8944240212440491,2.7500100135803223,1.6827900253701955e-05,1.2480800251069013e-06,1.9467400312423704,780.0,-4.0732197761535645,-8.21324022126646e-08,1.6568400269534322e-06,25.040800094604492,0.2500010132789612,15881,2523197360721378825,4401689,122.3258419,-18.64699106,0.0268593002110719,0.0239863991737365,56004.0137962,20.311199188232425,0.0754309967160224,20.645599365234375,0.005630999803543,20.92009925842285,0.166029006242752,35651585,0,196608,10,4926.08984375,2443.9599609375,0.1074369996786117,0.0959454029798507,0.8484539985656738,0.7869250178337097,-23.43589973449707,0.8679270148277283,-1.3817000308335992e-06,0.997052013874054,0.997052013874054,1.3957799673080444,0.0785098001360893,0.0200306996703147,0.089460901916027,0.6665070056915283,0.398824006319046,2.7259400667389855e-05,2.056199946309789e-06,2.0034400222357363e-05,1.1281699840992589e-07,0.8703789710998535,2.0,1.5558100130874664e-05,2.5831000129983295e-06,1.6662700176239014,640.0,-4.827630043029785,-4.5257998237957515e-08,4.147760137129808e-06,25.074399948120117,0.25,0.0151147249427508,,,,,,,,,,,,,,,,,
PSO J080917.429-183841.405,-999,-999,-999,85621223226176543,974417000049556,453621560951189,0,10820146809564,8562,1,909,32,0.861196599771452,974417,105617,3,436527104,52,122.32262276,-18.64483482,0.0010000000474974,0.0010000000474974,122.32261212,-18.64484304,0.0043700002133846,0.0056699998676776,56155.12686343,1.2458000183105469,-0.5066247687230822,0.8007013302409532,-0.3197009907189083,129.82831019171638,-37.7212625348071,238.5557688852554,7.770338796006741,-999,5,57,8,8,22,13,6,1155609000002988,1,1,16024,2523197387564924568,4401789,122.32261087,-18.64484321,0.0064491499215364,0.0068789501674473,55957.1729973,19.65970039367676,0.0103339999914169,19.60540008544922,0.0032530000898987,19.673799514770508,0.0126419998705387,102760453,128,196608,7,4970.0498046875,2475.1298828125,0.0257967002689838,0.0275158006697893,1.3720799684524536,1.293470025062561,83.07939910888672,0.083211101591587,0.1049550026655197,0.9986600279808044,0.9986600279808044,1.5713800191879272,0.2198899984359741,-0.0027798500377684,0.2341299951076507,1.0214200019836426,0.8642470240592957,4.96713983011432e-05,5.132880005476181e-07,5.2220500947441906e-05,1.698579978892667e-07,0.9018779993057252,2.9999899864196777,4.903350054519251e-05,6.198969799697807e-07,2.5535500049591064,688.0,1.6212899684906006,-9.26803966905254e-09,6.160310022096382e-07,25.016199111938477,0.25,16024,2523197415482211992,4401893,122.32262276,-18.64483482,0.0042334399186074,0.0042711901478469,56216.8584343,19.020200729370117,0.0073480000719428,19.061100006103516,0.0028069999534636,19.167600631713867,0.0094290003180503,102760453,128,196608,8,4969.8701171875,2475.2099609375,0.016933899372816,0.0170849002897739,1.18858003616333,1.1520400047302246,56.642601013183594,0.166936993598938,-0.151201993227005,0.9983339905738832,0.9983339905738832,1.5272300243377686,0.165476992726326,0.0013274999801069,0.1680829972028732,0.9012410044670104,0.7906389832496643,8.952280040830374e-05,6.577769795512722e-07,8.621450251666829e-05,2.419899942651682e-07,0.8944240212440491,2.7499799728393555,7.81541020842269e-05,7.369350214503356e-07,2.2530999183654785,560.0,-1.4352999925613403,-4.0134800372015895e-08,7.967419719534519e-07,25.03350067138672,0.2499980032444,16024,2523197445546983064,4402005,122.32262434,-18.64482996,0.0029181600548326,0.0029910700395703,56025.6262093,18.850099563598633,0.0053360001184046,18.849899291992188,0.0018350000027567,18.962400436401367,0.0069070002064108,102760453,128,196608,19,4969.85009765625,2475.300048828125,0.01167260017246,0.0119642997160553,1.153589963912964,1.0745400190353394,-51.80559921264648,0.1592389941215515,0.8337739706039429,0.9981449842453004,0.9981449842453004,1.4227999448776243,0.1631910055875778,-0.0057967999018728,0.1636909991502761,0.7921350002288818,0.7824490070343018,0.0001047070036293,5.586970246440615e-07,0.00010472300346,1.9216800239973966e-07,0.8812710046768188,2.75,9.441700240131468e-05,6.521530053760216e-07,1.9803400039672852,1080.0,0.209864005446434,-8.483600311137708e-08,8.638839972263668e-07,25.03420066833496,0.25,16024,2523197465948077720,4402081,122.32262182,-18.64483722,0.0053594899363815,0.0052410801872611,55873.6526962,18.714500427246097,0.0095779998227953,18.78219985961914,0.0020940001122653,18.892900466918945,0.0143919996917247,102760453,128,196608,10,4969.89013671875,2475.179931640625,0.0214379001408815,0.0209643002599477,1.0625300407409668,1.0477299690246582,-4.086170196533203,0.334194004535675,-0.1644439995288849,0.9983729720115662,0.9983729720115662,1.1979600191116333,0.1454450041055679,-0.0014336600434035,0.1402059942483902,0.8311290144920349,0.7581949830055237,0.0001186259978567,1.1361499900885974e-06,0.0001114620026783,2.333840001256249e-07,0.8970549702644348,2.7500100135803223,0.0001006559978122,1.448659986635903e-06,2.077820062637329,780.0,-1.39028000831604,-8.37268032682914e-08,1.655080041018664e-06,25.040800094604492,0.2500010132789612,16024,2523197360721378968,4401689,122.32262816,-18.64483025,0.0099239898845553,0.0096871498972177,56004.0137962,18.629499435424805,0.0210200008004903,18.652700424194336,0.0022489998955279,18.83289909362793,0.034155998378992,102760453,128,196608,6,4969.7900390625,2475.31005859375,0.0396958999335765,0.038748599588871,0.8485450148582458,0.7873389720916748,-23.374399185180664,0.8705779910087585,-0.7576950192451477,0.9979199767112732,0.9979199767112732,1.2563899755477903,0.1091760024428367,0.0012313700281083,0.094142198562622,0.7779769897460938,0.7232549786567688,0.0001282930024899,2.696679985092487e-06,0.0001255840033991,2.82456994682434e-07,0.8504840135574341,2.0,0.000106373001472,3.633299911598442e-06,1.9449399709701536,640.0,-0.3085089921951294,-4.6981099899312546e-08,4.144089871260803e-06,25.074399948120117,0.25,0.0137298585935201,,,,,,,,,,,,,,,,,
PSO J080915.159-183954.609,-999,-999,-999,85601223131632139,974417000076858,453621560979256,0,10820146844026,8560,1,909,32,0.460741125476305,974417,105617,3,404226048,48,122.31316417,-18.66516925,0.0010000000474974,0.0010000000474974,122.31316417,-18.66516925,0.0010000000474974,0.0010000000474974,56015.46481481,-999.0,-0.5064320694395341,0.8006889572464059,-0.3200371115774765,129.82431916736203,-37.74324713094559,238.56833873404145,7.751949511717186,-999,2,0,0,0,0,0,0,1155609000009252,1,0,16467,2523197387564925011,4401789,122.31316472,-18.66516945,0.0038518700748682,0.0035858401097357,55957.1729973,19.241300582885746,0.0069309999234974,17.750499725341797,0.0013839999446645,-999.0,-999.0,35651585,4,196608,12,5100.419921875,2183.02001953125,0.0154074998572468,0.014343399554491,1.3716599941253662,1.3050299882888794,79.53410339355469,0.0801099017262458,-999.0,0.9988160133361816,0.9988160133361816,123.49199676513672,-999.0,-999.0,-999.0,-999.0,-999.0,7.30264000594616e-05,5.061539809503302e-07,0.0002882730041164,3.990870141024061e-07,0.8974570035934448,2.9999899864196777,-999.0,-999.0,-999.0,688.0,-999.0,-3.094499945177631e-08,5.733140255870239e-07,25.016199111938477,0.25,16467,2523197415482212435,4401893,122.31316417,-18.66516676,0.0020534300711005,0.0019420699682086,56216.8584343,18.368999481201172,0.0042010000906884,16.951200485229492,0.0010620000539347,-999.0,-999.0,35651585,4,196608,12,5100.419921875,2183.02001953125,0.008213760331273,0.0077683199197053,1.1870700120925903,1.1516599655151367,44.70069885253906,0.1768569946289062,-999.0,0.9974259734153748,0.9974259734153748,303.697998046875,-999.0,-999.0,-999.0,-999.0,-999.0,0.0001630790065973,6.851379907857336e-07,0.000601915991865,6.394050160452025e-07,0.8812710046768188,2.7499799728393555,-999.0,-999.0,-999.0,560.0,-999.0,-1.8517699373887808e-08,7.863769724281156e-07,25.03350067138672,0.2499980032444,16467,2523197445546983507,4402005,122.31315503,-18.66517339,0.0018425800371915,0.0017050500027835,56025.6262093,18.155099868774418,0.0038109999150037,16.836999893188477,0.0007259999983943,16.1299991607666,0.0024709999561309,35667969,0,196608,18,5100.5400390625,2182.949951171875,0.0073703401722013,0.0068202000111341,1.1526000499725342,1.0872199535369873,-51.46760177612305,0.1521849930286407,0.0,0.9985560178756714,0.9985560178756714,231.9680023193359,0.3945749998092651,0.0274301990866661,0.2128120064735412,3.2092199325561523,1.1892800331115725,0.0001985849958145,7.567450097667461e-07,0.0006686659762635,4.855839961237507e-07,0.8839020133018494,2.75,0.0012823300203308,3.1682400276622502e-06,8.023039817810059,1080.0,59.18159866333008,-9.562020153452977e-08,8.61489979797625e-07,25.03420066833496,0.25,16467,2523197465948078163,4402081,122.31326364,-18.66516613,0.0023345700465142,0.0022352999076247,55873.6526962,17.920499801635742,0.0054270001128315,16.52440071105957,0.0007399999885819,15.819000244140623,0.0038189999759197,35667969,0,196608,13,5099.06005859375,2183.030029296875,0.0093382596969604,0.0089411698281764,1.0596799850463867,1.037999987602234,1.348230004310608,0.3629559874534607,0.0,0.9976209998130798,0.9976209998130798,102.8249969482422,0.367931991815567,-0.0372034981846809,0.2010100036859512,3.3362200260162354,1.1828999519348145,0.0002464890130795,1.3376200058701215e-06,0.0008917389786802,6.601259769922763e-07,0.8917940258979797,2.7500100135803223,0.0017075800569728,6.5217900555580854e-06,8.340559959411621,780.0,45.338401794433594,-9.503160214308083e-08,1.6636799955449533e-06,25.040800094604492,0.2500010132789612,16467,2523197360721379411,4401689,122.31316347,-18.66516925,0.0041201501153409,0.0036794499028474,56004.0137962,17.93950080871582,0.0115710003301501,16.9330997467041,0.0010189999593421,-999.0,-999.0,35651585,4,196608,12,5100.419921875,2183.02001953125,0.0164806004613637,0.0147177996113896,0.8469470143318176,0.7851060032844543,-20.997900009155273,0.8728079795837402,-999.0,0.9953269958496094,0.9953269958496094,28.90180015563965,-999.0,-999.0,-999.0,-999.0,-999.0,0.0002422050019958,2.8025299343426013e-06,0.0006120069883763,6.235380283214909e-07,0.830590009689331,2.0,-999.0,-999.0,-999.0,640.0,-999.0,-4.465350045279593e-08,4.084639840584714e-06,25.074399948120117,0.25,0.01163656210478,,,,,,,,,,,,,,,,,
PSO J080915.161-183953.350,-999,-999,-999,85601223131582546,974417000048323,453621560949956,0,10820146844462,8560,1,909,32,0.198227905852932,974417,105617,3,528801792,63,122.31317305,-18.6648196,0.0010000000474974,0.0010000000474974,122.31314941,-18.66483256,0.00395999988541,0.0043600001372396,56015.44715278,2.89709997177124,-0.5064328684592374,0.8006906771056292,-0.3200315442894301,129.8241876462188,-37.742926601288346,238.5680434507147,7.752116693819534,-999,5,75,12,12,21,17,13,1155609000002676,1,1,16463,2523197387564925007,4401789,122.31315614,-18.66482829,0.0017064299900084,0.0015885699540376,55957.1729973,18.206499099731445,0.0030710001010447,17.425899505615234,0.0011919999960809,15.59980010986328,0.0020850000437349,35667973,128,196608,12,5100.509765625,2187.93994140625,0.0068257199600338,0.006354299839586,1.371649980545044,1.3048900365829468,79.59590148925781,0.0801677033305168,0.0,0.999068021774292,0.999068021774292,9.205300331115724,0.398717999458313,0.0009216420003212,0.4011609852313995,8.431050300598145,1.2332299947738647,0.0001894059969345,5.815850272483658e-07,0.0003887279890477,4.634349863863463e-07,0.8974570035934448,2.9999899864196777,0.0020896499045193,4.355899818619946e-06,21.077600479125977,688.0,38.03189849853515,-3.0732199007843526e-08,5.738739901062218e-07,25.016199111938477,0.25,16463,2523197415482212431,4401893,122.31317381,-18.66482164,0.0010175900533795,0.0009623999940231,56216.8584343,17.45199966430664,0.0020820000208914,16.62849998474121,0.0009159999899566,14.671199798583984,0.0015780000248923,35667973,128,196608,12,5100.259765625,2187.989990234375,0.0040703699924051,0.0038496300112456,1.187150001525879,1.151769995689392,44.85020065307617,0.176609992980957,0.0,0.998178005218506,0.998178005218506,20.21500015258789,0.3346529901027679,0.0016243200516328,0.3346390128135681,9.547599792480469,1.1801199913024902,0.0003795050142798,7.901130061327422e-07,0.000810181023553,7.418209975185164e-07,0.8917940258979797,2.7499799728393555,0.0049149701371788,7.756039849482477e-06,23.868999481201172,560.0,48.72930145263672,-1.8912599486498042e-08,7.86230998528481e-07,25.03350067138672,0.2499980032444,16463,2523197445546983503,4402005,122.3131954,-18.6647993,0.0010413799900561,0.0009636509930714,56025.6262093,17.394100189208984,0.0021540001034736,16.547199249267578,0.0006350000039674,16.45840072631836,0.0047300001606345,35667973,128,196608,19,5099.97021484375,2188.340087890625,0.0041655302047729,0.0038546100258827,1.1526000499725342,1.087049961090088,-51.471099853515625,0.1522299945354461,0.0,0.9981859922409058,0.9981859922409058,16.880199432373047,0.3209640085697174,-0.0014799199998378,0.3202129900455475,4.898049831390381,1.1627600193023682,0.0004002669884357,8.62058016082301e-07,0.000873222015798,5.549100023927167e-07,0.8917940258979797,2.75,0.0009476660052314,4.4826902012573555e-06,12.245100021362305,1080.0,55.26580047607422,-9.556740110383545e-08,8.615959927738004e-07,25.03420066833496,0.25,16463,2523197465948078159,4402081,122.31317305,-18.66481105,0.0012507600476965,0.0011975700035691,55873.6526962,17.144100189208984,0.002907000016421,16.24920082092285,0.0006520000169984,15.98040008544922,0.005557999946177,35667973,128,196608,15,5100.27001953125,2188.14990234375,0.0050030299462378,0.0047902897931635,1.05964994430542,1.0380799770355225,1.255020022392273,0.3628529906272888,0.0,0.9979569911956788,0.9979569911956788,9.142860412597656,0.3019709885120392,-0.0004961179802194,0.3025389909744262,4.388710021972656,1.152400016784668,0.0005039119860157,1.4650599950982723e-06,0.0011489699827507,7.493100042665901e-07,0.8865320086479187,2.7500100135803223,0.0014717200538143,8.180199984053615e-06,10.971799850463867,780.0,40.48509979248047,-9.509290066489484e-08,1.6632600363664096e-06,25.040800094604492,0.2500010132789612,16463,2523197360721379407,4401689,122.31317242,-18.6648196,0.0019271499477326,0.001721019973047,56004.0137962,17.00349998474121,0.0054120002314448,16.270599365234375,0.0007510000141337,15.543399810791016,0.0056489999406039,35667973,128,196608,12,5100.27001953125,2188.06005859375,0.0077085997909307,0.0068840798921883,0.8469690084457397,0.7851470112800598,-21.02829933166504,0.8728790283203125,0.0,0.995826005935669,0.995826005935669,3.549299955368042,0.2059440016746521,-0.000210355996387,0.2043589949607849,2.4654200077056885,1.0485700368881226,0.0005735689774155,3.1042400223668665e-06,0.0011265800567343,8.459899731860787e-07,0.8405370116233826,2.0,0.0022012100089341,1.2434499694791157e-05,6.163549900054932,640.0,50.05649948120117,-4.476279968912422e-08,4.085240107087884e-06,25.074399948120117,0.25,0.0112768419479749,,,,,,,,,,,,,,,,,
PSO J080915.142-183950.985,-999,-999,-999,85601223130923347,974417000076856,453621560979254,0,10820146844605,8560,1,909,32,0.513445007161652,974417,105617,3,404226048,48,122.31309281,-18.66416274,0.0010000000474974,0.0010000000474974,122.31309281,-18.66416274,0.0010000000474974,0.0010000000474974,56015.46481481,-999.0,-0.5064340773784389,0.8006943392963602,-0.3200204685463327,129.8238945684535,-37.74229586906272,238.56744215855724,7.752427435856983,-999,2,0,0,0,0,0,0,1155609000009250,1,0,16470,2523197387564925014,4401789,122.31306085,-18.66417775,0.0033599000889807,0.0031278498936444,55957.1729973,19.218700408935547,0.0060459999367594,17.97410011291504,0.0015350000467151,16.022899627685547,0.0019490000559017,35667969,0,196608,11,5101.759765625,2197.320068359375,0.0134396003559231,0.0125113995745778,1.371649980545044,1.3046499490737915,79.70870208740234,0.0802749022841453,0.0,0.9995129704475404,0.9995129704475404,132.65899658203125,0.4737589955329895,0.0052901599556207,0.4501579999923706,5.097859859466553,1.309340000152588,7.456580351572484e-05,4.508140136749717e-07,0.0002346169931115,3.60034988489133e-07,0.8974570035934448,2.9999899864196777,0.0014152500079944,2.758310074568726e-06,12.744600296020508,688.0,52.77130126953125,-3.0344001089588346e-08,5.749690217271564e-07,25.016199111938477,0.25,16470,2523197415482212438,4401893,122.31308414,-18.6641856,0.0019904100336134,0.0018824699800461,56216.8584343,18.493799209594727,0.0040719998069107,17.1466007232666,0.0011620000004768,15.19629955291748,0.00129799998831,35667969,0,196608,10,5101.43994140625,2197.159912109375,0.0079616904258728,0.0075299199670553,1.1873699426651,1.1520500183105469,45.08319854736328,0.1761109977960586,0.0,0.9983599781990052,0.9983599781990052,326.3550109863281,0.3924730122089386,0.0023713200353085,0.4020519852638244,4.694260120391846,1.264930009841919,0.0001453699951525,5.919940235799004e-07,0.0005027439910918,5.843609756084334e-07,0.8812710046768188,2.7499799728393555,0.0030302999075502,3.9328801904048305e-06,11.735699653625488,560.0,69.56510162353516,-1.963210038979923e-08,7.856850174903229e-07,25.03350067138672,0.2499980032444,16470,2523197445546983510,4402005,122.31309353,-18.66416189,0.0037789000198245,0.0034968398977071,56025.6262093,19.117700576782227,0.0078149996697902,17.63159942626953,0.0010470000561326,-999.0,-999.0,35651585,4,196608,18,5101.31005859375,2197.530029296875,0.015115600079298,0.0139873996376991,1.152649998664856,1.0868500471115112,-51.476200103759766,0.1522350013256073,-999.0,0.9996269941329956,0.9996269941329956,255.72799682617188,-999.0,-999.0,-999.0,-999.0,-999.0,8.183390309568495e-05,6.395520131263766e-07,0.0003216319892089,3.367750025518035e-07,0.8865320086479187,2.75,-999.0,-999.0,-999.0,1080.0,-999.0,-9.56815000563438e-08,8.616830200480763e-07,25.03420066833496,0.25,16470,2523197465948078166,4402081,122.31309376,-18.66416048,0.0045897997915744,0.0043946299701929,55873.6526962,18.75819969177246,0.0106690004467964,17.247400283813477,0.0010329999495297,-999.0,-999.0,35651585,4,196608,13,5101.31005859375,2197.530029296875,0.0183591991662979,0.0175784993916749,1.0596100091934204,1.0382399559020996,1.0852099657058716,0.3625150024890899,-999.0,0.9996110200881958,0.9996110200881958,113.60099792480467,-999.0,-999.0,-999.0,-999.0,-999.0,0.0001139489977504,1.2157099718024256e-06,0.0004581910034175,4.731849969630275e-07,0.8865320086479187,2.7500100135803223,-999.0,-999.0,-999.0,780.0,-999.0,-9.519629884380265e-08,1.662389990997326e-06,25.040800094604492,0.2500010132789612,16470,2523197360721379414,4401689,122.31309281,-18.66416274,0.0091030895709991,0.0081294104456901,56004.0137962,18.86720085144043,0.0255650002509355,17.371400833129883,0.0012469999492168,-999.0,-999.0,35651585,4,196608,11,5101.31005859375,2197.530029296875,0.0364122986793518,0.0325176008045673,0.8470100164413452,0.7852330207824707,-21.076499938964844,0.8730739951133728,-999.0,0.9989449977874756,0.9989449977874756,32.06700134277344,-999.0,-999.0,-999.0,-999.0,-999.0,0.000103067002783,2.634880047480692e-06,0.0004087270062882,5.095679966871103e-07,0.8455110192298889,2.0,-999.0,-999.0,-999.0,640.0,-999.0,-4.5476198806682084e-08,4.085350155946799e-06,25.074399948120117,0.25,0.0106304005351519,,,,,,,,,,,,,,,,,
PSO J080915.637-184002.919,-999,-999,-999,85591223151599372,974417000048597,453621560950230,0,10820146846515,8559,1,909,32,0.983218183725344,974417,105617,3,444915712,53,122.3151567,-18.66747763,0.0010000000474974,0.0010000000474974,122.31514631,-18.66748268,0.006630000192672,0.0089999996125698,56170.95980324,1.6277999877929688,-0.5064528605962383,0.8006605154066604,-0.3200753646606191,129.82739319943437,-37.74497038277378,238.5713238140476,7.752309794525725,-999,5,61,10,10,23,13,5,1155609000002740,1,1,16376,2523197387564924920,4401789,122.31514709,-18.66748098,0.0049600498750805,0.0046174800954759,55957.1729973,19.59860038757324,0.008925000205636,19.003400802612305,0.002464999910444,16.983699798583984,0.0034980000928044,35667973,128,196608,9,5073.52978515625,2149.590087890625,0.0198401995003223,0.018470000475645,1.371269941329956,1.304960012435913,79.22760009765625,0.0798197984695434,0.0,0.9996970295906068,0.9996970295906068,9.436610221862791,0.2756510078907013,0.0037586200051009,0.2878389954566955,3.724930047988891,1.1167800426483154,5.254799907561392e-05,4.690010086960683e-07,9.091530228033662e-05,2.241220045107184e-07,0.8797730207443237,2.9999899864196777,0.0005841180100105,2.0431000393728027e-06,9.3123197555542,688.0,23.620800018310547,-3.2204301447791295e-08,5.683600079464668e-07,25.016199111938477,0.25,16376,2523197415482212344,4401893,122.31515274,-18.66747226,0.0032717899885028,0.0030943499878048,56216.8584343,19.09910011291504,0.0066940002143383,18.398399353027344,0.002068999921903,15.44219970703125,0.0017409999854862,35667973,128,196608,10,5073.4501953125,2149.679931640625,0.0130872000008821,0.012377499602735,1.1852999925613403,1.149580001831055,44.537498474121094,0.179299995303154,0.0,0.9995949864387512,0.9995949864387512,20.381799697875977,0.2378319948911667,0.0031189699657261,0.2400529980659485,5.305920124053955,1.0994000434875488,8.324690134031698e-05,5.572550207944005e-07,0.0001587260048836,3.28346004607738e-07,0.8865320086479187,2.7499799728393555,0.0024161899928003,4.2069000301125925e-06,13.264800071716309,560.0,35.056800842285156,-1.6117200019039046e-08,7.92772027580213e-07,25.03350067138672,0.2499980032444,16376,2523197445546983416,4402005,122.3151567,-18.66748043,0.0023330899421125,0.0021589500829577,56025.6262093,18.875499725341797,0.0048250001855194,18.912500381469727,0.001888999948278,18.99220085144043,0.0088929999619722,35651585,0,196608,21,5073.39013671875,2149.580078125,0.0093323700129985,0.0086357900872826,1.1519500017166138,1.0869200229644775,-51.45140075683594,0.1528140008449554,-3.772059997686483e-09,0.9996240139007568,0.9996240139007568,12.100199699401855,0.1760800033807754,-0.0061681899242103,0.1751970052719116,1.0636199712753296,0.8457520008087158,0.0001022840006044,4.935340029987856e-07,9.885639883577824e-05,1.86707993066193e-07,0.8839020133018494,2.75,9.185590170091018e-05,8.168730118995882e-07,2.659060001373291,1080.0,-5.893889904022217,-9.322879890305559e-08,8.623050007372512e-07,25.03420066833496,0.25,16376,2523197465948078072,4402081,122.31517372,-18.66747763,0.00407454976812,0.0039012900087982,55873.6526962,18.72719955444336,0.0094710001721978,18.780000686645508,0.0020920000970363,18.831199645996097,0.0190650001168251,35651585,0,196608,11,5073.16015625,2149.60009765625,0.0162981990724802,0.0156051004305481,1.0600299835205078,1.037700057029724,1.9683400392532349,0.3613039851188659,-3.0336599365909933e-07,0.9985439777374268,0.9985439777374268,5.331560134887695,0.1722570061683654,0.00574182998389,0.1577779948711395,1.105329990386963,0.8201029896736145,0.0001172560005215,1.110549987970444e-06,0.000111683999421,2.336160065397053e-07,0.8839020133018494,2.7500100135803223,0.0001065449978341,2.0312299966462888e-06,2.763319969177246,780.0,-5.121339797973633,-9.472179840486207e-08,1.664030037318298e-06,25.040800094604492,0.2500010132789612,16376,2523197360721379320,4401689,122.31516162,-18.66747667,0.0072081401012837,0.0064371498301625,56004.0137962,18.746000289916992,0.0202430002391338,18.977100372314453,0.0026120000984519,19.054100036621097,0.0407099984586238,35651585,0,196608,10,5073.31005859375,2149.64990234375,0.0288325008004903,0.0257485006004571,0.8467919826507568,0.7846230268478394,-20.994699478149418,0.8710330128669739,-1.0754700081883063e-13,0.9978640079498292,0.9978640079498292,2.158169984817505,0.1150420010089874,-0.0009310949826613,0.0963265001773834,0.8550419807434082,0.7352259755134583,0.0001152390032075,2.332800022486481e-06,9.31409012991935e-05,2.4325100866917637e-07,0.8405370116233826,2.0,8.676959987496957e-05,3.5323801057529636e-06,2.1375999450683594,640.0,-7.431290149688721,-3.165699880014472e-08,4.104840172658442e-06,25.074399948120117,0.25,0.0142389802285335,,,,,,,,,,,,,,,,,
PSO J080914.948-184011.171,-999,-999,-999,85591223122556607,974417000048220,453621560949853,0,10820146852487,8559,1,909,32,0.291171234372231,974417,105617,3,444915712,53,122.31230329,-18.66973821,0.0010000000474974,0.0010000000474974,122.31228547,-18.66976985,0.0315200015902519,0.0370699986815452,56214.78190972,2.2532999515533447,-0.5064060519968477,0.800675003082056,-0.3201131830158135,129.82486964301677,-37.74790213498225,238.57182426204196,7.7487982305004435,-999,4,19,0,2,8,6,3,1155609000002650,1,1,16509,2523197387564925053,4401789,122.31230709,-18.66973783,0.0289082992821931,0.0269117001444101,55957.1729973,21.89109992980957,0.0520180016756057,20.57539939880371,0.0050849998369812,-999.0,-999.0,35651585,4,196608,10,5112.4501953125,2117.280029296875,0.1156330034136772,0.1076470017433166,1.3720200061798096,1.3074500560760498,78.61740112304688,0.0792777016758918,-999.0,0.9996110200881958,0.9996110200881958,3.9178099632263184,-999.0,-999.0,-999.0,-999.0,-999.0,6.36138020126964e-06,3.309060048195534e-07,2.137139927071985e-05,1.086630021518431e-07,0.8952469825744629,2.9999899864196777,-999.0,-999.0,-999.0,688.0,-999.0,-3.3549799383081336e-08,5.686350164069154e-07,25.016199111938477,0.25,16509,2523197415482212477,4401893,122.31229987,-18.66974568,0.0172684993594884,0.0163320004940032,56216.8584343,20.975099563598633,0.0353309996426105,19.91679954528809,0.0041629998013377,18.291900634765625,0.0122689995914697,35667969,0,196608,6,5112.5400390625,2117.1298828125,0.0690746009349823,0.0653285980224609,1.1864700317382812,1.150589942932129,42.445899963378906,0.1798669993877411,0.0,0.998507022857666,0.9506829977035522,6.039559841156006,0.2927179932594299,-0.0111862998455762,0.2837159931659698,2.3999500274658203,1.089419960975647,1.4789799934078474e-05,5.225389827501203e-07,3.919910159311257e-05,1.6317200390858488e-07,0.8812710046768188,2.7499799728393555,0.0001750749943312,2.1479900169651955e-06,5.9998698234558105,560.0,35.79750061035156,-1.5609399994787054e-08,7.856879733481037e-07,25.03350067138672,0.2499980032444,16509,2523197445546983549,4402005,122.31230951,-18.66973665,0.0078987395390868,0.007309160195291,56025.6262093,20.241500854492188,0.0163359995931386,19.92140007019043,0.0030060000717639,19.237300872802734,0.0188590008765459,35667969,0,196608,17,5112.41015625,2117.2900390625,0.0315949991345405,0.0292367003858089,1.152649998664856,1.0895999670028689,-51.425899505615234,0.1515229940414428,0.0,0.9989150166511536,0.9989150166511536,3.1685099601745605,0.2009160071611404,-0.0166477002203464,0.2177180051803589,1.7183599472045898,0.9591569900512696,2.906749978137668e-05,4.748339961224701e-07,3.903250035364181e-05,1.1731999904895929e-07,0.8839020133018494,2.75,7.329590152949095e-05,1.3822700566379351e-06,4.295889854431152,1080.0,13.357799530029297,-9.764600150674597e-08,8.599270131526282e-07,25.03420066833496,0.25,16509,2523197465948078205,4402081,122.31230329,-18.66973821,0.0116405002772808,0.0111454995349049,55873.6526962,19.968599319458008,0.0270579997450113,19.702899932861328,0.0031999999191612,19.47209930419922,0.0353090018033981,35667969,0,196608,12,5112.5,2117.239990234375,0.046561699360609,0.044581800699234,1.0597399473190308,1.0365699529647827,2.39520001411438,0.3679780066013336,7.9388300946448e-06,0.9986680150032043,0.9986680150032043,1.9534900188446045,0.1917359977960586,-0.008059149608016,0.180089995265007,1.2456899881362915,0.8667359948158264,3.7374498788267374e-05,1.0112800055139817e-06,4.773359978571534e-05,1.5272800624188676e-07,0.8786410093307495,2.7500100135803223,5.9039601183030754e-05,2.084660081891343e-06,3.114219903945923,780.0,4.466829776763916,-9.570410242076832e-08,1.6694699525032777e-06,25.040800094604492,0.2500010132789612,16509,2523197360721379453,4401689,122.31228972,-18.66975749,0.0183982998132705,0.0164304003119468,56004.0137962,19.842199325561523,0.0516690015792846,19.524999618530273,0.0033609999809414,19.364599227905273,0.0645079985260963,35667969,0,196608,13,5112.669921875,2117.0,0.0735929012298584,0.0657213032245636,0.846668004989624,0.7846459746360779,-20.524999618530273,0.8723549842834473,1.2376899860555568e-07,0.9966859817504884,0.9966859817504884,1.4872000217437744,0.1511079967021942,-0.0150370001792907,0.1347119957208633,1.0154999494552612,0.7574549913406372,4.198669921606779e-05,2.1694099814340007e-06,5.623580000246875e-05,1.890129937009988e-07,0.8405370116233826,2.0,6.518980080727488e-05,4.205240202281857e-06,2.5387399196624756,640.0,5.287839889526367,-4.9142201419272176e-08,4.072800038557034e-06,25.074399948120117,0.25,0.0161136545249325,,,,,,,,,,,,,,,,,
PSO J080913.501-183902.842,-999,-999,-999,85611223062609390,974417000047465,453621560949098,0,10820146856824,8561,1,909,32,0.927118675715401,974417,105617,3,503635968,60,122.30625699,-18.65078967,0.0010000000474974,0.0010000000474974,122.30624904,-18.65079617,0.0028299998957663,0.003000000026077,56008.58193287,2.2230000495910645,-0.5063783204401657,0.8008179045049894,-0.3197994377925555,129.81145334185956,-37.73116461734215,238.55253769326873,7.754042626430405,-999,5,67,10,10,18,14,15,1155609000002447,1,1,16773,2523197387564925317,4401789,122.30625661,-18.65079534,0.0006401999853551,0.0006729700253345,55957.1729973,16.099300384521484,0.0010789999505504,16.052900314331055,0.0006339999963529,16.098499298095703,0.0009730000165291,102760517,128,196608,10,5193.669921875,2390.5400390625,0.0025608099531382,0.0026918901130557,1.3714599609375,1.3011000156402588,81.69860076904297,0.0826546028256416,0.3167990148067474,0.9997000098228456,0.9997000098228456,2.3575100898742676,0.2118099927902221,0.0020576699171215,0.2277670055627823,1.2767200469970703,0.9160240292549132,0.0013190800091251,1.4237399454941624e-06,0.001376669970341,8.721299877834099e-07,0.8908259868621826,2.9999899864196777,0.0013201100518926,1.2850799748775898e-06,3.1917901039123535,688.0,1.0010600090026855,-2.6811699527229393e-08,5.92783976571809e-07,25.016199111938477,0.25,16773,2523197415482212741,4401893,122.30626029,-18.65078967,0.000432864006143,0.000428664003266,56216.8584343,15.303899765014648,0.0007800000021234,15.29300022125244,0.0004949999856762,15.345199584960938,0.0007430000114254,102760517,128,196608,8,5193.60986328125,2390.580078125,0.0017314599826931,0.0017146699829027,1.194759964942932,1.160390019416809,48.33679962158203,0.1630900055170059,-0.9903740286827089,0.99965101480484,0.99965101480484,2.6796200275421143,0.1748459935188293,-0.000588177004829,0.1714069992303848,1.2280100584030151,0.8579069972038269,0.002744480036199,2.141030108759878e-06,0.0027720700018107,1.3721800087296288e-06,0.8839020133018494,2.7499799728393555,0.002641970058903,1.962929900400922e-06,3.070039987564087,560.0,-0.0120647000148892,-3.556460015374796e-08,7.63420018756733e-07,25.03350067138672,0.2499980032444,16773,2523197445546983813,4402005,122.30626145,-18.65078879,0.0003083669871557,0.0003082169860135,56025.6262093,14.96280002593994,0.0005900000105611,14.945300102233888,0.0003039999864995,15.004799842834473,0.0005789999850094,102760517,128,196608,12,5193.60009765625,2390.6201171875,0.0012334700440987,0.00123287003953,1.1536799669265747,1.084920048713684,-51.47019958496094,0.1495790034532547,-0.7707809805870056,0.999684989452362,0.999684989452362,2.9705100059509277,0.1604789942502975,-0.0041322601027786,0.1593739986419677,1.213850021362305,0.8362089991569519,0.0037572600413113,2.215220092693926e-06,0.0038184700533747,1.1603899565670872e-06,0.8839020133018494,2.75,0.0036146598868072,2.0942200080753537e-06,3.0346200466156006,1080.0,-0.2913540005683899,-1.0330099797783988e-07,8.64598973748798e-07,25.03420066833496,0.25,16773,2523197465948078469,4402081,122.30625611,-18.65079622,0.0003903890028595,0.0003839429991785,55873.6526962,14.86359977722168,0.0007830000249668,14.779199600219728,0.000330999988364,14.843299865722656,0.0007600000244565,102760517,128,196608,13,5193.68017578125,2390.489990234375,0.0015615499578416,0.0015357700176537,1.0570800304412842,1.039180040359497,-4.035910129547119,0.3634699881076813,0.1191349998116493,0.9996100068092346,0.9996100068092346,7.326990127563477,0.1617320030927658,0.0016711199423298,0.1628080010414123,1.2341200113296509,0.8321189880371094,0.0041167899034917,3.225030013709329e-06,0.0044496501795947,1.4745900216439622e-06,0.8786410093307495,2.7500100135803223,0.0041943499818444,3.188969913026085e-06,3.0853099822998047,780.0,1.558419942855835,-1.044040018882697e-07,1.6344099549314706e-06,25.040800094604492,0.2500010132789612,16773,2523197360721379717,4401689,122.30625699,-18.6507881,0.0004905909881927,0.0004645930021069,56004.0137962,14.696999549865724,0.0010819999733939,14.67140007019043,0.0003600000054575,14.75100040435791,0.0013749999925494,102760517,128,196608,13,5193.64990234375,2390.639892578125,0.0019623599946498,0.0018583700293675,0.8477479815483093,0.7870630025863647,-21.704099655151367,0.8806939721107483,0.549564003944397,0.998420000076294,0.998420000076294,1.73921000957489,0.1075439974665641,-0.0017141499556601,0.1033589988946914,1.2793300151824951,0.7712140083312988,0.0047996398061513,5.1933297982031945e-06,0.0049140201881527,1.7668700138528948e-06,0.8355630040168762,2.0,0.0045667001977562,6.278510227275547e-06,3.198319911956787,640.0,0.5984129905700684,-6.607150027093668e-08,4.06733988711494e-06,25.074399948120117,0.25,0.0057545702950433,,,,,,,,,,,,,,,,,
PSO J080913.744-183916.927,-999,-999,-999,85611223072614688,974417000047594,453621560949227,0,10820146858977,8561,1,909,32,0.420913825203584,974417,105617,3,436527104,52,122.30726787,-18.65470211,0.0010000000474974,0.0010000000474974,122.30725671,-18.65471217,0.0052499999292194,0.0065799998119473,56232.38106481,1.283900022506714,-0.5063807214185022,0.8007905230400224,-0.3198641949092846,129.81394711252008,-37.73467984189346,238.55639725755765,7.752769256047802,-999,5,59,10,9,16,13,11,1155609000002483,1,1,16735,2523197387564925279,4401789,122.30726952,-18.654701,0.0056302300654351,0.0059266001917421,55957.1729973,19.657899856567383,0.0088510001078248,19.653600692749023,0.0033259999472647,19.71419906616211,0.0128669999539852,102760453,128,196608,10,5180.1201171875,2334.219970703125,0.0225210003554821,0.0237064007669687,1.3717999458312988,1.3027499914169312,81.08540344238281,0.0818848013877868,-0.999684989452362,0.9987940192222596,0.9987940192222596,1.7171399593353271,0.1989119946956634,0.0015511499950662,0.2264119982719421,1.1476399898529053,0.858925998210907,4.975359843228944e-05,4.403470086344896e-07,4.995079871150665e-05,1.661260000673792e-07,0.8974570035934448,2.9999899864196777,4.7239900595741346e-05,6.078249725760543e-07,2.8690900802612305,688.0,-0.0003951480030082,-2.7709100791639685e-08,5.88605018947419e-07,25.016199111938477,0.25,16735,2523197415482212703,4401893,122.30726754,-18.6547025,0.0048211398534476,0.0048025702126324,56216.8584343,19.039100646972656,0.0081299999728798,18.98040008544922,0.0027040001004934,18.917499542236328,0.0143060004338622,102760453,128,196608,8,5180.14013671875,2334.159912109375,0.0192846991121768,0.0192104000598192,1.1931500434875488,1.158660054206848,46.95209884643555,0.1665489971637725,0.5000619888305664,0.9980700016021729,0.9980700016021729,3.0011000633239746,0.1807110011577606,0.0006992639973759,0.1709620058536529,1.4746999740600586,0.8422480225563049,8.797759801382199e-05,7.152530088205822e-07,9.286459680879489e-05,2.511499985757837e-07,0.8970549702644348,2.7499799728393555,9.840219718171284e-05,1.4077099876885768e-06,3.6867599487304688,560.0,0.6743929982185364,-3.0718698695864084e-08,7.67191011163959e-07,25.03350067138672,0.2499980032444,16735,2523197445546983775,4402005,122.30726886,-18.65469798,0.0040380200371146,0.0040790601633489,56025.6262093,18.8799991607666,0.0071319998241961,18.903600692749023,0.0018810000037774,19.03779983520508,0.0095459995791316,102760453,128,196608,12,5180.1298828125,2334.239990234375,0.0161521006375551,0.0163161996752023,1.153730034828186,1.0861400365829468,-51.47549819946289,0.1500079929828643,0.0172426998615264,0.9981399774551392,0.9981399774551392,2.000969886779785,0.1678030043840408,-0.0088426601141691,0.1752289980649948,0.8060140013694763,0.8544059991836548,0.0001018569964799,7.264030159603863e-07,9.96684975689277e-05,1.874730060080765e-07,0.8917940258979797,2.75,8.807650010567158e-05,8.408010216953699e-07,2.0150299072265625,1080.0,2.3814899921417236,-1.02294997361696e-07,8.628500154372887e-07,25.03420066833496,0.25,16735,2523197465948078431,4402081,122.30726721,-18.65470211,0.0055280798114836,0.0054694102145731,55873.6526962,18.67250061035156,0.0099769998341798,18.586200714111328,0.0019130000146105,18.6742000579834,0.0157680008560419,102760453,128,196608,13,5180.14990234375,2334.159912109375,0.0221123006194829,0.0218775998800992,1.05771005153656,1.038830041885376,-2.3397600650787354,0.364980012178421,0.1509110033512115,0.9982089996337892,0.9982089996337892,1.6901299953460691,0.1598439961671829,0.0086836796253919,0.1565179973840713,1.021239995956421,0.8160750269889832,0.0001233079965459,1.2302399454711122e-06,0.0001335139968432,2.554299953771988e-07,0.8970549702644348,2.7500100135803223,0.000123114004964,1.9412200344959274e-06,2.553100109100342,780.0,1.4363199472427368,-1.0132799843631801e-07,1.6451599549327511e-06,25.040800094604492,0.2500010132789612,16735,2523197360721379679,4401689,122.30726787,-18.65470695,0.009344769641757,0.0087764803320169,56004.0137962,18.64900016784668,0.0194780007004737,18.611299514770508,0.0022070000413805,18.783300399780273,0.0320519991219043,102760453,128,196608,11,5180.1298828125,2334.1298828125,0.0373790003359317,0.0351058989763259,0.8475409746170044,0.7866560220718384,-21.414899826049805,0.8790709972381592,0.1056020036339759,0.9964590072631836,0.9964590072631836,1.2313300371170044,0.1161580011248588,-0.0029631699435412,0.100160002708435,0.8216890096664429,0.6945779919624329,0.0001260080025531,2.4543498966522748e-06,0.000130458996864,2.8788699069082213e-07,0.8604310154914856,2.0,0.0001113499965867,3.5690000004251488e-06,2.054219961166382,640.0,1.618280053138733,-6.737639779430539e-08,4.058630111103412e-06,25.074399948120117,0.25,0.0041633687975453,,,,,,,,,,,,,,,,,
PSO J080912.027-183937.876,-999,-999,-999,85601223001627693,974417000046667,453621560948300,0,10820146860514,8560,1,909,32,0.785153107517542,974417,105617,3,436527104,52,122.30011625,-18.66052138,0.0010000000474974,0.0010000000474974,122.30010745,-18.66052763,0.0081799998879432,0.0120099997147917,56139.98846065,0.9132999777793884,-0.506263445461693,0.8008262557884515,-0.3199603597777467,129.80767380445954,-37.742102025477514,238.55773374744243,7.743940509533836,-999,5,59,10,10,18,12,9,1155609000002258,1,1,17064,2523197387564925608,4401789,122.3001018,-18.66051094,0.0095876604318618,0.0089254900813102,55957.1729973,20.539899826049805,0.0172520000487566,20.65539932250977,0.0052749998867511,20.676599502563477,0.0237169992178678,35651585,0,196608,10,5278.35009765625,2251.030029296875,0.0383507013320922,0.0357020013034343,1.3733099699020386,1.3089200258255005,79.66320037841797,0.0805846005678176,-0.3558540046215057,0.9985880255699158,0.9985880255699158,1.7509100437164309,0.1939859986305236,-0.0031040199100971,0.2187850028276443,0.902525007724762,0.7892510294914246,2.2082800569478422e-05,3.809770134921564e-07,1.985359995160252e-05,1.0473299738578137e-07,0.8974570035934448,2.9999899864196777,1.9470000552246347e-05,4.61772998505694e-07,2.256309986114502,688.0,-0.9232940077781676,-3.268669956923986e-08,5.82242023483559e-07,25.016199111938477,0.25,17064,2523197415482213032,4401893,122.30011615,-18.66052138,0.0062544997781515,0.0059153097681701,56216.8584343,19.901100158691406,0.0127969998866319,19.8794002532959,0.0040919999592006,19.975900650024418,0.0184989999979734,35651585,0,196608,10,5278.14990234375,2250.840087890625,0.0250180996954441,0.0236613992601633,1.195930004119873,1.1611100435256958,41.52140045166016,0.1679320037364959,0.996370017528534,0.9984980225563048,0.9984980225563048,1.4201600551605225,0.17705999314785,0.0052211000584065,0.1678390055894851,0.9593480229377748,0.7941849827766418,3.977150117862038e-05,5.089380010758759e-07,4.057399928569794e-05,1.6600900210050898e-07,0.8970549702644348,2.7499799728393555,3.712149919010699e-05,6.867019806122698e-07,2.3983700275421143,560.0,0.0045490697957575,-2.3443000429779204e-08,7.515329798479797e-07,25.03350067138672,0.2499980032444,17064,2523197445546984104,4402005,122.30011625,-18.66051999,0.0058341100811958,0.0053986399434506,56025.6262093,19.750499725341797,0.0120660001412034,19.774999618530273,0.0028099999763071,19.874900817871097,0.0177170000970363,35651585,0,196608,17,5278.14990234375,2250.8798828125,0.02333639934659,0.021594600751996,1.1552000045776367,1.0928000211715698,-51.38949966430664,0.1465789973735809,-0.6695939898490906,0.9983410239219666,0.9983410239219666,1.359429955482483,0.1632419973611831,-0.0057437000796198,0.1657810062170028,0.8370350003242493,0.7770209908485413,4.5687098463531584e-05,5.512450229616661e-07,4.4668398913927376e-05,1.2550499661756478e-07,0.8944240212440491,2.75,4.074160096934065e-05,7.218270070552535e-07,2.092590093612671,1080.0,-0.426705002784729,-1.1094000029743257e-07,8.574330081501103e-07,25.03420066833496,0.25,17064,2523197465948078760,4402081,122.3001256,-18.66052598,0.0094394301995635,0.0090380404144525,55873.6526962,19.729000091552734,0.0219420008361339,19.714399337768555,0.0032170000486075,19.84589958190918,0.0336970016360282,35651585,0,196608,15,5278.02978515625,2250.77001953125,0.0377576015889644,0.0361520983278751,1.0567100048065186,1.0357600450515747,-0.7714849710464478,0.3814919888973236,0.8757830262184143,0.9980419874191284,0.9980419874191284,1.179419994354248,0.156029000878334,-0.0010158900404348,0.1567420065402984,0.8332629799842834,0.7073900103569031,4.660150079871528e-05,1.0225199957858422e-06,4.723199890577234e-05,1.519239987146648e-07,0.8891630172729492,2.7500100135803223,4.184339923085645e-05,1.4099899772190838e-06,2.083159923553467,780.0,0.1563169956207275,-1.0167799757709872e-07,1.6622400380583713e-06,25.040800094604492,0.2500010132789612,17064,2523197360721380008,4401689,122.30012323,-18.66053481,0.0161214005202054,0.0143970996141433,56004.0137962,19.63360023498535,0.0452749989926815,19.81760025024414,0.0038459999486804,19.993099212646484,0.0770969986915588,35651585,0,196608,11,5278.0498046875,2250.679931640625,0.0644856020808219,0.0575881004333496,0.8471919894218445,0.786607027053833,-20.242300033569336,0.882390022277832,-0.0082493098452687,0.9967049956321716,0.9967049956321716,1.2047200202941897,0.0885998979210853,0.0057642799802124,0.0958397984504699,0.6665070056915283,0.6648600101470947,5.0882699724752456e-05,2.3037100618239492e-06,4.2951600335072726e-05,1.6518700363121752e-07,0.8455110192298889,2.0,3.653969906736165e-05,2.817090035023284e-06,1.6662700176239014,640.0,-2.6416900157928467,-1.0375399739359636e-07,3.972119884565473e-06,25.074399948120117,0.25,0.0127979607907101,,,,,,,,,,,,,,,,,
PSO J080911.627-183937.426,-999,-999,-999,85601222984407869,974417000046438,453621560948071,0,10820146860970,8560,1,909,32,0.679986097551869,974417,105617,3,436527104,52,122.29844726,-18.66039626,0.0010000000474974,0.0010000000474974,122.29842804,-18.66040211,0.0115200001746416,0.0204799994826316,56139.79540509,0.8325999975204468,-0.5062403465747704,0.8008416871446109,-0.3199582842047219,129.80569307009773,-37.74240879758346,238.5567727769153,7.742659597502219,-999,5,44,1,10,15,11,7,1155609000002205,1,1,17154,2523197387564925698,4401789,122.29845313,-18.6604125,0.0554343983530998,0.0516057983040809,55957.1729973,22.468599319458008,0.0997489988803863,-999.0,0.0218279995024204,-999.0,-999.0,35651585,0,196608,8,5300.85009765625,2252.56005859375,0.2217379957437515,0.2064229995012283,1.3735100030899048,1.309599995613098,79.58830261230469,0.0805673971772193,-999.0,0.9994149804115297,0.9994149804115297,1.8373600244522097,0.1059809997677803,-0.0077218902297317,0.1117760017514228,-999.0,2.271749973297119,3.737319957508589e-06,3.7279500020304113e-07,-1.0912100378845937e-06,2.3819000105618215e-08,0.8952469825744629,2.9999899864196777,-999.0,-999.0,-999.0,688.0,-999.0,-3.3272598898292927e-08,5.824589948133507e-07,25.016199111938477,0.25,17154,2523197415482213122,4401893,122.29844726,-18.66038748,0.0157706998288631,0.0149154998362064,56216.8584343,21.091899871826172,0.0322670005261898,21.090599060058594,0.0071470001712441,21.17840003967285,0.0485789999365806,35651585,0,196608,11,5300.919921875,2252.8798828125,0.0630832016468048,0.0596622005105018,1.196969985961914,1.16211998462677,40.92430114746094,0.1671140044927597,-0.9596149921417236,0.9985020160675048,0.9985020160675048,1.4250400066375732,0.168281003832817,0.0085992598906159,0.172667995095253,0.8841000199317932,0.7642449736595154,1.3280699931783602e-05,4.285219858957135e-07,1.3297400073497556e-05,9.503659725851321e-08,0.8970549702644348,2.7499799728393555,1.2264299584785476e-05,5.957840016890259e-07,2.210249900817871,560.0,-0.0506362989544868,-2.3573500484985743e-08,7.4734902000273e-07,25.03350067138672,0.2499980032444,17154,2523197445546984194,4402005,122.29843976,-18.66039626,0.0098118996247649,0.0090795196592807,56025.6262093,20.37120056152344,0.0202920008450746,20.427600860595703,0.0037950000260025,20.52750015258789,0.031954001635313,35651585,0,196608,18,5301.02001953125,2252.780029296875,0.0392475984990596,0.0363181009888649,1.1554900407791138,1.093690037727356,-51.37220001220703,0.14580699801445,-0.1849839985370636,0.9980779886245728,0.9980779886245728,1.3147200345993042,0.1623309999704361,-0.0020345300436019,0.1455859988927841,0.8388019800186157,0.7244880199432373,2.5794899556785825e-05,5.234369950812834e-07,2.4488899725838564e-05,9.292759983736688e-08,0.8891630172729492,2.75,2.233660052297637e-05,7.137350053199043e-07,2.0969998836517334,1080.0,-1.325569987297058,-1.129070028582646e-07,8.56881001709553e-07,25.03420066833496,0.25,17154,2523197465948078850,4402081,122.29845074,-18.6603912,0.0134423999115824,0.0128707997500896,55873.6526962,20.146299362182617,0.0312469992786645,20.29560089111328,0.0042039998807013,20.33650016784668,0.0497150011360645,35651585,0,196608,15,5300.8701171875,2252.830078125,0.0537695996463298,0.0514830984175205,1.0563199520111084,1.0353200435638428,-0.9278129935264589,0.3841640055179596,-0.2237610071897506,0.9985719919204712,0.9985719919204712,1.1797499656677246,0.1489730030298233,-0.0036773600149899,0.1507380008697509,0.7786960005760193,0.6818130016326904,3.173029836034402e-05,9.914670044963714e-07,2.7654699806589633e-05,1.1624999984860553e-07,0.8944240212440491,2.7500100135803223,2.663099985511508e-05,1.3239499594419613e-06,1.9467400312423704,780.0,-1.2165900468826294,-1.0260399818662337e-07,1.662369982113887e-06,25.040800094604492,0.2500010132789612,17154,2523197360721380098,4401689,122.29843771,-18.66040217,0.0180079005658626,0.0160817001014947,56004.0137962,19.816999435424805,0.0505729988217353,19.776899337768555,0.0037750001065433,19.97100067138672,0.0794359967112541,35651585,0,196608,13,5301.0400390625,2252.7099609375,0.0720314010977745,0.0643268972635269,0.8471940159797668,0.786732017993927,-20.106000900268555,0.8835330009460449,0.6010220050811768,0.996720016002655,0.996720016002655,1.1914499998092651,0.1172730028629303,0.0026837401092052,0.0985053032636642,0.7454829812049866,0.6671050190925598,4.297299892641604e-05,2.173260099880281e-06,4.459049887373112e-05,1.6830900051445497e-07,0.8455110192298889,2.0,3.729189847945236e-05,2.9623299724335084e-06,1.8637100458145144,640.0,0.5229309797286987,-1.107029987679198e-07,3.957679837185424e-06,25.074399948120117,0.25,0.0141058619771594,,,,,,,,,,,,,,,,,
PSO J080912.194-183921.006,-999,-999,-999,85611223008383338,974417000046748,453621560948381,0,10820146862313,8561,1,909,32,0.47297888852002,974417,105617,3,436527104,52,122.30081174,-18.65583508,0.0010000000474974,0.0010000000474974,122.30081172,-18.65583819,0.009859999641776,0.0185199994593858,56126.00366898,0.828499972820282,-0.5062872810296201,0.8008421652621394,-0.3198828151149775,129.8068926257301,-37.73740580818091,238.55408335409348,7.7469987352270975,-999,5,42,6,7,15,10,4,1155609000002278,1,1,17032,2523197387564925576,4401789,122.30081174,-18.65584792,0.0378168001770973,0.0352049991488456,55957.1729973,22.056699752807617,0.0680480003356933,23.20989990234375,0.0171060003340244,-999.0,-999.0,35651585,0,196608,7,5268.33984375,2318.139892578125,0.1512680053710937,0.1408199965953827,1.3723700046539309,1.3059099912643433,80.58599853515625,0.0816256031394004,-5.462800212185924e-10,0.9991779923439026,0.9991779923439026,1.5918999910354614,0.1448680013418197,-0.0209334008395671,0.1469780057668686,-999.0,-0.028635200113058,5.461350156110711e-06,3.716349965543486e-07,1.888180008791096e-06,3.2298899554916716e-08,0.8996679782867432,2.9999899864196777,-999.0,-999.0,-999.0,688.0,-6.2052001953125,-3.1615400075679645e-08,5.857199880665576e-07,25.016199111938477,0.25,17032,2523197415482213000,4401893,122.30081032,-18.65583954,0.0154515001922845,0.0146136004477739,56216.8584343,20.75819969177246,0.031614001840353,20.85610008239746,0.0064159999601542,20.883399963378903,0.0438250005245208,35651585,0,196608,6,5268.35009765625,2318.22998046875,0.0618066005408763,0.0584546998143196,1.19651997089386,1.1621400117874146,43.926700592041016,0.1644960045814514,-0.8319439888000488,0.998511016368866,0.998511016368866,1.4359699487686155,0.16941499710083,0.0073158801533281,0.1814340054988861,0.828374981880188,0.7201250195503235,1.806070031307172e-05,5.709620154448203e-07,1.6502399375895038e-05,1.0587199739120481e-07,0.8865320086479187,2.7499799728393555,1.6093699741759337e-05,7.053059789541294e-07,2.0709400177001953,560.0,-0.2122090011835098,-2.9531500800317193e-08,7.521530278609134e-07,25.03350067138672,0.2499980032444,17032,2523197445546984072,4402005,122.30081566,-18.65583508,0.0100408000871539,0.0092913703992962,56025.6262093,20.33300018310547,0.0207659993320703,20.26449966430664,0.0035200000274926,20.383499145507812,0.0317309983074665,35651585,0,196608,16,5268.27978515625,2318.31005859375,0.0401633009314537,0.0371655002236366,1.1545699834823608,1.0901299715042114,-51.38410186767578,0.1467839926481247,0.1684979945421219,0.9987229704856871,0.9987229704856871,1.3728100061416626,0.1618179976940155,-0.0105082001537084,0.1671939939260482,0.901868999004364,0.7779309749603271,2.6718100343714468e-05,5.5482001926066e-07,2.8457499865908176e-05,1.001750007390001e-07,0.8865320086479187,2.75,2.5502800781396218e-05,8.09220011888101e-07,2.2546699047088623,1080.0,1.3770500421524048,-1.0981899833950592e-07,8.610069812675647e-07,25.03420066833496,0.25,17032,2523197465948078728,4402081,122.30084144,-18.65582487,0.0140899000689387,0.0134907998144626,55873.6526962,20.176300048828125,0.0327519997954368,20.27300071716309,0.0041600000113248,20.319700241088867,0.0508319996297359,35651585,0,196608,15,5267.93017578125,2318.43994140625,0.0563594996929168,0.0539629012346267,1.0561399459838867,1.036520004272461,-2.498990058898926,0.3762460052967071,-0.8405050039291382,0.998583972454071,0.998583972454071,1.2213000059127808,0.1458590030670166,0.0027475799433887,0.1582850068807602,0.781906008720398,0.6181179881095886,3.0867300665704533e-05,1.010959977065795e-06,2.823509930749424e-05,1.1746300287995837e-07,0.8839020133018494,2.7500100135803223,2.704799953789916e-05,1.3748999663221184e-06,1.954759955406189,780.0,-0.2012480050325393,-1.0568700048452229e-07,1.645409952288901e-06,25.040800094604492,0.2500010132789612,17032,2523197360721379976,4401689,122.30079541,-18.65583116,0.0239429995417594,0.0213820002973079,56004.0137962,20.11750030517578,0.0672409981489181,20.16699981689453,0.0045170001685619,20.350400924682617,0.1049489974975586,35651585,0,196608,13,5268.5400390625,2318.3798828125,0.0957717970013618,0.0855278968811035,0.8474090099334717,0.7868989706039429,-20.77899932861328,0.8831520080566406,-0.7780839800834656,0.998955011367798,0.998955011367798,1.2581700086593628,0.106623999774456,-0.0009138439781963,0.1070000007748603,0.6665070056915283,0.4651539921760559,3.2584499422227964e-05,2.191010025853757e-06,3.1132000003708526e-05,1.4063300568523118e-07,0.8405370116233826,2.0,2.6292300390196033e-05,2.759360086201923e-06,1.6662700176239014,640.0,-0.2818169891834259,-8.96001992600759e-08,4.00692988478113e-06,25.074399948120117,0.25,0.010369151458269,,,,,,,,,,,,,,,,,
PSO J080912.209-183927.091,-999,-999,-999,85611223008601390,974417000046754,453621560948387,0,10820146862910,8561,1,909,32,0.760478620194344,974417,105617,3,436363264,52,122.300874,-18.65752552,0.0010000000474974,0.0010000000474974,122.3008748,-18.65754969,0.0380299985408782,0.0990799963474273,56319.78662037,1.320199966430664,-0.5062830564632171,0.8008335308371989,-0.3199111167575896,129.8075471259662,-37.739038262131665,238.55557836493224,7.746139459377178,-999,5,6,0,4,2,0,0,1155609000002280,1,0,17029,2523197387564925573,4401789,122.300874,-18.65751413,0.0668347030878067,0.0622186996042728,55957.1729973,22.804500579833984,0.1202630028128624,-999.0,0.0366800017654895,-999.0,-999.0,35651585,0,196608,10,5267.60009765625,2294.139892578125,0.2673389911651611,0.248875007033348,1.3726600408554075,1.3068499565124512,80.279296875,0.0812605991959571,-999.0,0.9990609884262084,0.9990609884262084,1.6255300045013428,0.155581995844841,0.0321533009409904,0.0928317978978157,-999.0,2.7300000190734863,2.742810011113761e-06,3.298600006473862e-07,-3.864400071051932e-07,1.4174600160288264e-08,0.8974570035934448,2.9999899864196777,-999.0,-999.0,-999.0,688.0,-999.0,-3.1878499839876895e-08,5.844580073244288e-07,25.016199111938477,0.25,17029,2523197415482212997,4401893,122.30087318,-18.65755774,0.0274155996739864,0.0259288009256124,56216.8584343,21.684099197387695,0.0560920014977455,21.729400634765625,0.0095920003950595,21.867599487304688,0.0883200019598007,35651585,0,196608,10,5267.60986328125,2293.469970703125,0.109663002192974,0.1037160009145736,1.1960999965667725,1.1615899801254272,43.16279983520508,0.1658930033445358,-0.2986339926719665,0.9995880126953124,0.9995880126953124,1.4482100009918213,0.1462669968605041,0.029798399657011,0.1958959996700287,0.8180779814720154,0.7167609930038452,7.697920409555081e-06,4.317890045513195e-07,7.383020147244679e-06,7.08148988337598e-08,0.8786410093307495,2.7499799728393555,6.500919880636502e-06,5.741650284107891e-07,2.0451900959014893,560.0,-1.0393699407577517,-2.7304100314040625e-08,7.527140155616507e-07,25.03350067138672,0.2499980032444,17029,2523197445546984069,4402005,122.30087844,-18.65752552,0.0369480997323989,0.0341902002692222,56025.6262093,21.820999145507812,0.0764129981398582,21.471599578857425,0.0061369999311864,21.782699584960938,0.1032159999012947,35651585,0,196608,16,5267.5400390625,2293.9599609375,0.1477919965982437,0.1367609947919845,1.1547399759292605,1.0909199714660645,-51.389198303222656,0.1468549966812133,0.0305758006870746,0.998557984828949,0.998557984828949,1.3747400045394895,0.1811320036649704,-0.0097025297582149,0.1708890050649643,0.8152819871902466,0.746051013469696,6.785990080970805e-06,5.185399913898436e-07,9.361760021420196e-06,5.7456400526234574e-08,0.8839020133018494,2.75,7.029710104689002e-06,7.255770242409199e-07,2.038209915161133,1080.0,2.1625499725341797,-1.09852003049582e-07,8.598329941378324e-07,25.03420066833496,0.25,17029,2523197465948078725,4402081,122.30088309,-18.65747091,0.0468736998736858,0.0448804982006549,55873.6526962,21.531400680541992,0.1089570000767707,21.980300903320312,0.0091319996863603,21.70479965209961,0.1716630011796951,35651585,0,196608,15,5267.47021484375,2294.72998046875,0.1874939948320388,0.1795219928026199,1.056399941444397,1.0363399982452393,-1.8480499982833865,0.3775970041751861,-0.6992350220680237,0.999421000480652,0.999421000480652,1.176759958267212,0.1372990012168884,-0.0080867195501923,0.1683730036020279,0.7786960005760193,0.3966850042343139,8.859919944370631e-06,9.65352001003339e-07,5.859510110894917e-06,5.3510401443190865e-08,0.8865320086479187,2.7500100135803223,7.552389888587641e-06,1.2964700317752431e-06,1.9467400312423704,780.0,-0.386353999376297,-1.0414100160005547e-07,1.6512100273757824e-06,25.040800094604492,0.2500010132789612,17029,2523197360721379973,4401689,122.30085669,-18.65752916,0.0650198981165885,0.0580652989447116,56004.0137962,21.236099243164062,0.1826000064611435,21.315399169921875,0.0076660001650452,21.439599990844727,0.2796710133552551,35651585,0,196608,13,5267.830078125,2293.919921875,0.2600789964199066,0.2322610020637512,0.8473309874534607,0.7867739796638489,-20.61199951171875,0.8826770186424255,0.9641950130462646,0.9978129863739014,0.9978129863739014,1.287410020828247,0.1070680022239685,-0.0103695997968316,0.1197860017418861,0.6665070056915283,0.2761679887771606,1.1629699656623416e-05,2.123580088664312e-06,1.081000027625123e-05,8.287000241580246e-08,0.8504840135574341,2.0,9.641569704399444e-06,2.6964698918163776e-06,1.6662700176239014,640.0,0.0448898002505302,-9.342169704495973e-08,3.997070052719209e-06,25.074399948120117,0.25,0.0107980432924571,,,,,,,,,,,,,,,,,
PSO J080913.580-183941.544,-999,-999,-999,85601223065996508,974417000047520,453621560949153,0,10820146866302,8560,1,909,32,0.762836734543402,974417,105617,3,444674048,53,122.30664149,-18.66162028,0.0010000000474974,0.0010000000474974,122.30658396,-18.66154027,0.16041000187397,0.16041000187397,56289.53836806,-999.0,-0.5063509423998791,0.8007642447735699,-0.3199771045293219,129.81549191265674,-37.741427936432274,238.56189162226855,7.748599095957417,-999,1,1,0,0,1,0,0,1155609000002465,1,0,16764,2523197387564925308,4401789,122.30661728,-18.66162977,0.084256999194622,0.0784377977252006,55957.1729973,22.92919921875,0.1516129970550537,21.72170066833496,0.0086200004443526,-999.0,-999.0,35651585,4,196608,8,5189.52001953125,2234.4599609375,0.3370290100574493,0.3137519955635071,1.3725500106811523,1.3065500259399414,79.81539916992188,0.0805232003331184,-999.0,0.9996430277824402,0.9996430277824402,1.6076600551605225,-999.0,-999.0,-999.0,-999.0,-999.0,2.4451799163216492e-06,3.707210112224857e-07,7.435360203089658e-06,6.409390351791444e-08,0.8665099740028381,2.9999899864196777,-999.0,-999.0,-999.0,688.0,-999.0,-3.078159949154724e-08,5.802859845971398e-07,25.016199111938477,0.25,16764,2523197415482212732,4401893,122.30662063,-18.66163549,0.0350870005786418,0.0331842005252838,56216.8584343,21.687999725341797,0.0717869997024536,20.732799530029297,0.0060609998181462,20.056400299072266,0.040302999317646,35667969,0,196608,6,5189.4599609375,2234.340087890625,0.1403490006923675,0.1327379941940307,1.191789984703064,1.156890034675598,43.60649871826172,0.1715500056743621,0.0,0.9995329976081848,0.9995329976081848,2.2662699222564697,0.2991490066051483,0.0052678599022328,0.2621699869632721,1.5405100584030151,0.9080929756164552,7.669829756196123e-06,5.505959848051134e-07,1.848780084401369e-05,1.1206000039010179e-07,0.8812710046768188,2.7499799728393555,3.44713989761658e-05,1.389310000377009e-06,3.85125994682312,560.0,15.429499626159668,-2.2266000598847313e-08,7.681500164835597e-07,25.03350067138672,0.2499980032444,16764,2523197445546983804,4402005,122.30661675,-18.66162865,0.0781762972474098,0.0723410993814468,56025.6262093,-999.0,0.1616780012845993,-999.0,0.0031139999628067,-999.0,-999.0,35651585,4,196608,16,5189.52001953125,2234.4599609375,0.3127050101757049,0.2893649935722351,1.1540499925613403,1.0895800590515137,-51.44779968261719,0.1495250016450882,-999.0,0.9996140003204346,0.9996140003204346,8.202719688415527,-999.0,-999.0,-999.0,-999.0,-999.0,-3.2671600820322055e-06,5.282290089780872e-07,-3.360150003572926e-05,1.0462500199537317e-07,0.8733789920806885,2.75,-999.0,-999.0,-999.0,1080.0,-999.0,-1.0331900313076404e-07,8.59434976518969e-07,25.03420066833496,0.25,16764,2523197465948078460,4402081,122.306617,-18.66162722,0.1979900002479553,0.1895709931850433,55873.6526962,-999.0,0.4602259993553161,-999.0,0.0032979999668896,-999.0,-999.0,35651585,4,196608,9,5189.52001953125,2234.4599609375,0.7919600009918213,0.7582830190658569,1.058210015296936,1.0372899770736694,0.0041193799115717,0.3715499937534332,-999.0,0.9996020197868348,0.9996020197868348,3.4877099990844727,-999.0,-999.0,-999.0,-999.0,-999.0,-2.925409944509738e-06,1.3463500181387644e-06,-4.1211398638552055e-05,1.3592600112133368e-07,0.8733789920806885,2.7500100135803223,-999.0,-999.0,-999.0,780.0,-999.0,-9.80580026066491e-08,1.6624800309728016e-06,25.040800094604492,0.2500010132789612,16764,2523197360721379708,4401689,122.30661604,-18.6616295,0.159862995147705,0.142764002084732,56004.0137962,-999.0,0.4489549994468689,-999.0,0.0048609999939799,-999.0,-999.0,35651585,4,196608,10,5189.52001953125,2234.4599609375,0.6394529938697815,0.5710560083389282,0.8471530079841614,0.7860410213470459,-20.71489906311035,0.8778619766235352,-999.0,0.9989359974861144,0.9989359974861144,2.225980043411255,-999.0,-999.0,-999.0,-999.0,-999.0,-5.5683799473627005e-06,2.49995991907781e-06,-2.2421099856728688e-05,1.0898099844780519e-07,0.8156690001487732,2.0,-999.0,-999.0,-999.0,640.0,-999.0,-7.657499878632734e-08,4.027110207971418e-06,25.074399948120117,0.25,0.0091528166076315,,,,,,,,,,,,,,,,,
PSO J080913.257-183939.499,-999,-999,-999,85601223051467034,974417000047334,453621560948967,0,10820146868285,8560,1,909,32,0.696970121652791,974417,105617,3,1375809536,164,122.30523763,-18.66097218,0.0010000000474974,0.0010000000474974,122.30513807,-18.66109919,0.1572200059890747,0.1572200059890747,57008.53675926,-999.0,-0.5063320509503523,0.8007791045327297,-0.3199698109574865,129.81367343063903,-37.74137136033523,238.560779571762,7.747673391370054,-999,1,2,0,0,1,0,1,1155609000002419,1,0,16831,2523197387564925375,4401789,122.30524037,-18.66097692,0.099584199488163,0.0927063003182411,55957.1729973,23.13789939880371,0.1791930049657821,22.67099952697754,0.0133459996432065,22.76569938659668,0.2260770052671432,35667969,0,196608,8,5208.259765625,2243.9599609375,0.3983370065689087,0.3708260059356689,1.3726799488067627,1.3068499565124512,79.86139678955078,0.080615296959877,0.0012747000437229,0.9988579750061036,0.9988579750061036,1.4720300436019895,0.3177190124988556,-0.0324299000203609,0.301937997341156,1.1418399810791016,0.5203390121459961,2.0176400994387222e-06,3.61546995009121e-07,3.1018500976642827e-06,4.1397701266987497e-08,0.8974570035934448,2.9999899864196777,2.842589992724242e-06,6.426449772334308e-07,2.854609966278076,688.0,3.2216100692749023,-3.0997501454521625e-08,5.812340191369003e-07,25.016199111938477,0.25,16831,2523197415482212799,4401893,122.30523612,-18.66097218,0.1321150064468383,0.124950997531414,56216.8584343,22.936100006103516,0.2703050076961517,21.83060073852539,0.0100490003824234,-999.0,-999.0,35651585,4,196608,5,5208.31005859375,2243.989990234375,0.5284649729728699,0.4998050034046173,1.192759990692139,1.1579400300979614,43.34870147705078,0.1704580038785934,-999.0,0.9981589913368224,0.9981589913368224,1.784000039100647,-999.0,-999.0,-999.0,-999.0,-999.0,2.429799906167318e-06,6.567869945683924e-07,6.725850198563421e-06,6.758990167554657e-08,0.8917940258979797,2.7499799728393555,-999.0,-999.0,-999.0,560.0,-999.0,-2.3029800289009472e-08,7.644459856237518e-07,25.03350067138672,0.2499980032444,16831,2523197445546983871,4402005,122.30523615,-18.66097379,0.1544059962034225,0.1428810060024261,56025.6262093,-999.0,0.3193300068378448,-999.0,0.0039880000986158,-999.0,-999.0,35651585,4,196608,16,5208.31005859375,2243.989990234375,0.6176220178604126,0.5715219974517822,1.154289960861206,1.0900800228118896,-51.437599182128906,0.1489139944314956,-999.0,0.998192012310028,0.998192012310028,4.138440132141113,-999.0,-999.0,-999.0,-999.0,-999.0,-1.6558500419705524e-06,5.287640192364051e-07,-2.048860005743336e-05,8.169850218564535e-08,0.8917940258979797,2.75,-999.0,-999.0,-999.0,1080.0,-999.0,-1.0492399837858103e-07,8.591840128246986e-07,25.03420066833496,0.25,16831,2523197465948078527,4402081,122.30523641,-18.66097236,0.94889497756958,0.9085450172424316,55873.6526962,-999.0,2.2056899070739746,-999.0,0.0037549999542534,-999.0,-999.0,35651585,4,196608,8,5208.31005859375,2243.989990234375,3.795569896697998,3.634170055389404,1.057860016822815,1.037060022354126,-0.2915030121803283,0.373335987329483,-999.0,0.9982050061225892,0.9982050061225892,2.0728600025177,-999.0,-999.0,-999.0,-999.0,-999.0,-6.754059995728312e-07,1.4897400433255823e-06,-3.180059866281226e-05,1.194020029515741e-07,0.8917940258979797,2.7500100135803223,-999.0,-999.0,-999.0,780.0,-999.0,-9.901850006599489e-08,1.6614600326647633e-06,25.040800094604492,0.2500010132789612,16831,2523197360721379775,4401689,122.30523544,-18.66097464,0.3747850060462951,0.3346979916095733,56004.0137962,-999.0,1.05253005027771,-999.0,0.0049499999731779,-999.0,-999.0,35651585,4,196608,10,5208.31005859375,2243.989990234375,1.4991400241851809,1.3387900590896606,0.8471840023994446,0.786204993724823,-20.653499603271484,0.8789229989051819,-999.0,0.9968389868736268,0.9968389868736268,1.5372099876403809,-999.0,-999.0,-999.0,-999.0,-999.0,-2.3161799163062824e-06,2.4378600755881052e-06,-2.1622900021611713e-05,1.0702299846343521e-07,0.8455110192298889,2.0,-999.0,-999.0,-999.0,640.0,-999.0,-8.205820023476917e-08,4.016830189357279e-06,25.074399948120117,0.25,0.0095724078017598,,,,,,,,,,,,,,,,,
PSO J080913.343-183934.905,-999,-999,-999,85601223056228715,974417000047395,453621560949028,0,10820146869141,8560,1,909,32,0.102951466201759,974417,105617,3,436527104,52,122.30562005,-18.65966073,0.0010000000474974,0.0010000000474974,122.30559818,-18.65969594,0.0228199996054172,0.0176199991255998,56141.40559028,0.9128999710083008,-0.5063426694787255,0.8007816616746974,-0.3199466070935407,129.8137273591717,-37.73990257834307,238.55981403678703,7.748788661135604,-999,4,27,0,0,13,10,4,1155609000002433,1,1,16805,2523197387564925349,4401789,122.30559387,-18.65969204,0.1198130026459693,0.1115380004048347,55957.1729973,23.170700073242188,0.2155929952859878,22.67539978027344,0.0133729996159672,-999.0,-999.0,35651585,4,196608,6,5203.35009765625,2262.449951171875,0.4792529940605163,0.4461530148983001,1.3724700212478638,1.3060200214385986,80.11930084228516,0.0808823034167289,-999.0,0.9996060132980348,0.9996060132980348,1.5210599899291992,-999.0,-999.0,-999.0,-999.0,-999.0,1.9575700207496993e-06,4.2203998873446835e-07,3.0892299491824815e-06,4.1313398924103246e-08,0.8886150121688843,2.9999899864196777,-999.0,-999.0,-999.0,688.0,-999.0,-3.0426100749991753e-08,5.825970106343448e-07,25.016199111938477,0.25,16805,2523197415482212773,4401893,122.30562454,-18.65964105,0.049678299576044,0.0469841994345188,56216.8584343,21.884599685668945,0.1016409993171691,21.055200576782227,0.0070319999940693,20.94650077819824,0.0865010023117065,35667969,0,196608,5,5202.919921875,2263.139892578125,0.1987150013446808,0.1879380047321319,1.1928499937057495,1.1581300497055054,44.09389877319336,0.1695969998836517,1.1362600233303654e-16,0.998350977897644,0.998350977897644,1.8898600339889529,0.3057459890842438,0.0112359998747706,0.2299530059099197,1.2303099632263184,0.8588399887084961,6.39946983937989e-06,6.504459975076315e-07,1.3737399967794772e-05,9.659640198833587e-08,0.8970549702644348,2.7499799728393555,1.518499993835576e-05,1.313519987888867e-06,3.0757598876953125,560.0,8.289600372314453,-2.4688599609135053e-08,7.649679787391506e-07,25.03350067138672,0.2499980032444,16805,2523197445546983845,4402005,122.30559418,-18.65969251,-999.0,-999.0,56025.6262093,-999.0,-999.0,-999.0,-999.0,-999.0,0.0149010000750422,268437504,0,196608,14,5203.330078125,2262.419921875,-999.0,-999.0,0.0,0.0,0.0,-999.0,-999.0,-999.0,-999.0,-999.0,-0.0259156003594398,0.0105488998815417,-0.0678894966840744,2.2790000438690186,1.488510012626648,-999.0,-999.0,-999.0,-999.0,0.0,2.75,-0.0001374020066577,2.047409907390829e-06,5.697500228881836,1080.0,-999.0,-1.0444500020412308e-07,8.599949978815857e-07,25.03420066833496,0.25,16805,2523197465948078501,4402081,122.30561395,-18.65968041,0.0155630996450781,0.0149012999609112,55873.6526962,20.042200088500977,0.03617599979043,-999.0,0.0065049999393522,-999.0,-999.0,35651585,0,196608,11,5203.06982421875,2262.570068359375,0.0622521005570888,0.0596049986779689,1.0577900409698486,1.0373899936676023,-0.6944500207901001,0.3716579973697662,-999.0,0.9979419708251952,0.9979419708251952,2.400779962539673,0.0678528994321823,0.0055884798057377,0.0519685000181198,-999.0,1.688140034675598,3.492420000839047e-05,1.2634200174943544e-06,-1.05933995655505e-05,6.891460202496091e-08,0.8786410093307495,2.7500100135803223,-999.0,-999.0,-999.0,780.0,-999.0,-9.965199865291653e-08,1.6577599808442756e-06,25.040800094604492,0.2500010132789612,16805,2523197360721379749,4401689,122.30561556,-18.65968822,0.0190625004470348,0.0170236006379127,56004.0137962,19.668699264526367,0.0535349994897842,20.559900283813477,0.0054130000062286,-999.0,-999.0,35653633,0,196608,8,5203.02978515625,2262.489990234375,0.0762500017881393,0.0680942013859748,0.8472530245780945,0.7862939834594727,-20.80920028686523,0.8789849877357483,-3.4340399197690437e-29,0.9947360157966614,0.9947360157966614,1.550179958343506,0.0982173010706901,-0.0032417098991572,0.0499053001403808,-999.0,0.5002359747886658,4.926379915559664e-05,2.6373199943918735e-06,2.167859929613769e-05,1.1735500038412284e-07,0.8256160020828247,2.0,-999.0,-999.0,-999.0,640.0,-11.215200424194336,-7.871310003793043e-08,4.02588011638727e-06,25.074399948120117,0.25,0.0082300761976037,,,,,,,,,,,,,,,,,
PSO J080913.563-183926.021,-999,-999,-999,85611223065391603,974417000047512,453621560949145,0,10820146871885,8561,1,909,32,0.180505813267553,974417,105617,3,444674048,53,122.3064989,-18.65722976,0.0010000000474974,0.0010000000474974,122.30651404,-18.65722815,0.1150899976491928,0.1150899976491928,57008.53290509,1.000599980354309,-0.5063628341916291,0.800785214299764,-0.3199057997415826,129.81394534195064,-37.737292364257584,238.55817026565416,7.750835630264851,-999,1,3,0,0,2,1,0,1155609000002463,1,0,16768,2523197387564925312,4401789,122.30649949,-18.65723089,0.1272329986095428,0.1184459999203682,55957.1729973,23.506200790405273,0.2289450019598007,22.392900466918945,0.0117419995367527,-999.0,-999.0,35651585,4,196608,10,5190.81005859375,2297.830078125,0.5089340209960938,0.4737839996814728,1.372099995613098,1.304360032081604,80.6095962524414,0.0813859030604362,-999.0,0.999131977558136,0.999131977558136,1.7554500102996826,-999.0,-999.0,-999.0,-999.0,-999.0,1.4372500345416483e-06,3.290519998699893e-07,4.007270035799593e-06,4.70533016994068e-08,0.8974570035934448,2.9999899864196777,-999.0,-999.0,-999.0,688.0,-999.0,-2.9126699274684146e-08,5.854200253452291e-07,25.016199111938477,0.25,16768,2523197415482212736,4401893,122.3064989,-18.65722818,0.046399101614952,0.0438827984035015,56216.8584343,22.16230010986328,0.0949309989809989,20.9955997467041,0.0068410001695156,-999.0,-999.0,35651585,4,196608,7,5190.81005859375,2297.830078125,0.1855970025062561,0.1755319982767105,1.192929983139038,1.1583600044250488,45.51689910888672,0.1681279987096786,-999.0,0.9986559748649596,0.9986559748649596,1.9672900438308716,-999.0,-999.0,-999.0,-999.0,-999.0,4.955340045853518e-06,4.704180014414306e-07,1.4513600035570562e-05,9.928759681088196e-08,0.8917940258979797,2.7499799728393555,-999.0,-999.0,-999.0,560.0,-999.0,-2.7659700307935964e-08,7.662710004296969e-07,25.03350067138672,0.2499980032444,16768,2523197445546983808,4402005,122.30649896,-18.65722976,0.122590996325016,0.1134409978985786,56025.6262093,23.117799758911133,0.2535339891910553,-999.0,0.0042610000818967,-999.0,-999.0,35651585,4,196608,16,5190.81005859375,2297.830078125,0.4903639853000641,0.4537630081176758,1.1539100408554075,1.0876799821853638,-51.45830154418945,0.1495659947395324,-999.0,0.9988800287246704,0.9988800287246704,3.3800199031829834,-999.0,-999.0,-999.0,-999.0,-999.0,2.0552899968606653e-06,5.210849849390797e-07,-1.794379932107404e-05,7.645660105026765e-08,0.8917940258979797,2.75,-999.0,-999.0,-999.0,1080.0,-999.0,-1.0328400179560049e-07,8.615060096417437e-07,25.03420066833496,0.25,16768,2523197465948078464,4402081,122.3064885,-18.65720748,0.0338197015225887,0.0323816016316413,55873.6526962,20.981300354003903,0.0786129981279373,-999.0,0.0040500001050531,-999.0,-999.0,35651585,0,196608,12,5190.9599609375,2298.1298828125,0.1352789998054504,0.1295260041952133,1.0577399730682373,1.038100004196167,-1.4843100309371948,0.3682290017604828,-999.0,0.99822199344635,0.99822199344635,2.143440008163452,-0.3311400115489959,0.0627406015992164,-0.313398003578186,-999.0,1.164199948310852,1.4705899957334624e-05,1.156079974862223e-06,-2.732800021476578e-05,1.1068699734551046e-07,0.8944240212440491,2.7500100135803223,-999.0,-999.0,-999.0,780.0,-999.0,-1.005830014833009e-07,1.6511600051671849e-06,25.040800094604492,0.2500010132789612,16768,2523197360721379712,4401689,122.30649827,-18.65723059,0.0943813994526863,0.0842863023281097,56004.0137962,21.44499969482422,0.2650580108165741,-999.0,0.0088849999010562,-999.0,-999.0,35651585,4,196608,8,5190.81005859375,2297.830078125,0.3775250017642975,0.3371450006961822,0.8473910093307495,0.7864620089530945,-21.116500854492188,0.8789880275726318,-999.0,0.9977689981460572,0.9977689981460572,1.3474899530410769,-999.0,-999.0,-999.0,-999.0,-999.0,9.594199582352305e-06,2.543019945733249e-06,-6.710550223942846e-06,5.962110094515083e-08,0.8455110192298889,2.0,-999.0,-999.0,-999.0,640.0,-999.0,-7.239520272150912e-08,4.043350145366276e-06,25.074399948120117,0.25,0.0059212167372065,,,,,,,,,,,,,,,,,
PSO J080912.946-183922.268,-999,-999,-999,85611223039492917,974417000047172,453621560948805,0,10820146870958,8561,1,909,32,0.668193162109883,974417,105617,3,503635968,60,122.30394541,-18.65618575,0.0010000000474974,0.0010000000474974,122.30393862,-18.65619111,0.0026400000788271,0.0028500000480562,55926.49954861,1.5848000049591064,-0.5063299330087808,0.8008128681839218,-0.3198886510809098,129.81062092006923,-37.73694941970705,238.55597458097157,7.749320335335223,-999,5,64,9,9,18,14,14,1155609000002375,1,1,16882,2523197387564925426,4401789,122.30394444,-18.65618057,0.0008712370181456,0.0009546810179017,55957.1729973,16.262800216674805,0.0015030000358819,16.25480079650879,0.0006949999951757,16.3080997467041,0.0013650000328198,102760517,128,196608,6,5225.60986328125,2313.139892578125,0.0034849499352276,0.003818729892373,1.372189998626709,1.3048499822616575,80.67440032958984,0.0815740004181861,-0.9826639890670776,0.9990620017051696,0.9990620017051696,1.971029996871948,0.2034389972686767,0.0023394399322569,0.2237879931926727,1.2279200553894043,0.9048590064048768,0.0011347499676048,1.70605005678226e-06,0.0011431400198489,7.947210178826936e-07,0.8974570035934448,2.9999899864196777,0.0010883699869737,1.485110033172532e-06,3.06978988647461,688.0,-0.0217285007238388,-3.0046301446873265e-08,5.861169825038814e-07,25.016199111938477,0.25,16882,2523197415482212850,4401893,122.30394682,-18.65619787,0.000698251009453,0.0007077989866957,56216.8584343,15.958100318908691,0.0012560000177472,15.958100318908691,0.0006719999946653,16.002099990844727,0.0012720000231638,102760453,128,196608,6,5225.56982421875,2312.85009765625,0.0027930201031267,0.0028312099166214,1.1946300268173218,1.1601899862289429,44.98529815673828,0.1661950051784515,-0.571494996547699,0.9987760186195374,0.9987760186195374,2.708509922027588,0.1651660054922104,0.0066247899085283,0.1790460050106048,1.3084800243377686,0.8430650234222412,0.0015022599836811,1.886910013126908e-06,0.0015022699953988,1.010139953905309e-06,0.8812710046768188,2.7499799728393555,0.0014425900299102,1.8342999510423397e-06,3.2711899280548096,560.0,-0.5658509731292725,-2.898640083515147e-08,7.597710123263823e-07,25.03350067138672,0.2499980032444,16882,2523197445546983922,4402005,122.30394741,-18.65618575,0.0004676319949794,0.000467430014396,56025.6262093,15.88129997253418,0.0008960000122897,15.86989974975586,0.0004649999900721,15.961799621582031,0.000904000014998,102760517,128,196608,15,5225.56005859375,2313.050048828125,0.0018705299589782,0.0018697200575843,1.1541999578475952,1.0886000394821167,-51.4276008605957,0.1483339965343475,0.7986890077590942,0.9980030059814452,0.9980030059814452,3.1510798931121826,0.1620959937572479,-0.0067925699986517,0.1655600070953369,0.986274003982544,0.841746985912323,0.0016124099493026,1.4447200555878226e-06,0.0016294999513775,7.580309784316341e-07,0.8812710046768188,2.75,0.0014972300268709,1.353979996565613e-06,2.465679883956909,1080.0,0.255044013261795,-1.0620500034974613e-07,8.614470061729662e-07,25.03420066833496,0.25,16882,2523197465948078578,4402081,122.30394541,-18.65618624,0.0007577509968541,0.0007381099858321,55873.6526962,15.931500434875488,0.0014469999587163,15.899200439453123,0.0005549999768845,15.995100021362305,0.0016139999497681,102760453,128,196608,13,5225.58984375,2313.02001953125,0.0030310000292956,0.0029524399433285,1.0569900274276731,1.0374799966812134,-2.0838699340820312,0.37152299284935,0.1661220043897628,0.9977830052375792,0.9977830052375792,2.36417007446289,0.1579660028219223,0.0008623889880254,0.1631319969892501,1.0149699449539185,0.8494110107421875,0.0015396400121971,2.2282499685388757e-06,0.0015859899576753,8.803560263004329e-07,0.8812710046768188,2.7500100135803223,0.0014519200194627,2.3431400677509373e-06,2.5374200344085693,780.0,1.3847700357437134,-1.0304299991048539e-07,1.647709950702847e-06,25.040800094604492,0.2500010132789612,16882,2523197360721379826,4401689,122.30394517,-18.65618504,0.0010881200432777,0.0010339600266888,56004.0137962,15.8326997756958,0.0023769999388605,15.829899787902832,0.0006130000110715,15.959199905395508,0.0032780000474303,102760517,128,196608,12,5225.580078125,2313.070068359375,0.0043524801731109,0.0041358298622071,0.8474230170249939,0.7867019772529602,-21.00349998474121,0.8809509873390198,0.9173830151557922,0.9960820078849792,0.9960820078849792,1.330970048904419,0.1051229983568191,-0.0012137599987909,0.1022320017218589,1.0184099674224854,0.7671129703521729,0.0016862800111994,4.008430096291704e-06,0.0016905299853533,1.0363299907112378e-06,0.8355630040168762,2.0,0.0015007799956947,4.919910224998603e-06,2.5460100173950195,640.0,0.1037309989333152,-7.986729855247178e-08,4.028339844808215e-06,25.074399948120117,0.25,0.0076065314190025,,,,,,,,,,,,,,,,,
PSO J080912.913-183921.407,-999,-999,-999,85611223038033205,974417000076768,453621560979166,0,10820146870976,8561,1,909,32,0.945791619779348,974417,105617,3,404226048,48,122.30380434,-18.65594659,0.0010000000474974,0.0010000000474974,122.30380434,-18.65594659,0.0010000000474974,0.0010000000474974,55952.150625,-999.0,-0.5063287857601066,0.8008152087113894,-0.3198846076434905,129.81038285479494,-37.73674809711387,238.55569731034652,7.749342580745445,-999,1,0,0,0,0,0,0,1155609000009182,1,0,16892,2523197387564925436,4401789,122.30380459,-18.65594775,0.100830003619194,0.0938657000660896,55957.1729973,22.005699157714844,0.1814340054988861,-999.0,0.0333390012383461,-999.0,-999.0,35651585,4,196608,6,5227.5,2316.5,0.4033190011978149,0.375463992357254,1.3721699714660645,1.3047699928283691,80.71029663085938,0.081621803343296,-999.0,1.0,1.0,2.1143500804901123,-999.0,-999.0,-999.0,-999.0,-999.0,5.724330094381003e-06,1.0385899713583058e-06,-4.677849858580885e-07,1.5595299274195895e-08,0.9748240113258362,2.9999899864196777,-999.0,-999.0,-999.0,688.0,-999.0,-3.0052298427563073e-08,5.863150249751925e-07,25.016199111938477,0.25,16892,2523197415482212860,4401893,122.303804,-18.65594502,-999.0,-999.0,56216.8584343,-999.0,-999.0,-999.0,-999.0,-999.0,-999.0,268468224,0,196608,6,5227.5,2316.5,-999.0,-999.0,0.0,0.0,0.0,-999.0,-999.0,-999.0,-999.0,-999.0,-999.0,-999.0,-999.0,-999.0,-999.0,-999.0,-999.0,-999.0,-999.0,0.0,2.7499799728393555,-999.0,-999.0,-999.0,560.0,-999.0,-2.9308200311106706e-08,7.593520194859593e-07,25.03350067138672,0.2499980032444,16892,2523197445546983932,4402005,122.30380406,-18.65594659,0.1178010031580925,0.1090079993009567,56025.6262093,22.518800735473633,0.2436269968748092,-999.0,0.0064810002222657,-999.0,-999.0,35651585,4,196608,16,5227.5,2316.5,0.47120401263237,0.4360319972038269,1.1541999578475952,1.08856999874115,-51.42570114135742,0.14826300740242,-999.0,1.0,1.0,3.38703989982605,-999.0,-999.0,-999.0,-999.0,-999.0,3.5683699479704956e-06,8.693510267221427e-07,-7.755939805065282e-06,5.0266098838847035e-08,0.9917590022087096,2.75,-999.0,-999.0,-999.0,1080.0,-999.0,-1.0635999814212482e-07,8.615559750069224e-07,25.03420066833496,0.25,16892,2523197465948078588,4402081,122.30380434,-18.65594514,0.0181514993309974,0.0173796992748975,55873.6526962,20.022199630737305,0.0421929992735385,19.59280014038086,0.0030410001054406,-999.0,-999.0,35651585,4,196608,12,5227.5,2316.5,0.0726059973239898,0.0695186033844947,1.0569299459457395,1.0374699831008911,-2.1874399185180664,0.3715600073337555,-999.0,1.0,1.0,2.7884199619293213,-999.0,-999.0,-999.0,-999.0,-999.0,3.5572000342654064e-05,1.5008899936219675e-06,5.283160135149956e-05,1.606770041462369e-07,0.9917590022087096,2.7500100135803223,-999.0,-999.0,-999.0,780.0,-999.0,-1.0332399824619642e-07,1.646929945309239e-06,25.040800094604492,0.2500010132789612,16892,2523197360721379836,4401689,122.30380337,-18.65594743,0.7069090008735657,0.6312969923019409,56004.0137962,-999.0,1.985260009765625,-999.0,0.0067059998400509,-999.0,-999.0,35651585,4,196608,12,5227.5,2316.5,2.827630043029785,2.5251801013946533,0.8474339842796326,0.7867289781570435,-21.015399932861328,0.881102979183197,-999.0,1.0,1.0,1.395449995994568,-999.0,-999.0,-999.0,-999.0,-999.0,-1.3409700159172644e-06,2.66216989075474e-06,-1.1779199667216744e-05,7.899129883526258e-08,0.9797980189323424,2.0,-999.0,-999.0,-999.0,640.0,-999.0,-7.994290029955664e-08,4.028459898108849e-06,25.074399948120117,0.25,0.0076474951326482,,,,,,,,,,,,,,,,,
PSO J080914.913-183944.878,-999,-999,-999,85601223121455369,974417000048207,453621560949840,0,10820146872446,8560,1,909,32,0.367855129174753,974417,105617,3,528801792,63,122.31213816,-18.66246617,0.0010000000474974,0.0010000000474974,122.31213283,-18.66247973,0.0043899999000132,0.0085399998351931,55943.92884259,2.104700088500977,-0.5064256863620307,0.8007107686990802,-0.3199926391060803,129.82221453144126,-37.74091938868459,238.5655155745339,7.752552041208547,-999,5,71,12,10,20,16,13,1155609000002645,1,1,16513,2523197387564925057,4401789,122.31213816,-18.6624803,0.0036061101127415,0.0033570500090718,55957.1729973,19.384599685668945,0.0064889998175203,18.61319923400879,0.0020600000862032,16.20170021057129,0.0023219999857246,35667973,128,196608,12,5114.240234375,2221.830078125,0.0144245000556111,0.0134282000362873,1.371760010719299,1.304360032081604,79.96299743652344,0.0805348977446556,0.0,0.9990000128746032,0.9990000128746032,9.471610069274902,0.3212479948997497,0.0022107099648565,0.3376280069351196,5.363659858703613,1.1783499717712402,6.399700214387849e-05,4.152689996317349e-07,0.0001302320015383,2.682409956378251e-07,0.8974570035934448,2.9999899864196777,0.0012004299787804,2.786890036077238e-06,13.409199714660645,688.0,33.38410186767578,-2.9542999158138628e-08,5.779510274805943e-07,25.016199111938477,0.25,16513,2523197415482212481,4401893,122.3121404,-18.66246819,0.0022059900220483,0.0020863600075244,56216.8584343,18.59630012512207,0.0045130001381039,17.830900192260742,0.0015930000226944,15.193599700927734,0.0016710000345483,35667973,128,196608,10,5114.2001953125,2221.9599609375,0.0088240196928381,0.0083454800769686,1.1883599758148191,1.1532200574874878,45.43980026245117,0.1744710057973861,0.0,0.9981809854507446,0.9981809854507446,21.72640037536621,0.2658680081367492,0.0016678300453349,0.2717519998550415,5.8938798904418945,1.1199400424957275,0.0001322750031249,5.970110237285553e-07,0.0002677039883565,4.264169888301695e-07,0.8944240212440491,2.7499799728393555,0.0030378301162272,5.0760500016622245e-06,14.734700202941896,560.0,38.22629928588867,-2.1543700157167226e-08,7.824430099390156e-07,25.03350067138672,0.2499980032444,16513,2523197445546983553,4402005,122.31213814,-18.66246617,0.0025025999639183,0.0023157999385148,56025.6262093,18.68549919128418,0.0051759998314082,21.407800674438477,0.0059600002132356,-999.0,-999.0,35667973,128,196608,19,5114.22998046875,2222.02001953125,0.0100103998556733,0.0092631904408335,1.1529300212860107,1.086719989776611,-51.48429870605469,0.1519400030374527,0.0,0.9979609847068788,0.9979609847068788,19.160600662231445,0.2453549951314926,-0.0025740100536495,0.2520630061626434,-999.0,1.0932400226593018,0.0001218469988089,6.306410114120808e-07,9.928199688147288e-06,5.9169099841938084e-08,0.8891630172729492,2.75,-999.0,-999.0,-999.0,1080.0,40.33380126953125,-9.67955031683232e-08,8.616179911768995e-07,25.03420066833496,0.25,16513,2523197465948078209,4402081,122.31213195,-18.66246018,0.0033444499131292,0.0032022299710661,55873.6526962,18.438800811767575,0.0077740000560879,21.16370010375977,0.0062699997797608,-999.0,-999.0,35667973,128,196608,15,5114.31005859375,2222.080078125,0.0133777996525168,0.0128089003264904,1.0593600273132324,1.0384700298309326,0.5790960192680359,0.3629019856452942,0.0,0.997771978378296,0.997771978378296,9.884360313415527,0.2323309928178787,0.0001787549990694,0.2343239933252334,-999.0,1.0783300399780271,0.0001529279979877,1.188879991786962e-06,1.2431400136847516e-05,7.794130141292045e-08,0.8865320086479187,2.7500100135803223,-999.0,-999.0,-999.0,780.0,28.522600173950195,-9.57482981789326e-08,1.6605799828539602e-06,25.040800094604492,0.2500010132789612,16513,2523197360721379457,4401689,122.31214206,-18.66245694,0.0046356399543583,0.0041398000903427,56004.0137962,18.188899993896484,0.0130190001800656,18.441499710083008,0.0020409999415278,-999.0,-999.0,35667973,128,196608,13,5114.16015625,2222.159912109375,0.0185425002127885,0.016559200361371,0.8471159934997559,0.7855150103569031,-21.135900497436523,0.8740659952163696,0.0,0.996408998966217,0.996408998966217,3.562170028686523,0.1509930044412613,-0.0020665898919105,0.1548559963703155,-999.0,0.9509329795837402,0.0001925130054587,2.506239979993552e-06,0.0001525419938843,3.1130099387155497e-07,0.8455110192298889,2.0,-999.0,-999.0,-999.0,640.0,28.55500030517578,-5.0812300145253175e-08,4.078459824086167e-06,25.074399948120117,0.25,0.0088190013460359,,,,,,,,,,,,,,,,,
PSO J080914.883-183949.652,-999,-999,-999,85601223120113784,974417000048187,453621560949820,0,10820146872900,8560,1,909,32,0.0738290213736044,974417,105617,3,528801792,63,122.31201482,-18.66379246,0.0010000000474974,0.0010000000474974,122.31200829,-18.66381199,0.0039800000376999,0.0042200000025331,55989.20842593,2.645299911499023,-0.5064199685671823,0.8007055808659262,-0.3200146687365653,129.82252380928674,-37.74223431220265,238.56659099046612,7.751743733197138,-999,5,71,12,10,20,17,12,1155609000002640,1,1,16518,2523197387564925062,4401789,122.31200839,-18.6638029,0.0016083800001069,0.0014972999924793,55957.1729973,18.091800689697266,0.0028939999174326,17.625999450683594,0.0013070000568404,15.694299697875977,0.0020069999154657,35667973,128,196608,12,5116.10009765625,2202.7900390625,0.0064335400238633,0.0059892102144658,1.3718299865722656,1.3050099611282349,79.71710205078125,0.0802991986274719,0.0,0.9990159869194032,0.9990159869194032,9.408960342407228,0.2597160041332245,0.0034300899133086,0.2604100108146667,7.293350219726563,1.0758800506591797,0.0002105199964717,6.092769808674348e-07,0.0003233049937989,4.226409942020837e-07,0.8996679782867432,2.9999899864196777,0.001915429951623,3.844399998342851e-06,18.233400344848633,688.0,17.99810028076172,-3.0355998603681655e-08,5.759339956057374e-07,25.016199111938477,0.25,16518,2523197415482212486,4401893,122.31203363,-18.6637805,0.0011445099953562,0.0010824400233104,56216.8584343,17.475799560546875,0.0023419999051839,16.942699432373047,0.0010580000234767,14.703700065612791,0.0015829999465495,35667973,128,196608,10,5115.75,2203.070068359375,0.0045780600048601,0.0043297898955643,1.1880799531936646,1.1528500318527222,44.83620071411133,0.1753900051116943,0.0,0.997987985610962,0.997987985610962,21.353599548339844,0.2264589965343475,-0.0001292980014113,0.2193139940500259,9.0060396194458,1.037670016288757,0.0003712459874805,8.693240260981838e-07,0.0006065979832783,6.418870270863408e-07,0.8891630172729492,2.7499799728393555,0.0047699301503598,7.549519978056196e-06,22.515100479125977,560.0,24.77680015563965,-2.0020900493022964e-08,7.827919716874021e-07,25.03350067138672,0.2499980032444,16518,2523197445546983558,4402005,122.31201482,-18.66379146,0.0008058159728534,0.0007456690073013,56025.6262093,17.16360092163086,0.0016670000040903,16.54599952697754,0.0006350000039674,13.96310043334961,0.0010069999843835,102776839,128,196608,17,5116.0,2202.93994140625,0.0032232699450105,0.0029826799873262,1.1529099941253662,1.087339997291565,-51.4734001159668,0.1517989933490753,0.0,0.9975640177726746,0.9975640177726746,599.0830078125,0.2131199985742569,-0.0043343799188733,0.2067600041627884,11.19569969177246,1.0374399423599243,0.000494965002872,8.248729841398017e-07,0.0008741799974814,5.552140009967843e-07,0.8865320086479187,2.75,0.0094357198104262,9.501970453129616e-06,27.98929977416992,1080.0,30.335599899291992,-9.696400127268134e-08,8.612050237388758e-07,25.03420066833496,0.25,16518,2523197465948078214,4402081,122.3120263,-18.66379246,0.0011931899935007,0.0011424600379541,55873.6526962,17.057600021362305,0.002773999935016,16.341899871826172,0.0006810000049881,13.968999862670898,0.0015889999922364,102776839,128,196608,14,5115.85009765625,2202.89990234375,0.0047727702185511,0.0045698201283812,1.059399962425232,1.038100004196167,0.934935986995697,0.3640660047531128,0.0,0.9986029863357544,0.9986029863357544,275.64801025390625,0.2109220027923584,0.0025133199524134,0.2001760005950927,8.474989891052246,1.04052996635437,0.0005457199877128,1.5135899502638497e-06,0.0010549499420449,7.180000238804496e-07,0.8970549702644348,2.7500100135803223,0.009383950382471,1.4906900105415843e-05,21.1875,780.0,24.75860023498535,-9.551050084155577e-08,1.6628699768261868e-06,25.040800094604492,0.2500010132789612,16518,2523197360721379462,4401689,122.31200776,-18.66380544,0.0021274799946695,0.0018999200547114,56004.0137962,17.01919937133789,0.0059750000946223,16.542999267578125,0.0008510000188834,13.894000053405762,0.0028739999979734,102776839,128,196608,10,5116.08984375,2202.75,0.0085098901763558,0.0075996601954102,0.8470330238342285,0.7853710055351257,-21.00760078430176,0.8738539814949036,0.0,0.9969109892845154,0.9969109892845154,78.74819946289062,0.1383440047502517,-0.0014200400328263,0.1335320025682449,6.327760219573975,0.9335520267486572,0.0005653519765473,3.3778298984543653e-06,0.0008766180253587,7.462600137841946e-07,0.8455110192298889,2.0,0.0100552998483181,2.8897300580865704e-05,15.8193998336792,640.0,26.234399795532227,-5.1206999529540553e-08,4.074599928571843e-06,25.074399948120117,0.25,0.01014927069708,,,,,,,,,,,,,,,,,
PSO J080911.627-183946.131,-999,-999,-999,85601222985104909,974417000046449,453621560948082,0,10820146876866,8560,1,909,32,0.822260857394208,974417,105617,3,436527104,52,122.29848219,-18.66279967,0.0010000000474974,0.0010000000474974,122.29844619,-18.66281421,0.0455700010061264,0.0601699985563755,56013.92673611,0.6618000268936157,-0.506233402423052,0.8008301402382857,-0.3199981699277481,129.80653390770902,-37.74472751080523,238.5588437880065,7.741391815268684,-999,3,8,0,0,5,3,0,1155609000002209,1,1,17153,2523197387564925697,4401789,122.29845899,-18.66280316,0.351608008146286,0.3273240029811859,55957.1729973,-999.0,0.6326889991760254,-999.0,0.0101410001516342,-999.0,-999.0,35651585,4,196608,10,5300.93017578125,2218.1298828125,1.4064300060272217,1.3092999458312988,1.3740299940109253,1.311020016670227,79.10710144042969,0.0800198018550872,-999.0,0.9990299940109252,0.9990299940109252,1.8890899419784544,-999.0,-999.0,-999.0,-999.0,-999.0,-5.086520218355872e-07,3.218179926989251e-07,-5.055790097685531e-06,5.1270099277189736e-08,0.904088020324707,2.9999899864196777,-999.0,-999.0,-999.0,688.0,-999.0,-3.347760113570075e-08,5.810439915876486e-07,25.016199111938477,0.25,17153,2523197415482213121,4401893,122.29845848,-18.66280035,0.1268859952688217,0.1200049966573715,56216.8584343,23.380800247192383,0.2596069872379303,24.638500213623047,0.0366180017590522,-999.0,-999.0,35651585,4,196608,10,5300.93017578125,2218.1298828125,0.507548987865448,0.4800240099430084,1.1965099573135376,1.1613399982452393,39.850799560546875,0.16907399892807,-999.0,0.998350977897644,0.998350977897644,1.4395300149917605,-999.0,-999.0,-999.0,-999.0,-999.0,1.6132099744936568e-06,4.187990043647005e-07,5.065410277893534e-07,1.8548799829432028e-08,0.8970549702644348,2.7499799728393555,-999.0,-999.0,-999.0,560.0,-999.0,-2.0373800424522418e-08,7.478279826500511e-07,25.03350067138672,0.2499980032444,17153,2523197445546984193,4402005,122.29846831,-18.66280922,0.0316798985004425,0.0293153002858161,56025.6262093,21.70199966430664,0.0655179992318153,22.0669002532959,0.0080730002373456,22.01740074157715,0.1189699992537498,35651585,0,196608,18,5300.7998046875,2218.02001953125,0.1267199963331222,0.1172609999775886,1.1558200120925903,1.094879984855652,-51.38470077514648,0.1459259986877441,-0.0052530402317643,0.998071014881134,0.998071014881134,1.3554500341415403,0.1457059979438781,0.0076856198720633,0.1418879926204681,0.7921350002288818,0.4669620096683502,7.571619789814576e-06,4.960779733664822e-07,5.41062991032959e-06,4.368009953736873e-08,0.8944240212440491,2.75,5.662720013788203e-06,6.736959790032415e-07,1.9803400039672852,1080.0,-2.7910900115966797,-1.1304999958383632e-07,8.549660037715512e-07,25.03420066833496,0.25,17153,2523197465948078849,4402081,122.29846955,-18.662799,0.034842599183321,0.0333609990775585,55873.6526962,21.11440086364746,0.0809909999370575,22.003599166870117,0.0092310002073645,21.399900436401367,0.138725996017456,35651585,0,196608,13,5300.7900390625,2218.14990234375,0.1393699944019317,0.133443996310234,1.0567599534988403,1.0350899696350098,-0.0729323998093605,0.3862709999084472,-0.0792428031563758,0.9984899759292604,0.9984899759292604,1.2093600034713743,0.1493809968233108,0.0142849003896117,0.0999938994646072,0.7786960005760193,0.2716050148010254,1.3009200301894452e-05,1.0536299441810115e-06,5.735169906984083e-06,5.29397006232557e-08,0.8944240212440491,2.7500100135803223,1.0000499969464728e-05,1.387330030411249e-06,1.9467400312423704,780.0,-1.7551000118255615,-9.999649819292245e-08,1.6718099686841017e-06,25.040800094604492,0.2500010132789612,17153,2523197360721380097,4401689,122.29849483,-18.66280625,0.066940501332283,0.0597805008292198,56004.0137962,21.224599838256836,0.1879940032958984,21.38629913330078,0.0079199997708201,21.642799377441406,0.3502449989318847,35651585,0,196608,11,5300.43017578125,2218.080078125,0.2677620053291321,0.2391220033168792,0.8470960259437561,0.7865719795227051,-19.86000061035156,0.8828629851341248,-0.2795180082321167,0.995826005935669,0.995826005935669,1.246809959411621,0.0683602020144462,0.0051611000671982,0.1120370030403137,0.6665070056915283,0.657247006893158,1.1753600119845942e-05,2.209610101999715e-06,1.0127299901796503e-05,8.021069675123726e-08,0.8355630040168762,2.0,7.99607005319558e-06,2.800579977702e-06,1.6662700176239014,640.0,-1.0814000368118286,-1.1748900163865986e-07,3.941419890907127e-06,25.074399948120117,0.25,0.0153900172476703,,,,,,,,,,,,,,,,,
PSO J080912.555-183957.468,-999,-999,-999,85601223022821183,974417000076751,453621560979149,0,10820146885215,8560,1,909,32,0.412300723988843,974417,105617,3,404226048,48,122.30231625,-18.66596352,0.0010000000474974,0.0010000000474974,122.30231625,-18.66596352,0.0010000000474974,0.0010000000474974,56018.32756944,-999.0,-0.5062780935012909,0.8007810766197043,-0.3200502450686225,129.81207070388132,-37.74677531654084,238.5635029168031,7.742822923048783,-999,2,0,0,0,0,0,0,1155609000009165,1,0,16964,2523197387564925508,4401789,122.30228418,-18.66596566,0.1808370053768158,0.1683470010757446,55957.1729973,23.89550018310547,0.3254010081291199,-999.0,0.0237719994038343,-999.0,-999.0,35651585,4,196608,10,5248.9599609375,2172.31005859375,0.7233489751815796,0.6733899712562561,1.3739399909973145,1.3109500408172607,78.70539855957031,0.0794709026813507,-999.0,0.9988620281219482,0.9988620281219482,1.732830047607422,-999.0,-999.0,-999.0,-999.0,-999.0,1.0041700306828716e-06,3.267589931965631e-07,-9.200589943247904e-07,2.1871500166525948e-08,0.8974570035934448,2.9999899864196777,-999.0,-999.0,-999.0,688.0,-999.0,-3.3141798638780535e-08,5.7733001312954e-07,25.016199111938477,0.25,16964,2523197415482212932,4401893,122.30233929,-18.66597165,0.0911926999688148,0.0862471982836723,56216.8584343,23.018999099731445,0.1865780055522918,23.464599609375,0.0213259998708963,-999.0,-999.0,35651585,0,196608,10,5248.2001953125,2172.179931640625,0.3647730052471161,0.344990998506546,1.1934800148010254,1.15802001953125,40.00859832763672,0.1731770038604736,-0.0726319029927253,0.9980310201644896,0.9980310201644896,1.4305399656295776,0.1464670002460479,-0.0535770989954471,0.1551329940557479,-999.0,0.2194389998912811,2.25107010010106e-06,4.199999921183917e-07,1.4933999636923545e-06,3.1849001658201814e-08,0.8917940258979797,2.7499799728393555,-999.0,-999.0,-999.0,560.0,-1.795140027999878,-1.6542099245953068e-08,7.585380217278725e-07,25.03350067138672,0.2499980032444,16964,2523197445546984004,4402005,122.30229321,-18.66596391,0.0801047980785369,0.0741256028413772,56025.6262093,22.703699111938477,0.1656669974327087,-999.0,0.016109000891447,-999.0,-999.0,35651585,0,196608,15,5248.830078125,2172.320068359375,0.3204190135002136,0.2965030074119568,1.1552900075912476,1.094130039215088,-51.41790008544922,0.1476449966430664,-999.0,0.9986979961395264,0.9986979961395264,1.4365999698638916,0.011502900160849,-0.0428200997412204,0.1065080016851425,-999.0,1.0778900384902954,3.009720103364089e-06,4.986109729543386e-07,-1.2554600061776e-06,2.0223700047949933e-08,0.8891630172729492,2.75,-999.0,-999.0,-999.0,1080.0,-999.0,-1.0868500055494225e-07,8.547460197405599e-07,25.03420066833496,0.25,16964,2523197465948078660,4402081,122.30228389,-18.66596312,0.2823109924793243,0.2703059911727905,55873.6526962,23.270200729370117,0.6562280058860779,-999.0,0.0110619999468326,-999.0,-999.0,35651585,4,196608,11,5248.9599609375,2172.31005859375,1.1292400360107422,1.081220030784607,1.057960033416748,1.0355499982833862,1.11312997341156,0.3824979960918426,-999.0,0.9981679916381836,0.9981679916381836,1.2636699676513672,-999.0,-999.0,-999.0,-999.0,-999.0,1.7861000287666684e-06,1.1720900374712071e-06,-3.6640199141402263e-06,4.052959923228627e-08,0.8891630172729492,2.7500100135803223,-999.0,-999.0,-999.0,780.0,-999.0,-9.613879825565165e-08,1.6792699852885562e-06,25.040800094604492,0.2500010132789612,16964,2523197360721379908,4401689,122.30228292,-18.66596539,0.1637690067291259,0.1462520062923431,56004.0137962,-999.0,0.4599240124225616,-999.0,0.0099039999768137,-999.0,-999.0,35651585,4,196608,7,5248.9599609375,2172.31005859375,0.6550750136375427,0.5850080251693726,0.8469449877738953,0.7860239744186401,-19.89590072631836,0.8796049952507019,-999.0,0.997098982334137,0.997098982334137,1.211549997329712,-999.0,-999.0,-999.0,-999.0,-999.0,-6.57502005196875e-06,3.024010084118345e-06,-5.400650024967035e-06,5.348639930957688e-08,0.8455110192298889,2.0,-999.0,-999.0,-999.0,640.0,-999.0,-1.0550299833766985e-07,3.961639777116943e-06,25.074399948120117,0.25,0.0150856438639803,,,,,,,,,,,,,,,,,
PSO J080913.546-183958.327,-999,-999,-999,85601223064630920,974417000047498,453621560949131,0,10820146886013,8560,1,909,32,0.0110536795212456,974417,105617,3,1384198144,165,122.30633562,-18.66613368,0.0010000000474974,0.0010000000474974,122.3064443,-18.66620206,0.1028200015425682,0.1028200015425682,56289.52508102,-999.0,-0.5063350747752233,0.8007434719736752,-0.3200541893865992,129.81691568339204,-37.74595366733685,238.56580527365105,7.7460084466537245,-999,1,1,0,0,1,0,0,1155609000002456,1,0,16774,2523197387564925318,4401789,122.30633384,-18.66614812,1.9024499654769895,1.771049976348877,55957.1729973,-999.0,3.423290014266968,24.8439998626709,0.0363040007650852,-999.0,-999.0,35651585,4,196608,12,5193.7099609375,2169.39990234375,7.609799861907959,7.084229946136475,1.3731199502944946,1.3089699745178225,78.93109893798828,0.079621598124504,-999.0,0.9996539950370787,0.9996539950370787,1.518380045890808,-999.0,-999.0,-999.0,-999.0,-999.0,-8.483600311137708e-08,2.904180007590185e-07,4.191900018213346e-07,1.5218500237779153e-08,0.8974570035934448,2.9999899864196777,-999.0,-999.0,-999.0,688.0,-999.0,-3.2574199337886967e-08,5.751530238740088e-07,25.016199111938477,0.25,16774,2523197415482212742,4401893,122.30633562,-18.66613368,0.0754832029342651,0.0713896974921226,56216.8584343,22.94059944152832,0.1544370055198669,22.09280014038086,0.0113390004262328,22.106199264526367,0.1330430060625076,35667969,0,196608,12,5193.669921875,2169.570068359375,0.3019349873065948,0.2855609953403473,1.1909600496292114,1.15556001663208,41.54280090332031,0.1748760044574737,1.1054599902138308e-08,0.9994739890098572,0.9994739890098572,1.5341399908065796,0.2556700110435486,0.003993070218712,0.2424470037221908,1.123289942741394,0.8517240285873413,2.4195999230869347e-06,3.736749931704253e-07,5.282829988573212e-06,5.990199980487887e-08,0.8865320086479187,2.7499799728393555,5.218059868639102e-06,6.942240133867017e-07,2.808229923248291,560.0,5.713699817657471,-1.673149974124044e-08,7.690169923080248e-07,25.03350067138672,0.2499980032444,16774,2523197445546983814,4402005,122.30633332,-18.66614702,0.115556001663208,0.1069310009479522,56025.6262093,-999.0,0.238984003663063,-999.0,0.0056280000135302,-999.0,-999.0,35651585,4,196608,18,5193.7099609375,2169.39990234375,0.462224006652832,0.4277229905128479,1.154289960861206,1.0917600393295288,-51.43410110473633,0.1493089944124221,-999.0,0.999215006828308,0.999215006828308,1.9977999925613403,-999.0,-999.0,-999.0,-999.0,-999.0,-1.827469986892538e-06,4.367360020296474e-07,-1.02834001154406e-05,5.78795997796533e-08,0.8865320086479187,2.75,-999.0,-999.0,-999.0,1080.0,-999.0,-1.0383700299598787e-07,8.570930276619038e-07,25.03420066833496,0.25,16774,2523197465948078470,4402081,122.30633355,-18.66614561,0.0941831022500991,0.0901781991124153,55873.6526962,-999.0,0.2189269959926605,-999.0,0.0051369997672736,-999.0,-999.0,35651585,4,196608,13,5193.7099609375,2169.39990234375,0.3767319917678833,0.3607119917869568,1.0586299896240234,1.0363500118255615,1.3205100297927856,0.3756519854068756,-999.0,0.9992200136184692,0.9992200136184692,1.5106099843978882,-999.0,-999.0,-999.0,-999.0,-999.0,-4.535950210993178e-06,9.930420219461666e-07,-1.6986399714369327e-05,8.726590294827474e-08,0.8865320086479187,2.7500100135803223,-999.0,-999.0,-999.0,780.0,-999.0,-9.557970059859144e-08,1.6744399999879531e-06,25.040800094604492,0.2500010132789612,16774,2523197360721379718,4401689,122.30633258,-18.66614788,0.2770679891109466,0.2474330067634582,56004.0137962,-999.0,0.7781090140342712,-999.0,0.0129680000245571,-999.0,-999.0,35651585,4,196608,11,5193.7099609375,2169.39990234375,1.1082700490951538,0.9897289872169496,0.8469139933586121,0.7856360077857971,-20.266700744628903,0.8769659996032715,-999.0,0.9978399872779846,0.9978399872779846,1.3364200592041016,-999.0,-999.0,-999.0,-999.0,-999.0,-3.031349933735328e-06,2.358719939365983e-06,-3.149900067000999e-06,4.0847801585641725e-08,0.8405370116233826,2.0,-999.0,-999.0,-999.0,640.0,-999.0,-8.29587989414904e-08,4.006200015282957e-06,25.074399948120117,0.25,0.0134224057607169,,,,,,,,,,,,,,,,,
PSO J080914.414-183919.063,-999,-999,-999,85611223100683978,974417000076823,453621560979221,0,10820146889752,8561,1,909,32,0.6280743811541,974417,105617,3,404226048,48,122.31006069,-18.65529544,0.0010000000474974,0.0010000000474974,122.31006069,-18.65529544,0.0010000000474974,0.0010000000474974,55952.150625,-999.0,-0.5064181699718918,0.8007629883879871,-0.3198738400530131,129.81738095282142,-37.73452745414308,238.5583213380474,7.754709196050375,-999,3,0,0,0,0,0,0,1155609000009229,1,0,16598,2523197387564925142,4401789,122.3100002,-18.6555376,0.0093944501131773,0.0087456200271844,55957.1729973,20.338300704956055,0.0169050004333257,19.33370018005371,0.0028699999675154,19.23530006408691,0.011927000246942,35667969,0,196608,10,5142.919921875,2321.97998046875,0.0375779010355472,0.0349824987351894,1.371690034866333,1.3020999431610107,81.0625991821289,0.0817352980375289,0.0,0.9987000226974488,0.9987000226974488,7.1712799072265625,0.1867479979991912,0.1103859990835189,0.4448379874229431,1.4209100008010864,0.8896570205688477,2.6586400053929538e-05,4.494299901125487e-07,6.706969725200906e-05,1.9249900162776615e-07,0.8974570035934448,2.9999899864196777,7.343279867200181e-05,8.758680110076966e-07,3.552259922027588,688.0,19.410400390625,-2.657870012967578e-08,5.88264015277673e-07,25.016199111938477,0.25,-999,-999,-999,-999.0,-999.0,-999.0,-999.0,-999.0,-999.0,-999.0,-999.0,-999.0,-999.0,-999.0,-999,-999,-999,-999,-999.0,-999.0,-999.0,-999.0,-999.0,-999.0,-999.0,-999.0,-999.0,-999.0,-999.0,-999.0,-999.0,-999.0,-999.0,-999.0,-999.0,-999.0,-999.0,-999.0,-999.0,-999.0,-999.0,-999.0,-999.0,-999.0,-999.0,-999.0,-999.0,-999.0,-999.0,-999.0,16598,2523197445546983638,4402005,122.31006682,-18.65529544,0.0031675000209361,0.002931070048362,56025.6262093,18.78809928894043,0.0065509998239576,17.641399383544922,0.0010519999777898,17.066200256347656,0.0043540000915527,35667969,0,196608,16,5141.97998046875,2325.43994140625,0.0126700000837445,0.0117242997512221,1.1534099578857422,1.0849000215530396,-51.51060104370117,0.1513870060443878,0.0,0.9982349872589112,0.9982349872589112,38.22050094604492,0.1779800057411193,-0.0933737978339195,0.3510200083255768,2.3346900939941406,1.0830600261688232,0.0001108560027205,7.261950258907746e-07,0.0003187459951732,3.352600117523253e-07,0.8839020133018494,2.75,0.0005414219922386,2.357460061830352e-06,5.836730003356934,1080.0,48.859100341796875,-9.90784982946025e-08,8.631039918327588e-07,25.03420066833496,0.25,16598,2523197465948078294,4402081,122.31006069,-18.65528033,0.0038044101092964,0.0036426400765776,55873.6526962,18.516799926757812,0.0088430000469088,17.319599151611328,0.0010679999832063,16.84869956970215,0.0061650001443922,35667969,0,196608,14,5142.06982421875,2325.639892578125,0.015217600390315,0.0145704997703433,1.058500051498413,1.039639949798584,-1.847390055656433,0.3609369993209839,0.0,0.9980120062828064,0.9980120062828064,20.14109992980957,0.175478994846344,-0.0778658017516136,0.3241089880466461,2.083630084991455,1.065750002861023,0.0001423280045855,1.2586499451572308e-06,0.0004286949988454,4.577009917738906e-07,0.8865320086479187,2.7500100135803223,0.0006615109741687,4.078479832969606e-06,5.209080219268799,780.0,35.68069839477539,-9.880260165573419e-08,1.647890030653798e-06,25.040800094604492,0.2500010132789612,16598,2523197360721379542,4401689,122.31006807,-18.65530342,0.0426178984344005,0.0380593985319137,56004.0137962,-999.0,0.1196869984269142,-999.0,0.0033589999657124,-999.0,-999.0,35651585,4,196608,11,5141.9599609375,2325.340087890625,0.1704709976911544,0.1522369980812072,0.8475409746170044,0.7864490151405334,-21.586599349975582,0.8770449757575989,-999.0,0.997085988521576,0.997085988521576,2.1085400581359863,-999.0,-999.0,-999.0,-999.0,-999.0,-2.247379961772822e-05,2.6898198939306894e-06,-4.695390089182183e-05,1.5770899608469338e-07,0.8504840135574341,2.0,-999.0,-999.0,-999.0,640.0,-999.0,-5.903340039026262e-08,4.076539880770724e-06,25.074399948120117,0.25,0.0021447953384362,,,,,,,,,,,,,,,,,
PSO J080914.514-183915.580,-999,-999,-999,85611223105085143,974417000048002,453621560949635,0,10820146889797,8561,1,909,32,0.37696179875821,974417,105617,3,444915712,53,122.31047646,-18.65432788,0.0010000000474974,0.0010000000474974,122.31047525,-18.65434063,0.0084300003945827,0.0199800003319978,56136.78582176,5.177999973297119,-0.5064268129808169,0.8007638292994007,-0.3198580509848903,129.81753474837052,-37.73350220082993,238.55771596985247,7.75554951784149,-999,4,24,4,6,11,2,1,1155609000002595,1,1,16577,2523197387564925121,4401789,122.31048074,-18.65435663,0.0064745601266622,0.0060273897834122,55957.1729973,20.0137996673584,0.0116499997675418,19.27120018005371,0.0027890000492334,18.528900146484375,0.0085020000115036,102776839,128,196608,10,5136.27978515625,2338.949951171875,0.0258983001112937,0.0241096001118421,1.3716000318527222,1.3013499975204468,81.27980041503906,0.0819510966539383,0.0,0.9988549947738647,0.9988549947738647,12.85509967803955,0.280034989118576,-0.0073009100742638,0.339614987373352,2.1322200298309326,0.943050980567932,3.5849199775839224e-05,4.176579864179075e-07,7.104380347300321e-05,1.981200057343813e-07,0.8974570035934448,2.9999899864196777,0.0001407429954269,1.1965299790972497e-06,5.330540180206299,688.0,27.81130027770996,-2.5688800420198277e-08,5.900930091229384e-07,25.016199111938477,0.25,16577,2523197415482212545,4401893,122.31048222,-18.65432524,0.0045844400301575,0.0043358202092349,56216.8584343,19.50779914855957,0.0093799997121095,18.77300071716309,0.0024580000899732,17.580799102783203,0.0056790001690387,35667969,0,196608,10,5136.25,2339.3701171875,0.0183378998190164,0.0173434000462293,1.191499948501587,1.1568200588226318,48.35020065307617,0.1677410006523132,0.0,0.998769998550415,0.998769998550415,23.88290023803711,0.2337120026350021,0.001531449961476,0.2585340142250061,2.3412699699401855,0.982237994670868,5.7131801440846175e-05,5.358759835871751e-07,0.0001124120026361,2.7632199817162473e-07,0.8865320086479187,2.7499799728393555,0.0003370440099388,1.9141900793329114e-06,5.853169918060303,560.0,33.82460021972656,-3.102099910279321e-08,7.746489814053348e-07,25.03350067138672,0.2499980032444,16577,2523197445546983617,4402005,122.31047086,-18.65432788,0.0045173801481723,0.004180199932307,56025.6262093,19.350200653076172,0.0093430001288652,18.446399688720703,0.0015239999629557,17.000699996948242,0.0048440000973641,35667969,0,196608,15,5136.39990234375,2339.35009765625,0.0180695001035928,0.016720799729228,1.153370022773743,1.0842700004577637,-51.52149963378906,0.1516409963369369,0.0,0.9995700120925904,0.9995700120925904,37.44340133666992,0.2361479997634887,-0.0078630903735756,0.259427011013031,2.8290300369262695,1.008620023727417,6.605860107811168e-05,6.171540007926524e-07,0.0001518579956609,2.3140799498833078e-07,0.8839020133018494,2.75,0.0005750919808633,2.785920059977798e-06,7.072589874267578,1080.0,46.62030029296875,-9.858889882252697e-08,8.634939945295628e-07,25.03420066833496,0.25,16577,2523197465948078273,4402081,122.31047427,-18.65433416,0.0067456499673426,0.0064588100649416,55873.6526962,19.28339958190918,0.0156800001859664,18.23839950561523,0.0016299999551847,17.189800262451172,0.0081799998879432,35667969,0,196608,13,5136.35986328125,2339.239990234375,0.0269824992865324,0.0258351992815732,1.0585600137710571,1.0399999618530271,-2.1481099128723145,0.3595559895038605,0.0,0.998860001564026,0.998860001564026,19.88969993591309,0.228641003370285,-0.0016771500231698,0.2624129951000213,2.0426700115203857,0.9687259793281556,7.024670048849657e-05,1.1014800520570134e-06,0.0001839210017351,2.997950048211351e-07,0.8891630172729492,2.7500100135803223,0.0004831289988942,3.95203005609801e-06,5.106679916381836,780.0,33.43550109863281,-9.87558976817127e-08,1.6462799976579845e-06,25.040800094604492,0.2500010132789612,16577,2523197360721379521,4401689,122.31047646,-18.6543242,0.0234619993716478,0.0209525004029274,56004.0137962,20.02389907836914,0.0658899992704391,20.409299850463867,0.0050510000437498,-999.0,-999.0,35651585,4,196608,11,5136.31982421875,2339.419921875,0.0938476994633674,0.0838097035884857,0.8476060032844543,0.7865319848060608,-21.706600189208984,0.8769919872283936,-999.0,0.9980890154838562,0.9980890154838562,1.9589200019836424,-999.0,-999.0,-999.0,-999.0,-999.0,3.5517998185241595e-05,2.340269929845818e-06,2.4904100428102535e-05,1.2578300356835825e-07,0.8405370116233826,2.0,-999.0,-999.0,-999.0,640.0,-999.0,-5.7595798352849676e-08,4.081839961145306e-06,25.074399948120117,0.25,0.0011839503188095,,,,,,,,,,,,,,,,,
PSO J080914.947-183908.774,-999,-999,-999,85611223122757480,974417000048223,453621560949856,0,10820146891271,8561,1,909,32,0.387468690413487,974417,105617,3,436527104,52,122.31230341,-18.65239951,0.0010000000474974,0.0010000000474974,122.31228172,-18.65243722,0.0329700000584125,0.0313800014555454,56398.26935185,0.9833999872207642,-0.5064577395282355,0.8007568418816366,-0.3198265752743157,129.81897220386398,-37.73120872425075,238.5570074464427,7.7580111446754305,-999,4,16,0,1,7,7,1,1155609000002651,1,1,16505,2523197387564925049,4401789,122.31230308,-18.6524185,0.2128390073776245,0.1981389969587326,55957.1729973,-999.0,0.3829860091209411,-999.0,0.0113909998908638,-999.0,-999.0,35651585,4,196608,10,5111.27001953125,2366.739990234375,0.8513569831848145,0.7925580143928528,1.3714599609375,1.2997699975967407,81.66580200195312,0.0822874009609222,-999.0,0.9993249773979188,0.9993249773979188,2.6383700370788574,-999.0,-999.0,-999.0,-999.0,-999.0,-8.441539876002935e-07,3.232989911339246e-07,-4.007069946965203e-06,4.5643901103176177e-08,0.8974570035934448,2.9999899864196777,-999.0,-999.0,-999.0,688.0,-999.0,-2.3459099551814688e-08,5.937520199950086e-07,25.016199111938477,0.25,16505,2523197415482212473,4401893,122.3122905,-18.65240416,0.0514434985816478,0.0486535988748073,56216.8584343,22.354000091552734,0.1052519977092742,22.047199249267575,0.0111029995605349,22.12190055847168,0.1457740068435669,35651585,0,196608,8,5111.43017578125,2366.909912109375,0.2057749927043914,0.1946160048246383,1.191100001335144,1.156290054321289,49.87739944458008,0.167166993021965,0.590116024017334,0.9987130165100098,0.9987130165100098,2.2481799125671387,0.1384180039167404,0.0789463967084884,0.2125049978494644,1.0573699474334717,0.8003680109977722,4.153489953750977e-06,4.371640045519598e-07,5.50956019651494e-06,6.117389972359888e-08,0.8865320086479187,2.7499799728393555,5.143319867784157e-06,7.497609999518318e-07,2.643409967422486,560.0,0.5386679768562317,-3.3145898470365864e-08,7.780030273352168e-07,25.03350067138672,0.2499980032444,16505,2523197445546983545,4402005,122.31230457,-18.65241623,0.0196228995919227,0.0181581992655992,56025.6262093,21.159799575805664,0.040582999587059,20.57699966430664,0.0040649999864399,20.69260025024414,0.0455040000379085,35667969,0,196608,18,5111.240234375,2366.760009765625,0.0784915015101432,0.072632797062397,1.1532399654388428,1.082509994506836,-51.55979919433594,0.1527010053396225,5.463180271561534e-20,0.9988470077514648,0.9988470077514648,2.891550064086914,0.2067649960517883,-0.0139640998095273,0.222691997885704,1.022070050239563,0.8241009712219238,1.2476200026867446e-05,5.063150183559628e-07,2.134040005330462e-05,8.674830098698295e-08,0.8917940258979797,2.75,1.918539965117816e-05,8.730160061531933e-07,2.5551700592041016,1080.0,9.154459953308104,-9.64449995422001e-08,8.642520015200716e-07,25.03420066833496,0.25,16505,2523197465948078201,4402081,122.31229391,-18.65240549,0.0240796990692615,0.0230557993054389,55873.6526962,20.653799057006836,0.0559730008244514,20.624000549316406,0.0048899999819695,20.844900131225582,0.0894680023193359,35651585,0,196608,11,5111.39013671875,2366.889892578125,0.0963187962770462,0.0922230035066604,1.0589799880981443,1.0411100387573242,-2.664069890975952,0.355224996805191,-0.3589580059051513,0.9983609914779664,0.9983609914779664,1.3145500421524048,0.1562329977750778,0.0112373996526002,0.1281100064516067,0.7786960005760193,0.621819019317627,1.9882299966411665e-05,1.112869995267829e-06,2.0436000340851024e-05,9.993230065674653e-08,0.8839020133018494,2.7500100135803223,1.6674099242663942e-05,1.4918100532668177e-06,1.9467400312423704,780.0,-0.9173529744148254,-9.754280227980416e-08,1.6443400454591028e-06,25.040800094604492,0.2500010132789612,16505,2523197360721379449,4401689,122.31230226,-18.65239485,0.0380001999437809,0.0339356996119022,56004.0137962,20.44729995727539,0.1067190021276474,20.677400588989254,0.0057140002027153,20.802499771118164,0.186377003788948,35651585,0,196608,10,5111.259765625,2367.080078125,0.1520009934902191,0.1357430070638656,0.847756028175354,0.786657989025116,-22.018999099731445,0.8761839866638184,-0.1991579979658126,0.996392011642456,0.996392011642456,1.270679950714111,0.0545842982828617,0.0081121297553181,0.1230489984154701,0.6665070056915283,0.7558779716491699,2.404910082987044e-05,2.5664899112598505e-06,1.9454999346635304e-05,1.1117300147134301e-07,0.8455110192298889,2.0,1.7338699763058685e-05,3.2315299449692247e-06,1.6662700176239014,640.0,-1.283959984779358,-5.2751801149497624e-08,4.097620148968417e-06,25.074399948120117,0.25,0.0014304169701633,,,,,,,,,,,,,,,,,
PSO J080914.293-183903.199,-999,-999,-999,85611223095699273,974417000047902,453621560949535,0,10820146892152,8561,1,909,32,0.749183846404016,974417,105617,3,436527104,52,122.30955833,-18.65088874,0.0010000000474974,0.0010000000474974,122.30954705,-18.65090167,0.0056500001810491,0.0095600001513957,56127.91616898,0.921500027179718,-0.506424100848142,0.800788257783742,-0.3198011824178108,129.81529476440815,-37.730426256364744,238.55430456819136,7.7566331088588445,-999,5,52,10,8,18,7,9,1155609000002564,1,1,16623,2523197387564925167,4401789,122.30955658,-18.65089322,0.0097417095676064,0.0102581996470689,55957.1729973,20.32659912109375,0.014635999687016,20.37649917602539,0.0046390001662075,20.462900161743164,0.0214649997651577,102760453,128,196608,10,5148.64013671875,2388.89990234375,0.0389669016003608,0.0410328991711139,1.3714499473571775,1.3000199794769287,81.806396484375,0.0825904980301857,0.5763329863548279,0.9992380142211914,0.9992380142211914,1.6001100540161133,0.2030079960823059,-0.0016759899444878,0.2312150001525879,0.9613320231437684,0.840237021446228,2.687679989321623e-05,3.933760126528796e-07,2.5668699890957217e-05,1.19087999905787e-07,0.8996679782867432,2.9999899864196777,2.3704500563326292e-05,5.088080001769413e-07,2.403330087661743,688.0,0.5587480068206787,-2.4495799166857072e-08,5.94578011714475e-07,25.016199111938477,0.25,16623,2523197415482212591,4401893,122.30956434,-18.65088927,0.0059095099568367,0.0055890302173793,56216.8584343,19.748699188232425,0.0120909996330738,19.681499481201172,0.0037350000347942,19.774900436401367,0.0179379992187023,35651585,0,196608,8,5148.52978515625,2388.919921875,0.0236382000148296,0.0223561991006135,1.1929800510406494,1.1583800315856934,49.53219985961914,0.1647520065307617,0.1961089968681335,0.9985899925231934,0.9985899925231934,1.5546499490737915,0.1814479976892471,0.0042941397987306,0.1824830025434494,1.0077099800109863,0.7940559983253479,4.5764001697534695e-05,5.533190119422216e-07,4.868600080953911e-05,1.8184900341111645e-07,0.8812710046768188,2.7499799728393555,4.467039980227128e-05,8.013079764168651e-07,2.5192699432373047,560.0,1.2927199602127075,-3.5139201770562074e-08,7.71026975598943e-07,25.03350067138672,0.2499980032444,16623,2523197445546983663,4402005,122.30955648,-18.65088696,0.0045436201617121,0.0042044701986014,56025.6262093,19.427000045776367,0.0093970000743865,19.30179977416992,0.0022599999792873,19.340099334716797,0.0152139998972415,35651585,0,196608,17,5148.64013671875,2388.97998046875,0.0181744992733001,0.0168178994208574,1.1534700393676758,1.0832899808883667,-51.52569961547851,0.1513379961252212,0.0623048990964889,0.9985100030899048,0.9985100030899048,1.6541099548339844,0.1615719944238662,-0.0066506299190223,0.1697009950876236,1.154420018196106,0.8317340016365051,6.154600123409182e-05,5.78333015255339e-07,6.907009810674936e-05,1.560649991461105e-07,0.8891630172729492,2.75,6.667560228379443e-05,1.0144200359718525e-06,2.886039972305298,1080.0,1.8641200065612793,-9.955240187764502e-08,8.645960178910173e-07,25.03420066833496,0.25,16623,2523197465948078319,4402081,122.30956313,-18.65088874,0.0081547796726226,0.0078080198727548,55873.6526962,19.234100341796875,0.0189559999853372,19.20359992980957,0.0025420000310987,19.328100204467773,0.0304990001022815,35651585,0,196608,9,5148.5498046875,2388.929931640625,0.0326191000640392,0.0312319993972778,1.0580999851226809,1.0404399633407593,-3.5943000316619873,0.3583750128746032,-0.9939770102500916,0.9986649751663208,0.9986649751663208,1.187000036239624,0.1465689986944198,0.0064663798548281,0.1503860056400299,0.8840770125389099,0.7259839773178101,7.351089880103245e-05,1.393450020259479e-06,7.560670201200992e-05,1.922149976962828e-07,0.8839020133018494,2.7500100135803223,6.741520337527618e-05,2.056079893009155e-06,2.2101900577545166,780.0,-0.0075488500297069,-1.0076900025524085e-07,1.6386400147894165e-06,25.040800094604492,0.2500010132789612,16623,2523197360721379567,4401689,122.30955833,-18.65088805,0.0131791997700929,0.0117694996297359,56004.0137962,19.256500244140625,0.0370119996368885,19.120100021362305,0.0027890000492334,19.225099563598633,0.0582690015435218,35651585,0,196608,10,5148.60009765625,2388.969970703125,0.0527166984975338,0.0470780991017818,0.847802996635437,0.7869319915771484,-21.943599700927734,0.8784000277519226,0.0939230024814605,0.9966300129890442,0.9966300129890442,1.2990299463272097,0.1046570017933845,-0.0048741102218627,0.1126589998602867,0.8734710216522217,0.6667119860649109,7.201170228654519e-05,2.6652999167708913e-06,8.164750033756718e-05,2.2774899832711529e-07,0.830590009689331,2.0,7.41261028451845e-05,4.31928992838948e-06,2.1836800575256348,640.0,1.6750600337982178,-5.9091298965086025e-08,4.0850900404620916e-06,25.074399948120117,0.25,0.0033353072172521,,,,,,,,,,,,,,,,,
PSO J080915.571-183936.812,-999,-999,-999,85601223148798064,974417000048556,453621560950189,0,10820146893233,8560,1,909,32,0.447445633306583,974417,105617,3,444915712,53,122.31488301,-18.66022578,0.0010000000474974,0.0010000000474974,122.31487427,-18.66023767,0.0050599998794496,0.0065100002102553,56042.59425926,1.774799942970276,-0.5064706908934017,0.8006971185507756,-0.3199555650562207,129.82461565354856,-37.738061526190535,238.5649929804269,7.755943903753411,-999,5,67,7,10,20,17,13,1155609000002733,1,1,16389,2523197387564924933,4401789,122.31487362,-18.66023416,0.0135014997795224,0.0125690996646881,55957.1729973,21.080799102783203,0.024295000359416,20.509899139404297,0.0049330000765621,20.265100479125977,0.0230289995670318,35667969,0,196608,12,5076.740234375,2253.989990234375,0.0540063008666038,0.0502763018012046,1.3713300228118896,1.3021299839019775,80.49629974365234,0.0809912979602813,0.0,0.9989789724349976,0.9989789724349976,4.167389869689941,0.2824999988079071,0.011719100177288,0.2838369905948639,1.4036999940872192,0.9488840103149414,1.3417999980447348e-05,3.2598799748484453e-07,2.2700600311509337e-05,1.1199099958503213e-07,0.8996679782867432,2.9999899864196777,2.844280061253812e-05,6.550100124513847e-07,3.5092599391937256,688.0,13.761199951171877,-2.72119997646314e-08,5.812179892927816e-07,25.016199111938477,0.25,16389,2523197415482212357,4401893,122.31488301,-18.66022578,0.0065386299975216,0.0061840298585593,56216.8584343,20.07410049438477,0.0133779998868703,19.56839942932129,0.0035459999926388,18.78619956970215,0.0109409997239708,35667969,0,196608,10,5076.60986328125,2254.070068359375,0.026154700666666,0.0247363001108169,1.1874099969863892,1.1522400379180908,47.47740173339844,0.1739969998598098,0.0,0.9981520175933838,0.9981520175933838,7.375879764556885,0.2170339971780777,-0.0029662901069968,0.2177249938249588,1.860919952392578,1.0161099433898926,3.391290010767989e-05,4.536829862900049e-07,5.403050090535544e-05,1.9156999542246922e-07,0.8865320086479187,2.7499799728393555,0.0001110509983845,1.2149699841756956e-06,4.652299880981445,560.0,20.63010025024414,-2.4204000581562468e-08,7.882039767537208e-07,25.03350067138672,0.2499980032444,16389,2523197445546983429,4402005,122.31488405,-18.66022783,0.0025622399989515,0.0023709901142865,56025.6262093,18.854000091552734,0.005299000069499,18.774799346923828,0.0017729999963194,18.63290023803711,0.0100609995424747,35667973,128,196608,19,5076.58984375,2254.06005859375,0.0102489003911614,0.0094839502125978,1.152500033378601,1.0842399597167969,-51.52479934692383,0.1533479988574981,0.0,0.9982150197029114,0.9982150197029114,20.76420021057129,0.1895350068807602,-0.0061980201862752,0.1862459927797317,1.6330699920654297,0.9850360155105592,0.0001043290030793,5.528399924514815e-07,0.0001122219982789,1.9892900127160829e-07,0.8839020133018494,2.75,0.0001278910058317,1.2867000123151229e-06,4.082670211791992,1080.0,16.34589958190918,-9.35241999400205e-08,8.632540016151324e-07,25.03420066833496,0.25,16389,2523197465948078085,4402081,122.31488681,-18.66022061,0.0030152800027281,0.0028870599344372,55873.6526962,18.399599075317383,0.0070090000517666,18.40180015563965,0.0017569999909028,18.520099639892575,0.0114219998940825,102776839,128,196608,13,5076.56005859375,2254.14990234375,0.0120611004531383,0.0115481996908783,1.059839963912964,1.0397900342941284,0.1348319947719574,0.3566620051860809,7.043319920352342e-12,0.99857497215271,0.99857497215271,5.171339988708496,0.1747269928455352,0.0025146000552922,0.1672870069742202,0.964093029499054,0.9147120118141174,0.0001585459976922,1.1112399533885764e-06,0.000158230002853,2.7806899538518337e-07,0.8812710046768188,2.7500100135803223,0.0001418960018781,1.6207300177484283e-06,2.4102299213409424,780.0,6.856770038604736,-9.487470009617029e-08,1.6559099549340317e-06,25.040800094604492,0.2500010132789612,16389,2523197360721379333,4401689,122.31487981,-18.66022349,0.006047619972378,0.0057941898703575,56004.0137962,18.19059944152832,0.0124709997326135,18.254199981689453,0.0018720000516623,18.450899124145508,0.0215130001306533,102760453,128,196608,13,5076.64013671875,2254.139892578125,0.0241903997957706,0.0231766998767852,0.8472710251808167,0.7855690121650696,-21.565200805664062,0.8727589845657349,0.3787780106067657,0.9967079758644104,0.9967079758644104,1.382680058479309,0.1086689978837966,-0.0016445399960502,0.1029559969902038,0.7836819887161255,0.7421370148658752,0.0001922090013977,2.3970299025677377e-06,0.0001812760019674,3.393560064068879e-07,0.8405370116233826,2.0,0.0001512239978183,3.2532200293644564e-06,1.9592000246047976,640.0,0.8801509737968445,-3.9500498871802854e-08,4.1072999010793865e-06,25.074399948120117,0.25,0.0073026314884233,,,,,,,,,,,,,,,,,
PSO J080916.019-183923.541,-999,-999,-999,85611223167522504,974417000048792,453621560950425,0,10820146893951,8561,1,909,32,0.766731712749909,974417,105617,3,436527104,52,122.31676594,-18.65652558,0.0010000000474974,0.0010000000474974,122.31674933,-18.65653942,0.0131999999284744,0.0130899995565414,56239.1475,0.8101999759674072,-0.5065079337349111,0.8006979948773691,-0.3198944108029264,129.8255218770944,-37.73402179558401,238.5627852804188,7.7594149145009075,-999,4,31,1,5,13,10,2,1155609000002791,1,1,16312,2523197387564924856,4401789,122.31676199,-18.65652558,0.03653259947896,0.034009400755167,55957.1729973,22.081899642944336,0.0657370015978813,22.917699813842773,0.0149520002305507,-999.0,-999.0,35651585,4,196608,10,5050.7099609375,2307.27001953125,0.1461299955844879,0.1360380053520202,1.3711899518966677,1.2998000383377075,81.19339752197266,0.0816140994429588,-999.0,0.9996619820594788,0.9996619820594788,2.114180088043213,-999.0,-999.0,-999.0,-999.0,-999.0,5.336370122677181e-06,3.507979897676705e-07,2.4713199309189804e-06,3.695129890957105e-08,0.9018779993057252,2.9999899864196777,-999.0,-999.0,-999.0,688.0,-999.0,-2.3687899641799962e-08,5.88056991546182e-07,25.016199111938477,0.25,16312,2523197415482212280,4401893,122.31676765,-18.65652831,0.0122394999489188,0.0115758003666996,56216.8584343,20.701000213623047,0.0250419992953538,20.805599212646484,0.0062680002301931,20.875900268554688,0.0368160009384155,35651585,0,196608,8,5050.6201171875,2307.199951171875,0.0489584989845752,0.0463033989071846,1.1874799728393557,1.1522400379180908,49.773399353027344,0.1721879988908767,-0.1746290028095245,0.9984909892082214,0.9984909892082214,1.928439974784851,0.1710789948701858,0.0053346501663327,0.1809729933738708,0.815667986869812,0.7565820217132568,1.9036500816582705e-05,4.767099994751334e-07,1.728859933791682e-05,1.0836500052846533e-07,0.8839020133018494,2.7499799728393555,1.62050000653835e-05,5.965979994471127e-07,2.039170026779175,560.0,-1.3574800491333008,-2.8305899846259308e-08,7.907769941084553e-07,25.03350067138672,0.2499980032444,16312,2523197445546983352,4402005,122.31675831,-18.65652446,0.0086165601387619,0.0079734101891517,56025.6262093,20.12120056152344,0.0178200006484985,20.255599975585938,0.0035059999208897,20.3080997467041,0.0272029992192983,35651585,0,196608,13,5050.75,2307.27001953125,0.0344661995768547,0.0318935997784137,1.1524900197982788,1.081760048866272,-51.58089828491211,0.1545940041542053,-0.0254475995898246,0.9988380074501038,0.9988380074501038,2.5660998821258545,0.1723330020904541,-0.0133183998987078,0.1682419925928115,0.7921350002288818,0.7392150163650513,3.247159838792868e-05,5.786490078207862e-07,2.869320087484084e-05,1.0058899846399073e-07,0.8891630172729492,2.75,2.7336600396665744e-05,7.436329951815424e-07,1.9803400039672852,1080.0,-2.2345399856567383,-9.132809708489732e-08,8.64268997702311e-07,25.03420066833496,0.25,16312,2523197465948078008,4402081,122.31676903,-18.65652317,0.0131007004529237,0.0125436997041106,55873.6526962,20.01210021972656,0.0304530002176761,20.70989990234375,0.0050869998522102,20.50079917907715,0.062024999409914,35651585,0,196608,11,5050.60986328125,2307.27001953125,0.0524028986692428,0.0501746013760566,1.0602500438690186,1.041460037231445,-0.7863789796829224,0.3509869873523712,-3.040270129834461e-13,0.9990249872207642,0.9990249872207642,2.3046998977661133,0.1274520009756088,0.0185138005763292,0.135683000087738,0.7786960005760193,0.563880980014801,3.590519918361679e-05,1.093399987439625e-06,1.888149927253835e-05,9.605639661458555e-08,0.8865320086479187,2.7500100135803223,2.289119947818108e-05,1.4198100188878016e-06,1.9467400312423704,780.0,-7.292600154876709,-9.359280284115813e-08,1.6520599501745892e-06,25.040800094604492,0.2500010132789612,16312,2523197360721379256,4401689,122.31676594,-18.65652735,0.0222005005925893,0.0198258999735116,56004.0137962,19.90839958190918,0.0623469986021518,20.122699737548828,0.0044260001741349,20.339500427246097,0.1162900030612945,35651585,0,196608,11,5050.64013671875,2307.239990234375,0.0888020023703575,0.0793035998940467,0.8475409746170044,0.7859159708023071,-22.02630043029785,0.872285008430481,-0.0018590800464153,0.9978860020637512,0.9978860020637512,1.3316199779510498,0.1056329980492591,-0.003803740022704,0.0864922031760215,0.6665070056915283,0.5388739705085754,3.950400059693493e-05,2.4629700874356786e-06,3.2429099519504234e-05,1.4353300059610774e-07,0.8455110192298889,2.0,2.65595008386299e-05,3.088609901169548e-06,1.6662700176239014,640.0,-3.111870050430298,-3.6147799420405136e-08,4.124619863432599e-06,25.074399948120117,0.25,0.00573563297107,,,,,,,,,,,,,,,,,
PSO J080915.587-183925.803,-999,-999,-999,85611223149481736,974417000048568,453621560950201,0,10820146894198,8561,1,909,32,0.214604459902835,974417,105617,3,503635968,60,122.31494595,-18.65716762,0.0010000000474974,0.0010000000474974,122.31493982,-18.65717592,0.0022700000554323,0.0034099998883903,56005.58841435,1.8695000410079956,-0.5064807461627712,0.8007109875920293,-0.3199049360603862,129.82365030258836,-37.73509583190002,238.56240930485137,7.757624496555235,-999,5,68,10,12,18,15,13,1155609000002735,1,1,16384,2523197387564924928,4401789,122.31494444,-18.65716312,0.0007300130091607,0.0007679699920117,55957.1729973,16.34600067138672,0.0012469999492168,16.304899215698242,0.0007110000005923,16.358699798583984,0.0011530000483617,102760453,128,196608,10,5075.56005859375,2298.219970703125,0.0029200599528849,0.0030718899797648,1.371340036392212,1.3008099794387815,81.01119995117188,0.081494003534317,0.1941860020160675,0.99965900182724,0.99965900182724,2.5075199604034424,0.2122740000486374,0.0021751699969172,0.2303619980812072,1.216670036315918,0.9232490062713624,0.0010509899584576,1.3101199556331269e-06,0.0010915499879047,7.765830218886549e-07,0.8974570035934448,2.9999899864196777,0.0010387799702584,1.1979700502706692e-06,3.0416600704193115,688.0,1.2982900142669678,-2.5045100215947972e-08,5.866180003977206e-07,25.016199111938477,0.25,16384,2523197415482212352,4401893,122.31494772,-18.65716618,0.0006144340150058,0.0005989070050418,56216.8584343,16.047399520874023,0.0010880000190809,16.036800384521484,0.0006970000104047,16.032400131225586,0.0011960000265389,102760517,128,196608,10,5075.509765625,2298.139892578125,0.0024577500298619,0.0023956398945301,1.1882599592208862,1.1531699895858765,48.81800079345703,0.1718370020389557,0.7731519937515259,0.9979940056800842,0.9979940056800842,8.26194953918457,0.1727000027894973,0.0019005499780178,0.1763219982385635,1.6343200206756592,0.8541449904441833,0.0013836600119248,1.5054999948915793e-06,0.0013972800225019,9.742039992488571e-07,0.8733789920806885,2.7499799728393555,0.0014028899604454,1.6785199932201067e-06,4.08581018447876,560.0,0.2882550060749054,-2.7628900056697603e-08,7.867290037211205e-07,25.03350067138672,0.2499980032444,16384,2523197445546983424,4402005,122.31494623,-18.65716762,0.0004907440161332,0.0004956389893777,56025.6262093,16.013900756835938,0.0009590000263415,15.967000007629396,0.0004860000044573,15.999699592590332,0.0010930000571534,102760517,128,196608,16,5075.52978515625,2298.139892578125,0.0019629800226539,0.0019825499039143,1.152690052986145,1.0829999446868896,-51.5547981262207,0.1536529958248138,0.0721248984336853,0.9985820055007936,0.9985820055007936,12.598099708557127,0.167043998837471,-0.0073893801309168,0.1711129993200302,1.3610899448394775,0.8455190062522888,0.0014270800165832,1.3686100146514946e-06,0.0014900299720466,7.248639803947299e-07,0.8812710046768188,2.75,0.0014458399964496,1.580630055286747e-06,3.4027299880981445,1080.0,1.7983299493789673,-9.343799689531809e-08,8.63740979184513e-07,25.03420066833496,0.25,16384,2523197465948078080,4402081,122.31494595,-18.65717038,0.0007680989801883,0.0007559700170531,55873.6526962,16.0585994720459,0.0014809999847784,16.035499572753906,0.0005910000181756,-999.0,-999.0,102760517,128,196608,14,5075.5400390625,2298.080078125,0.0030723900999873,0.003023870056495,1.0598100423812866,1.0406999588012695,-0.758974015712738,0.3544000089168548,0.1600439995527267,0.9983500242233276,0.9983500242233276,2.361829996109009,0.1599750071763992,0.0012340500252321,0.1612250059843063,-999.0,0.8475630283355713,0.001369519974105,2.0285099253669614e-06,0.0013989099534228,8.268049782600428e-07,0.8839020133018494,2.7500100135803223,-999.0,-999.0,-999.0,780.0,1.404919981956482,-9.488749697084133e-08,1.652349965297617e-06,25.040800094604492,0.2500010132789612,16384,2523197360721379328,4401689,122.31494237,-18.65716984,0.0012254499597474,0.0011691399849951,56004.0137962,15.991100311279297,0.0026769998949021,15.980199813842772,0.0006569999968633,16.114099502563477,0.0038479999639093,102760517,128,196608,11,5075.56982421875,2298.1201171875,0.0049017900601029,0.0046765701845288,0.8474760055541992,0.7859460115432739,-21.824399948120117,0.8733620047569275,0.661981999874115,0.996632993221283,0.996632993221283,1.385040044784546,0.1070569977164268,-0.0009812139905989,0.1029990017414093,1.0105600357055664,0.7472180128097534,0.0014574100496247,3.901409854734084e-06,0.0014720000326633,9.67027972365031e-07,0.8405370116233826,2.0,0.0013012900017201,5.007910203858046e-06,2.5263900756835938,640.0,0.4371779859066009,-4.1903899017370356e-08,4.110169811610831e-06,25.074399948120117,0.25,0.0047797370298967,,,,,,,,,,,,,,,,,
PSO J080915.635-183924.673,-999,-999,-999,85611223151472115,974417000076875,453621560979273,0,10820146894327,8561,1,909,32,0.202033633554386,974417,105617,3,404226048,48,122.31514844,-18.65685378,0.0010000000474974,0.0010000000474974,122.31514844,-18.65685378,0.0010000000474974,0.0010000000474974,56015.46481481,-999.0,-0.5064846231314885,0.8007106634871279,-0.3198996091109792,129.82378150603753,-37.73473240942208,238.56224002624535,7.75796318432683,-999,2,0,0,0,0,0,0,1155609000009263,1,0,16374,2523197387564924918,4401789,122.31486694,-18.65681365,0.0171424001455307,0.0159584004431962,55957.1729973,20.52829933166504,0.0308459997177124,19.80610084533691,0.003567999927327,-999.0,-999.0,35653633,0,196608,10,5076.58984375,2303.260009765625,0.0685696005821228,0.0638338029384613,1.3713500499725342,1.3006999492645264,81.0647964477539,0.0815502032637596,6.93851980031468e-05,0.9996579885482788,0.9996579885482788,2.987190008163452,0.3620179891586303,-0.0157958008348941,0.0253570992499589,-999.0,0.7206240296363831,2.2320100470096804e-05,6.884899903525366e-07,4.340810119174421e-05,1.5486399718156465e-07,0.8996679782867432,2.9999899864196777,-999.0,-999.0,-999.0,688.0,3.978379964828491,-2.4839300394319253e-08,5.872209953849961e-07,25.016199111938477,0.25,16374,2523197415482212342,4401893,122.31514844,-18.65685367,0.0306024998426437,0.0289428997784852,56216.8584343,21.21339988708496,0.0626119971275329,20.937299728393555,0.0066599999554455,-999.0,-999.0,35651585,4,196608,9,5072.740234375,2302.6201171875,0.1224109977483749,0.1157720014452934,1.188249945640564,1.1531599760055542,49.02259826660156,0.1716960072517395,-999.0,0.9991379976272584,0.9991379976272584,9.98696994781494,-999.0,-999.0,-999.0,-999.0,-999.0,1.1874600204464514e-05,7.434949793605483e-07,1.5314000847865827e-05,1.0198900213254093e-07,0.8865320086479187,2.7499799728393555,-999.0,-999.0,-999.0,560.0,-999.0,-2.7975200822538682e-08,7.870469858062279e-07,25.03350067138672,0.2499980032444,16374,2523197445546983414,4402005,122.31514853,-18.65685523,0.0147572997957468,0.0136558003723621,56025.6262093,20.427799224853516,0.030519999563694,19.56570053100586,0.0025520001072436,-999.0,-999.0,35651585,4,196608,13,5072.740234375,2302.6201171875,0.0590294003486633,0.0546232983469963,1.152690052986145,1.0827699899673462,-51.55989837646485,0.153778001666069,-999.0,0.9992700219154358,0.9992700219154358,18.440000534057617,-999.0,-999.0,-999.0,-999.0,-999.0,2.4484299501636997e-05,7.472600032087939e-07,5.416369822341949e-05,1.3820199740166572e-07,0.8865320086479187,2.75,-999.0,-999.0,-999.0,1080.0,-999.0,-9.320120142319865e-08,8.63838977238629e-07,25.03420066833496,0.25,16374,2523197465948078070,4402081,122.3151488,-18.65685378,0.0188603997230529,0.0180584006011486,55873.6526962,20.268600463867188,0.0438410006463527,19.943300247192383,0.0035739999730139,-999.0,-999.0,35653633,0,196608,14,5072.740234375,2302.6201171875,0.0754413977265358,0.0722334012389183,1.059849977493286,1.0408600568771362,-0.8369500041007996,0.3538520038127899,3.4195799525349453e-09,0.999193012714386,0.999193012714386,3.946199893951416,0.2610549926757812,0.0968744978308677,0.0707726031541824,-999.0,0.642890989780426,2.835049963323399e-05,1.2428999980329536e-06,3.825550084002316e-05,1.3672699594735604e-07,0.8865320086479187,2.7500100135803223,-999.0,-999.0,-999.0,780.0,5.910069942474365,-9.475070328335279e-08,1.6520200460945489e-06,25.040800094604492,0.2500010132789612,16374,2523197360721379318,4401689,122.31514785,-18.65685606,0.1365039944648742,0.1219040006399154,56004.0137962,21.83609962463379,0.3833549916744232,21.0841007232666,0.0068919998593628,-999.0,-999.0,35651585,4,196608,10,5072.740234375,2302.6201171875,0.5460169911384583,0.4876140058040619,0.8475000262260437,0.7859740257263184,-21.867000579833984,0.8732979893684387,-999.0,0.9984549880027772,0.9984549880027772,1.4228099584579468,-999.0,-999.0,-999.0,-999.0,-999.0,6.692020178888924e-06,2.5654198907432142e-06,1.3376399692788254e-05,9.218400265353921e-08,0.8455110192298889,2.0,-999.0,-999.0,-999.0,640.0,-999.0,-4.1452398846786316e-08,4.1120101741398685e-06,25.074399948120117,0.25,0.004719906735853,,,,,,,,,,,,,,,,,
PSO J080915.411-183930.403,-999,-999,-999,85611223142160196,974417000048465,453621560950098,0,10820146896670,8561,1,909,32,0.863961571700835,974417,105617,3,436527104,52,122.31421425,-18.65844542,0.0010000000474974,0.0010000000474974,122.31420546,-18.65845404,0.0029800001066178,0.0062899999320507,56063.14702546,1.4557000398635864,-0.5064666685161726,0.800711447838183,-0.3199260711211422,129.82323746605897,-37.7365139599792,238.56312840219556,7.756355638407276,-999,5,73,12,12,20,16,13,1155609000002709,1,1,16421,2523197387564924965,4401789,122.31420524,-18.65844542,0.0024916299153119,0.0023195499088615,55957.1729973,18.74370002746582,0.0044829999096691,18.745899200439453,0.0021899999119341,18.73839950561523,0.0070810001343488,35667973,128,196608,11,5085.740234375,2279.800048828125,0.0099665597081184,0.0092782098799943,1.3714100122451782,1.301669955253601,80.7655029296875,0.0812726989388465,1.799749952624552e-05,0.9991179704666138,0.9991179704666138,9.141650199890137,0.2181160002946853,0.0002206250064773,0.2314379960298538,1.5016000270843506,0.9494699835777284,0.0001154860001406,5.177810180612141e-07,0.0001152469994849,2.523370028484351e-07,0.8952469825744629,2.9999899864196777,0.0001160489991889,8.21792013994127e-07,3.753999948501587,688.0,4.288390159606934,-2.6258399898893003e-08,5.843310191266937e-07,25.016199111938477,0.25,16421,2523197415482212389,4401893,122.31421425,-18.65844884,0.0018827900057658,0.0017806900432333,56216.8584343,18.342100143432617,0.0038519999943673,18.250600814819336,0.0019330000504851,18.047100067138672,0.0071100001223385,35667973,128,196608,11,5085.60986328125,2279.7099609375,0.0075312098488211,0.0071227899752557,1.188289999961853,1.1532399654388428,47.979698181152344,0.1724299937486648,1.2501200075121233e-08,0.9991289973258972,0.9991289973258972,24.480300903320312,0.1867810040712356,0.0016762500163167,0.1857399940490722,1.9860199689865112,0.9188640117645264,0.0001671659993007,6.439490221055166e-07,0.000181875002454,3.5147499488630274e-07,0.8865320086479187,2.7499799728393555,0.0002193620020989,1.5596499451930868e-06,4.965050220489502,560.0,5.692749977111816,-2.619110084367549e-08,7.856169759179465e-07,25.03350067138672,0.2499980032444,16421,2523197445546983461,4402005,122.31421663,-18.65843867,0.00177235994488,0.0016400699969381,56025.6262093,18.19179916381836,0.0036649999674409,18.169200897216797,0.0013409999664872,18.199199676513672,0.0061440002173185,35667973,128,196608,17,5085.580078125,2279.8798828125,0.007089430000633,0.006560259964317,1.1527299880981443,1.0839099884033203,-51.535400390625,0.1531919986009597,8.813089824978929e-15,0.9988999962806702,0.9988999962806702,22.18470001220703,0.1763319969177246,-0.0058013498783111,0.1756480038166046,1.2543799877166748,0.9147560000419616,0.0001919920032378,7.037389764263935e-07,0.0001960240042535,2.629139999044128e-07,0.8839020133018494,2.75,0.0001906899997266,1.1716599601641065e-06,3.1359400749206543,1080.0,7.75531005859375,-9.429749781020293e-08,8.633210200059693e-07,25.03420066833496,0.25,16421,2523197465948078117,4402081,122.31421617,-18.65844446,0.0026071700267493,0.0024963000323623,55873.6526962,18.198299407958984,0.0060600000433623,18.247499465942383,0.0016370000084862,-999.0,-999.0,102776839,128,196608,15,5085.58984375,2279.780029296875,0.010428600013256,0.009985189884901,1.0596599578857422,1.040120005607605,-0.4323999881744385,0.3565079867839813,1.9886599602614297e-06,0.9990140199661256,0.9990140199661256,4.776279926300049,0.1633259952068328,0.0026020701043307,0.1658750027418136,-999.0,0.8854010105133057,0.0001908389967866,1.1565499562493642e-06,0.0001823869970394,2.985410105793562e-07,0.8865320086479187,2.7500100135803223,-999.0,-999.0,-999.0,780.0,4.754570007324219,-9.530260314249973e-08,1.6538799627596743e-06,25.040800094604492,0.2500010132789612,16421,2523197360721379365,4401689,122.31420917,-18.65844666,0.0058749602176249,0.0055641401559114,56004.0137962,18.1471004486084,0.0121160000562667,18.221500396728516,0.0018439999548718,18.42169952392578,0.0199180003255605,102760453,128,196608,13,5085.669921875,2279.780029296875,0.0234997998923063,0.0222564991563558,0.847383975982666,0.7858380079269409,-21.6560001373291,0.8735849857330322,0.604062020778656,0.9984819889068604,0.9984819889068604,1.48239004611969,0.1098970025777816,-0.0038054499309509,0.1029179990291595,0.7405120134353638,0.7138350009918213,0.0002000679960474,2.424060085104429e-06,0.0001868039980763,3.4449101349309785e-07,0.8455110192298889,2.0,0.0001553570036776,3.0944399895815877e-06,1.8512799739837649,640.0,0.5185670256614685,-4.3647499836652066e-08,4.103069841221441e-06,25.074399948120117,0.25,0.0054237910804053,,,,,,,,,,,,,,,,,
PSO J080917.433-183904.303,-999,-999,-999,85611223226148897,974417000049554,453621560951187,0,10820146941971,8561,1,909,32,0.579351601730428,974417,105617,3,436527104,52,122.32263778,-18.65119553,0.0010000000474974,0.0010000000474974,122.32262373,-18.65120554,0.0099299997091293,0.0135700004175305,56270.81166667,0.822700023651123,-0.5066059455835967,0.8006712219066525,-0.319806207428589,129.83048657054314,-37.72738774354764,238.5612131262911,7.7669648753351535,-999,5,60,9,10,21,13,7,1155609000002987,1,1,16027,2523197387564924571,4401789,122.32262258,-18.65120092,0.0239176992326974,0.0222657993435859,55957.1729973,21.36750030517578,0.0430379994213581,21.6742000579834,0.0084330001845955,21.649499893188477,0.0698779970407486,35651585,0,196608,7,4970.33984375,2383.550048828125,0.0956707969307899,0.0890633016824722,1.3713200092315674,1.2956199645996094,82.21479797363281,0.0823713019490242,-0.0014987400500103,0.99965900182724,0.99965900182724,1.537719964981079,0.1655710041522979,0.0090486295521259,0.2091470062732696,0.902525007724762,0.6790689826011658,1.0304200259270146e-05,4.43472004008072e-07,7.768439900246449e-06,6.551380238306592e-08,0.8886150121688843,2.9999899864196777,7.947220183268655e-06,5.5533297427246e-07,2.256309986114502,688.0,-3.1749300956726074,-1.5520699392368442e-08,6.013460165377182e-07,25.016199111938477,0.25,16027,2523197415482211995,4401893,122.32263778,-18.65119337,0.0117784002795815,0.0111397001892328,56216.8584343,20.658599853515625,0.0240979995578527,20.841699600219727,0.0063729998655617,20.859800338745117,0.0353129990398883,35651585,0,196608,8,4970.1298828125,2383.6298828125,0.04711389914155,0.0445589013397693,1.1862499713897705,1.150149941444397,54.10689926147461,0.1712220013141632,-0.0446189008653163,0.9983459711074828,0.9983459711074828,1.5231200456619265,0.1646579951047897,0.0077511300332844,0.1711409986019134,0.815667986869812,0.6837270259857178,1.9794599211309105e-05,4.770159875988611e-07,1.672389953455422e-05,1.0658000348939822e-07,0.8865320086479187,2.7499799728393555,1.6447400412289426e-05,5.808059881928784e-07,2.039170026779175,560.0,-2.008229970932007,-3.3641200047895836e-08,8.012179932848085e-07,25.03350067138672,0.2499980032444,16027,2523197445546983067,4402005,122.32264077,-18.65119675,0.008030810393393,0.0074313702061772,56025.6262093,20.242799758911133,0.0166090000420808,20.379499435424805,0.0037120000924915,20.465900421142575,0.0270869992673397,35651585,0,196608,20,4970.08984375,2383.60009765625,0.0321232005953788,0.0297254994511604,1.1525599956512451,1.0767099857330322,-51.72060012817383,0.1582760065793991,-0.0014075899962335,0.998216986656189,0.998216986656189,1.3758200407028198,0.1493380069732666,-0.0018289800500497,0.1497749984264373,0.7921350002288818,0.6975259780883789,2.903140011767391e-05,4.821740162697097e-07,2.5597399144317023e-05,9.500760000946684e-08,0.8839020133018494,2.75,2.363880048505962e-05,6.403009820132866e-07,1.9803400039672852,1080.0,-3.1930899620056152,-8.463680245540672e-08,8.648650009490666e-07,25.03420066833496,0.25,16027,2523197465948077723,4402081,122.32263652,-18.65119553,0.0121042001992464,0.0115895001217722,55873.6526962,20.069700241088867,0.0281360000371933,20.20359992980957,0.0040290001779794,20.21789932250977,0.0421070009469985,35651585,0,196608,14,4970.14990234375,2383.590087890625,0.0484165996313095,0.046357799321413,1.0620700120925903,1.045330047607422,-1.7693400382995603,0.3381370007991791,-0.7007550001144409,0.9985610246658324,0.9985610246658324,1.212080001831055,0.1475470066070556,0.004871710203588,0.1424140036106109,0.780007004737854,0.7544389963150024,3.404989911359735e-05,9.58026021180558e-07,3.0100800358923152e-05,1.2128199955441232e-07,0.8839020133018494,2.7500100135803223,2.970589957840275e-05,1.2508299960245497e-06,1.9500199556350708,780.0,-0.3843010067939758,-8.682329877274243e-08,1.6541999912078609e-06,25.040800094604492,0.2500010132789612,16027,2523197360721378971,4401689,122.32264766,-18.65118953,0.0169830005615949,0.0151664996519684,56004.0137962,19.931299209594727,0.0476949997246265,20.09480094909668,0.0043700002133846,20.345800399780273,0.0901980027556419,35651585,0,196608,14,4969.97998046875,2383.7099609375,0.0679320991039276,0.0606659986078739,0.8480349779129028,0.7863690257072449,-22.899599075317383,0.8693609833717346,-0.0006288699805736,0.9972559809684752,0.9972559809684752,1.2296199798583984,0.0974021032452583,-0.0074600698426365,0.087729699909687,0.6871939897537231,0.6424400210380554,3.867800114676356e-05,1.8447400407239911e-06,3.327109880046919e-05,1.45385001815157e-07,0.8455110192298889,2.0,2.640509956108872e-05,2.381679905738565e-06,1.7179800271987915,640.0,-3.4188499450683594,-2.993040126852975e-08,4.158140200161142e-06,25.074399948120117,0.25,0.0108112118329145,,,,,,,,,,,,,,,,,
PSO J080916.623-183918.914,-999,-999,-999,85611223192664018,974417000076917,453621560979315,0,10820146899016,8561,1,909,32,0.768130644008639,974417,105617,3,404226048,48,122.3192629,-18.6552541,0.0010000000474974,0.0010000000474974,122.3192629,-18.6552541,0.0010000000474974,0.0010000000474974,56030.0377662,-999.0,-0.5065468964641697,0.8006818378545504,-0.3198731564423266,129.82798520969092,-37.73214344718187,238.56296469374288,7.762115281627718,-999,1,0,0,0,0,0,0,1155609000009295,1,0,20576,2523197387564929120,4401789,122.31925951,-18.65525665,0.4370979964733124,0.4069100022315979,55957.1729973,-999.0,0.7865200042724609,-999.0,0.0188660006970167,-999.0,-999.0,35651585,4,196608,12,5016.52978515625,2325.3798828125,1.7483899593353271,1.6276400089263916,1.3710700273513794,1.2983100414276123,81.49500274658203,0.081821396946907,-999.0,0.9996500015258788,0.9996500015258788,1.6009199619293213,-999.0,-999.0,-999.0,-999.0,-999.0,-3.7742398717455217e-07,2.9685099889320554e-07,-1.4607300045099691e-06,2.7558499482438492e-08,0.8864049911499023,2.9999899864196777,-999.0,-999.0,-999.0,688.0,-999.0,-2.1347799972204484e-08,5.911119842494372e-07,25.016199111938477,0.25,20576,2523197415482216544,4401893,122.31925886,-18.65525406,0.1823520064353943,0.1724629998207092,56216.8584343,23.83810043334961,0.373088002204895,-999.0,0.0300960000604391,-999.0,-999.0,35651585,4,196608,10,5016.52978515625,2325.3798828125,0.7294120192527771,0.6898549795150757,1.1865700483322144,1.1510499715805054,51.23540115356445,0.1724199950695037,-999.0,0.9995930194854736,0.9995930194854736,1.3495399951934814,-999.0,-999.0,-999.0,-999.0,-999.0,1.0587000360828824e-06,3.9498900150647387e-07,-6.940709909031284e-07,2.0888800023044496e-08,0.8786410093307495,2.7499799728393555,-999.0,-999.0,-999.0,560.0,-999.0,-2.961279932378602e-08,7.959880008456821e-07,25.03350067138672,0.2499980032444,20576,2523197445546987616,4402005,122.31925897,-18.6552556,0.4015699923038482,0.3715969920158386,56025.6262093,24.696800231933594,0.8304979801177979,-999.0,0.0122429998591542,-999.0,-999.0,35651585,4,196608,21,5016.52978515625,2325.3798828125,1.606279969215393,1.4863899946212769,1.1523100137710571,1.0799299478530884,-51.6239013671875,0.1559730023145675,-999.0,0.9996219873428344,0.9996219873428344,1.387570023536682,-999.0,-999.0,-999.0,-999.0,-999.0,4.800299961971177e-07,3.986640138009534e-07,-2.17357001019991e-06,2.6609999537186013e-08,0.8786410093307495,2.75,-999.0,-999.0,-999.0,1080.0,-999.0,-8.843770160638088e-08,8.648410130263073e-07,25.03420066833496,0.25,20576,2523197465948082272,4402081,122.31925924,-18.65525414,0.0847458988428115,0.0811422020196914,55873.6526962,22.393600463867188,0.1969909965991974,21.97960090637207,0.0091289998963475,-999.0,-999.0,35651585,4,196608,16,5016.52978515625,2325.3798828125,0.3389829993247986,0.3245680034160614,1.0609099864959717,1.0426700115203855,-0.919389009475708,0.3461039960384369,-999.0,0.9996119737625122,0.9996119737625122,1.091920018196106,-999.0,-999.0,-999.0,-999.0,-999.0,4.0046797948889434e-06,7.888839945735526e-07,5.863630121893948e-06,5.352919885126539e-08,0.8786410093307495,2.7500100135803223,-999.0,-999.0,-999.0,780.0,-999.0,-9.147819923782664e-08,1.6521199768249062e-06,25.040800094604492,0.2500010132789612,20576,2523197360721383520,4401689,122.31926656,-18.6552697,0.0693550035357475,0.0619366988539695,56004.0137962,21.448699951171875,0.1947740018367767,22.34939956665039,0.0123420003801584,22.6299991607666,0.8029710054397583,35651585,0,196608,13,5016.419921875,2325.179931640625,0.2774190008640289,0.247746005654335,0.8476639986038208,0.785938024520874,-22.327800750732425,0.8708630204200745,-2.303450128120915e-13,0.996945023536682,0.996945023536682,1.3217899799346924,0.0657076984643936,0.0589823015034198,0.004897799808532,0.7181429862976074,0.599852979183197,9.561359547660686e-06,1.8623100004333535e-06,4.1708999560796656e-06,5.1475499418529587e-08,0.8455110192298889,2.0,3.2211898997047683e-06,2.586519940450671e-06,1.7953599691390991,640.0,-7.32988977432251,-2.983099989251059e-08,4.142680154473055e-06,25.074399948120117,0.25,0.0075301028498855,,,,,,,,,,,,,,,,,
PSO J080916.520-183917.759,-999,-999,-999,85611223188354422,974417000076912,453621560979310,0,10820146899033,8561,1,909,32,0.569035666593384,974417,105617,3,1343750144,160,122.31883561,-18.65493328,0.0010000000474974,0.0010000000474974,122.31883561,-18.65493328,0.0010000000474974,0.0010000000474974,56059.3483912,-999.0,-0.5065418828323757,0.8006871290751384,-0.3198678512605546,129.82738309999425,-37.73194330333903,238.56247321608345,7.761943010629899,-999,1,0,0,0,0,0,0,1155609000009291,1,0,16205,2523197387564924749,4401789,122.31886624,-18.65498742,0.0932238027453422,0.0867853015661239,55957.1729973,23.262300491333008,0.1677480041980743,23.41230010986328,0.0187769997864961,23.38610076904297,0.259548008441925,35651585,0,196608,12,5021.8798828125,2329.280029296875,0.3728959858417511,0.3471420109272003,1.3711199760437012,1.298359990119934,81.52059936523438,0.081859603524208,-0.1806840002536773,0.9990010261535645,0.9990010261535645,1.6662499904632568,0.1570879966020584,-0.0935027003288269,0.1836390048265457,0.902525007724762,0.302276998758316,1.7992499579122525e-06,3.0182098953446257e-07,1.5669900221837452e-06,2.9423800285144353e-08,0.8952469825744629,2.9999899864196777,1.6053299987106584e-06,4.166579969933082e-07,2.256309986114502,688.0,-1.3386499881744385,-2.1335999633720352e-08,5.915579777138191e-07,25.016199111938477,0.25,16205,2523197415482212173,4401893,122.31883561,-18.65493092,0.4034450054168701,0.3815650045871734,56216.8584343,24.658599853515625,0.8254380226135254,-999.0,0.03235400095582,-999.0,-999.0,35651585,4,196608,9,5022.2900390625,2330.06005859375,1.6137900352478027,1.526270031929016,1.186900019645691,1.151419997215271,51.2151985168457,0.1720030009746551,-999.0,0.997646987438202,0.997646987438202,1.3588299751281738,-999.0,-999.0,-999.0,-999.0,-999.0,4.972139890924154e-07,4.1041900544769305e-07,-6.005579962220509e-07,1.9430800080044722e-08,0.8891630172729492,2.7499799728393555,-999.0,-999.0,-999.0,560.0,-999.0,-2.9973499238167285e-08,7.947789981699316e-07,25.03350067138672,0.2499980032444,16205,2523197445546983245,4402005,122.31883573,-18.65493246,0.2018039971590042,0.1867409944534301,56025.6262093,-999.0,0.4173550009727478,-999.0,0.0105400001630187,-999.0,-999.0,35651585,4,196608,18,5022.2900390625,2330.06005859375,0.8072140216827393,0.7469620108604431,1.1523900032043457,1.0800399780273438,-51.62289810180664,0.1558009982109069,-999.0,0.9979379773139954,0.9979379773139954,1.349329948425293,-999.0,-999.0,-999.0,-999.0,-999.0,-9.922920298777171e-07,4.141379861266614e-07,-2.932370080088731e-06,3.090779898684559e-08,0.8891630172729492,2.75,-999.0,-999.0,-999.0,1080.0,-999.0,-8.893159986200773e-08,8.647600111544307e-07,25.03420066833496,0.25,16205,2523197465948077901,4402081,122.318836,-18.654931,0.4421310126781463,0.423330008983612,55873.6526962,-999.0,1.0277299880981443,24.121999740600582,0.0244859997183084,-999.0,-999.0,35651585,4,196608,14,5022.2900390625,2330.06005859375,1.7685199975967407,1.6933200359344482,1.0608099699020386,1.042639970779419,-1.062540054321289,0.3465709984302521,-999.0,0.9978049993515016,0.9978049993515016,1.097749948501587,-999.0,-999.0,-999.0,-999.0,-999.0,-7.822200132068247e-07,8.039079943955585e-07,8.150560120157024e-07,1.9957299812745077e-08,0.8891630172729492,2.7500100135803223,-999.0,-999.0,-999.0,780.0,-999.0,-9.173680126650653e-08,1.6517600442966796e-06,25.040800094604492,0.2500010132789612,16205,2523197360721379149,4401689,122.31883505,-18.65493328,10.467700004577637,9.348099708557127,56004.0137962,26.869199752807617,29.397300720214844,-999.0,0.018368000164628,-999.0,-999.0,35651585,4,196608,12,5022.2900390625,2330.06005859375,41.87089920043945,37.39229965209961,0.8476830124855042,0.7860100269317627,-22.319799423217773,0.8712210059165955,-999.0,0.9965119957923888,0.9965119957923888,1.3055800199508667,-999.0,-999.0,-999.0,-999.0,-999.0,6.491290349686096e-08,1.9082599465036765e-06,-1.5700300082244212e-06,2.8838600840686013e-08,0.8455110192298889,2.0,-999.0,-999.0,-999.0,640.0,-999.0,-3.1804301414695146e-08,4.1393300307390746e-06,25.074399948120117,0.25,0.0070695403845694,,,,,,,,,,,,,,,,,
PSO J080916.746-183913.546,-999,-999,-999,85611223198215812,974417000049187,453621560950820,0,10820146899435,8561,1,909,32,0.498055623376794,974417,105617,3,436285440,52,122.31978357,-18.6539016,0.0010000000474974,0.0010000000474974,122.3197773,-18.65376299,0.2026199996471405,0.2026199996471405,55200.50142361,-999.0,-0.5065585354858969,0.8006843247410611,-0.3198484988871047,129.8280717831776,-37.73057620245878,238.56195173531376,7.763320926441818,-999,2,1,0,0,1,0,0,1155609000002896,1,0,16158,2523197387564924702,4401789,122.31978423,-18.65390418,0.1754570007324218,0.1633390039205551,55957.1729973,23.88960075378418,0.3157210052013397,25.460399627685547,0.0482220016419887,-999.0,-999.0,35651585,4,196608,11,5009.27001953125,2344.820068359375,0.7018309831619263,0.653357982635498,1.3711400032043457,1.297600030899048,81.72049713134766,0.0820178017020225,-999.0,0.9989929795265198,0.9989929795265198,1.6353800296783447,-999.0,-999.0,-999.0,-999.0,-999.0,1.009649963634729e-06,3.187670074566995e-07,2.3759200473705283e-07,1.1457299997630344e-08,0.8908259868621826,2.9999899864196777,-999.0,-999.0,-999.0,688.0,-999.0,-1.9873400702863364e-08,5.940970027040748e-07,25.016199111938477,0.25,16158,2523197415482212126,4401893,122.31978357,-18.6539016,0.0907965973019599,0.0858725979924202,56216.8584343,22.973899841308594,0.1857679933309555,22.56679916381836,0.0141049996018409,-999.0,-999.0,35651585,4,196608,7,5009.27001953125,2344.820068359375,0.3631890118122101,0.3434920012950897,1.186750054359436,1.1511399745941162,51.98939895629883,0.1717260032892227,-999.0,0.9984710216522216,0.9984710216522216,1.3821099996566772,-999.0,-999.0,-999.0,-999.0,-999.0,2.3465099729946814e-06,4.359060028491513e-07,3.41416989613208e-06,4.8156000076460266e-08,0.8839020133018494,2.7499799728393555,-999.0,-999.0,-999.0,560.0,-999.0,-3.1024399049783824e-08,7.963780035424861e-07,25.03350067138672,0.2499980032444,16158,2523197445546983198,4402005,122.31978302,-18.65389751,0.0687813013792038,0.0636473000049591,56025.6262093,22.71220016479492,0.1422480046749115,23.489099502563477,0.0155410002917051,23.12339973449707,0.2790589928627014,35651585,0,196608,21,5009.27978515625,2344.89990234375,0.2751249969005584,0.2545889914035797,1.1524100303649902,1.0791499614715576,-51.647098541259766,0.1564099937677383,-0.1042670011520385,0.9981610178947448,0.9981610178947448,1.3680700063705444,0.1064610034227371,0.0062555097974836,0.1853069961071014,0.7921350002288818,-0.021527100354433,2.9862999326724093e-06,4.247949902946857e-07,1.4600200302083977e-06,2.2690299417149618e-08,0.8891630172729492,2.75,2.0447300812520552e-06,5.705999797100958e-07,1.9803400039672852,1080.0,-1.6245100498199463,-8.785300309455124e-08,8.648859761706262e-07,25.03420066833496,0.25,16158,2523197465948077854,4402081,122.31980018,-18.65379308,0.0684799030423164,0.0655680000782013,55873.6526962,21.996299743652344,0.159180998802185,25.059600830078125,0.0377070009708404,-999.0,-999.0,35651585,0,196608,11,5009.0498046875,2346.3798828125,0.2739189863204956,0.262270987033844,1.061110019683838,1.0433599948883057,-1.3068000078201294,0.3442769944667816,-4.794410202180188e-09,0.997771978378296,0.997771978378296,1.1432499885559082,0.1456640064716339,0.0112226996570825,0.0688602030277252,-999.0,-1.649880051612854,5.774039891548455e-06,9.191149956677692e-07,3.4369699619674066e-07,1.2959699979830931e-08,0.8891630172729492,2.7500100135803223,-999.0,-999.0,-999.0,780.0,-5.854159832000732,-9.060619987621976e-08,1.6518699794687564e-06,25.040800094604492,0.2500010132789612,16158,2523197360721379102,4401689,122.31978302,-18.65390393,0.1203479990363121,0.107474997639656,56004.0137962,22.031299591064453,0.3379809856414795,22.21430015563965,0.0115970000624656,-999.0,-999.0,35651585,4,196608,11,5009.27001953125,2344.820068359375,0.4813899993896484,0.4298999905586242,0.8477740287780762,0.7861040234565735,-22.474700927734375,0.8707860112190247,-999.0,0.9979550242424012,0.9979550242424012,1.2815699577331543,-999.0,-999.0,-999.0,-999.0,-999.0,5.5910099945322145e-06,1.8896499796028363e-06,4.72347983304644e-06,5.4779199842869275e-08,0.8554580211639404,2.0,-999.0,-999.0,-999.0,640.0,-999.0,-3.0920499938247303e-08,4.1449097807344515e-06,25.074399948120117,0.25,0.0078510118129283,,,,,,,,,,,,,,,,,
PSO J080916.525-183912.089,-999,-999,-999,85611223189526203,974417000049088,453621560950721,0,10820146899277,8561,1,909,32,0.706749103690264,974417,105617,3,436285440,52,122.3189542,-18.65345866,0.0010000000474974,0.0010000000474974,122.31885754,-18.65335816,0.1181700006127357,0.1181700006127357,56057.86709491,5.073800086975098,-0.5065468903762043,0.8006943661535125,-0.3198418044287243,129.82687288576318,-37.73042060724085,238.5611380440946,7.762798154562216,-999,3,2,0,1,0,1,0,1155609000002878,1,0,16199,2523197387564924743,4401789,122.31895102,-18.65348738,0.3299829959869385,0.3071930110454559,55957.1729973,-999.0,0.5937759876251221,-999.0,0.0124559998512268,-999.0,-999.0,35651585,4,196608,10,5020.6201171875,2350.8798828125,1.3199299573898315,1.2287700176239014,1.371209979057312,1.297760009765625,81.75180053710938,0.0820802971720695,-999.0,0.9992340207099916,0.9992340207099916,1.7134000062942505,-999.0,-999.0,-999.0,-999.0,-999.0,-5.596759820036823e-07,3.323220028050855e-07,-3.3508799788251058e-06,4.1739699696563555e-08,0.8996679782867432,2.9999899864196777,-999.0,-999.0,-999.0,688.0,-999.0,-2.0018200430627076e-08,5.946529881839524e-07,25.016199111938477,0.25,16199,2523197415482212167,4401893,122.31893604,-18.65349768,0.0542168989777565,0.0512766018509864,56216.8584343,22.353500366210938,0.1109260022640228,21.90369987487793,0.0103930002078413,22.037200927734375,0.1368670016527176,35667969,0,196608,8,5020.81005859375,2350.699951171875,0.2168689966201782,0.2051080018281936,1.187309980392456,1.1518100500106812,51.85110092163086,0.1710540056228637,9.654920177126767e-06,0.998986005783081,0.9983189702033995,1.3887100219726562,0.1964560002088546,0.0053519601933658,0.1867949962615966,1.0192899703979492,0.8403779864311218,4.155329861532664e-06,4.60936007584678e-07,6.288260010478552e-06,6.535410079777648e-08,0.8917940258979797,2.7499799728393555,5.560360023082467e-06,7.610290140291909e-07,2.548219919204712,560.0,4.424759864807129,-3.150039873389687e-08,7.941300168567977e-07,25.03350067138672,0.2499980032444,16199,2523197445546983239,4402005,122.31895858,-18.65348158,0.0654990002512931,0.0606100000441074,56025.6262093,22.650800704956055,0.1354600042104721,24.095600128173828,0.0205479990690946,-999.0,-999.0,35653633,0,196608,21,5020.509765625,2350.949951171875,0.2619960010051727,0.2424400001764297,1.1525499820709229,1.079439997673035,-51.64179992675781,0.1560409963130951,-5.11506000592856e-27,0.9984800219535828,0.9984800219535828,1.371870040893555,-0.0072747399099171,0.0305853001773357,0.1207600012421608,-999.0,-1.0403399467468262,3.159869947921834e-06,4.28036003086163e-07,8.351630071956606e-07,1.7161099208351516e-08,0.8865320086479187,2.75,-999.0,-999.0,-999.0,1080.0,-10.76360034942627,-8.880810042910525e-08,8.647709819342708e-07,25.03420066833496,0.25,16199,2523197465948077895,4402081,122.31894299,-18.65343574,0.0489156991243362,0.0468356981873512,55873.6526962,21.661800384521484,0.11370400339365,-999.0,0.0164049994200468,-999.0,-999.0,35651585,0,196608,12,5020.72021484375,2351.590087890625,0.1956630051136016,0.1873420029878616,1.0608799457550049,1.043179988861084,-1.5203700065612793,0.3454079926013946,-1.924979986410027e-20,0.9991880059242249,0.9991880059242249,1.118090033531189,0.0857724025845527,0.0016839399468153,0.0762062966823577,-999.0,-45.840301513671875,7.85707015893422e-06,8.933799904298212e-07,-1.665780018811347e-06,2.7327599738669054e-08,0.8839020133018494,2.7500100135803223,-999.0,-999.0,-999.0,780.0,-9.266420364379885,-9.12791975338223e-08,1.6510899740751483e-06,25.040800094604492,0.2500010132789612,16199,2523197360721379143,4401689,122.31894981,-18.65348713,0.1336179971694946,0.119326002895832,56004.0137962,22.16360092163086,0.3752489984035492,-999.0,0.0230059996247291,-999.0,-999.0,35651585,4,196608,13,5020.6201171875,2350.8798828125,0.5344719886779785,0.4773040115833282,0.8477910161018372,0.786204993724823,-22.442399978637695,0.8714339733123779,-999.0,0.9976109862327576,0.9976109862327576,1.3075900077819824,-999.0,-999.0,-999.0,-999.0,-999.0,4.949300091539044e-06,1.8572200133348815e-06,-1.0008200206357287e-06,2.3025000572829413e-08,0.8405370116233826,2.0,-999.0,-999.0,-999.0,640.0,-999.0,-3.4066598431081736e-08,4.1390098886040505e-06,25.074399948120117,0.25,0.0069662878408531,,,,,,,,,,,,,,,,,
PSO J080914.492-183919.508,-999,-999,-999,85611223103843842,974417000047990,453621560949623,0,10820146903089,8561,1,909,32,0.992486012161231,974417,105617,3,512024576,61,122.31038671,-18.65541901,0.0010000000474974,0.0010000000474974,122.3103783,-18.65542736,0.0030499999411404,0.0039800000376999,56040.0637037,2.1735999584198,-0.5064222152066544,0.8007595586699229,-0.3198760215207376,129.81779229206555,-37.73457361752918,238.55859557133357,7.754893919391774,-999,5,64,10,10,17,14,13,1155609000002591,1,1,16584,2523197387564925128,4401789,122.31038671,-18.65542071,0.0024096199776977,0.0022432000841945,55957.1729973,18.527700424194336,0.0043359999544918,18.184900283813477,0.0016909999540075,18.191099166870117,0.0047380002215504,35667973,128,196608,10,5137.6298828125,2323.6298828125,0.0096385003998875,0.0089728096500039,1.3716599941253662,1.3018900156021118,81.0990982055664,0.0817582979798317,0.0,0.9997029900550842,0.9997029900550842,3.8162999153137207,0.3013589978218078,0.002335499972105,0.3085600137710571,1.4904899597167969,1.088320016860962,0.0001409069955116,6.109589776315261e-07,0.0001932089944602,3.267230113124242e-07,0.884194016456604,2.9999899864196777,0.000192118997802,9.10178016511054e-07,3.726239919662475,688.0,16.417299270629883,-2.6307800382596724e-08,5.885290192964021e-07,25.016199111938477,0.25,-999,-999,-999,-999.0,-999.0,-999.0,-999.0,-999.0,-999.0,-999.0,-999.0,-999.0,-999.0,-999.0,-999,-999,-999,-999,-999.0,-999.0,-999.0,-999.0,-999.0,-999.0,-999.0,-999.0,-999.0,-999.0,-999.0,-999.0,-999.0,-999.0,-999.0,-999.0,-999.0,-999.0,-999.0,-999.0,-999.0,-999.0,-999.0,-999.0,-999.0,-999.0,-999.0,-999.0,-999.0,-999.0,-999.0,-999.0,16584,2523197445546983624,4402005,122.31039247,-18.65541901,0.0009901500307023,0.0009162439964711,56025.6262093,17.21540069580078,0.0020479999948292,16.728300094604492,0.0006910000229254,16.45400047302246,0.0026819999329745,35667973,128,196608,15,5137.5498046875,2323.639892578125,0.0039606001228094,0.0036649799440056,1.153370022773743,1.0847699642181396,-51.514198303222656,0.1515430063009262,0.0,0.9996830224990844,0.9996830224990844,14.977100372314451,0.2405360043048858,-0.0019135599723085,0.2380259931087494,2.576669931411743,1.024829983711243,0.0004718969867099,9.663290256867183e-07,0.0007390659884549,5.10506993123272e-07,0.8812710046768188,2.75,0.0009514649864286,2.5521298994135577e-06,6.441689968109131,1080.0,23.812599182128903,-9.870449702020778e-08,8.631240007161978e-07,25.03420066833496,0.25,16584,2523197465948078280,4402081,122.31039379,-18.65541114,0.0011569500202313,0.0011077600065618,55873.6526962,16.924100875854492,0.002688999986276,16.421300888061523,0.0007060000207275,16.27359962463379,0.0034129999112337,35667973,128,196608,13,5137.52978515625,2323.72998046875,0.0046278098598122,0.0044310200028121,1.0585999488830566,1.039720058441162,-1.7682100534439087,0.3604989945888519,0.0,0.9993500113487244,0.9993500113487244,7.232850074768066,0.22707299888134,0.0043597100302577,0.2227070033550262,1.954100012779236,1.0109100341796875,0.0006171040004119,1.6595899978710804e-06,0.0009805610170587,6.92221988174424e-07,0.8865320086479187,2.7500100135803223,0.0011235000565648,3.8348098314600065e-06,4.885260105133057,780.0,17.140300750732422,-9.849679827311777e-08,1.6482999853906222e-06,25.040800094604492,0.2500010132789612,16584,2523197360721379528,4401689,122.31037834,-18.65540642,0.0016504899831488,0.0014739499893039,56004.0137962,16.771099090576172,0.0046350001357495,16.165700912475586,0.0007159999804571,15.777400016784668,0.006260999944061,102776839,128,196608,10,5137.72998046875,2323.840087890625,0.0066019599325954,0.0058957999572157,0.8475379943847656,0.786421000957489,-21.602500915527344,0.8768129944801331,0.0,0.9981499910354614,0.9981499910354614,11.795599937438965,0.1600320041179657,0.0017267899820581,0.1565320044755935,2.395930051803589,0.9398030042648317,0.0007105040131136,3.2933201055129757e-06,0.001240890007466,8.878740231921256e-07,0.8504840135574341,2.0,0.0017744400538504,1.1110500054201111e-05,5.9898200035095215,640.0,23.710399627685547,-5.8066699892833646e-08,4.0785098462947644e-06,25.074399948120117,0.25,0.0020624177463901,,,,,,,,,,,,,,,,,
PSO J080914.492-183919.508,-999,-999,-999,85611223103843842,974417000047990,453621560949623,0,10820146903089,8561,1,909,32,0.992486012161231,974417,105617,3,512024576,61,122.31038671,-18.65541901,0.0010000000474974,0.0010000000474974,122.3103783,-18.65542736,0.0030499999411404,0.0039800000376999,56040.0637037,2.1735999584198,-0.5064222152066544,0.8007595586699229,-0.3198760215207376,129.81779229206555,-37.73457361752918,238.55859557133357,7.754893919391774,-999,5,64,10,10,17,14,13,1155609000002592,1,1,-999,-999,-999,-999.0,-999.0,-999.0,-999.0,-999.0,-999.0,-999.0,-999.0,-999.0,-999.0,-999.0,-999,-999,-999,-999,-999.0,-999.0,-999.0,-999.0,-999.0,-999.0,-999.0,-999.0,-999.0,-999.0,-999.0,-999.0,-999.0,-999.0,-999.0,-999.0,-999.0,-999.0,-999.0,-999.0,-999.0,-999.0,-999.0,-999.0,-999.0,-999.0,-999.0,-999.0,-999.0,-999.0,-999.0,-999.0,16598,2523197415482212566,4401893,122.31038116,-18.65542408,0.0013147200224921,0.00124341994524,56216.8584343,17.6289005279541,0.0026899999938905,17.16119956970215,0.0011699999449774,16.63479995727539,0.0036919999402016,35667973,128,196608,10,5137.7001953125,2323.550048828125,0.0052589201368391,0.0049737198278307,1.191249966621399,1.156559944152832,47.825401306152344,0.1685100048780441,0.0,0.9994770288467408,0.9994770288467408,7.835909843444824,0.2524760067462921,0.0031812901142984,0.2488539963960647,3.530519962310791,1.039080023765564,0.0003224409883841,8.673320053276257e-07,0.0004960459773428,5.804560032629524e-07,0.8865320086479187,2.7499799728393555,0.0008055429789237,2.973770051539759e-06,8.826310157775879,560.0,20.441099166870117,-2.97340001509383e-08,7.748930102025042e-07,25.03350067138672,0.2499980032444,-999,-999,-999,-999.0,-999.0,-999.0,-999.0,-999.0,-999.0,-999.0,-999.0,-999.0,-999.0,-999.0,-999,-999,-999,-999,-999.0,-999.0,-999.0,-999.0,-999.0,-999.0,-999.0,-999.0,-999.0,-999.0,-999.0,-999.0,-999.0,-999.0,-999.0,-999.0,-999.0,-999.0,-999.0,-999.0,-999.0,-999.0,-999.0,-999.0,-999.0,-999.0,-999.0,-999.0,-999.0,-999.0,-999.0,-999.0,-999,-999,-999,-999.0,-999.0,-999.0,-999.0,-999.0,-999.0,-999.0,-999.0,-999.0,-999.0,-999.0,-999,-999,-999,-999,-999.0,-999.0,-999.0,-999.0,-999.0,-999.0,-999.0,-999.0,-999.0,-999.0,-999.0,-999.0,-999.0,-999.0,-999.0,-999.0,-999.0,-999.0,-999.0,-999.0,-999.0,-999.0,-999.0,-999.0,-999.0,-999.0,-999.0,-999.0,-999.0,-999.0,-999.0,-999.0,-999,-999,-999,-999.0,-999.0,-999.0,-999.0,-999.0,-999.0,-999.0,-999.0,-999.0,-999.0,-999.0,-999,-999,-999,-999,-999.0,-999.0,-999.0,-999.0,-999.0,-999.0,-999.0,-999.0,-999.0,-999.0,-999.0,-999.0,-999.0,-999.0,-999.0,-999.0,-999.0,-999.0,-999.0,-999.0,-999.0,-999.0,-999.0,-999.0,-999.0,-999.0,-999.0,-999.0,-999.0,-999.0,-999.0,-999.0,0.0020624177463901,,,,,,,,,,,,,,,,,
PSO J080914.576-183919.241,-999,-999,-999,85611223106613619,974417000048029,453621560949662,0,10820146903283,8561,1,909,32,0.111095373622231,974417,105617,3,1343750144,160,122.31073524,-18.65534487,0.0010000000474974,0.0010000000474974,122.31073524,-18.65534487,0.0010000000474974,0.0010000000474974,56216.85842593,-999.0,-0.5064274499103666,0.8007567929799572,-0.3198746574421567,129.81817612828428,-37.734403245796365,238.55870653234425,7.755224201660986,-999,1,1,0,0,0,1,0,1155609000002599,1,0,-999,-999,-999,-999.0,-999.0,-999.0,-999.0,-999.0,-999.0,-999.0,-999.0,-999.0,-999.0,-999.0,-999,-999,-999,-999,-999.0,-999.0,-999.0,-999.0,-999.0,-999.0,-999.0,-999.0,-999.0,-999.0,-999.0,-999.0,-999.0,-999.0,-999.0,-999.0,-999.0,-999.0,-999.0,-999.0,-999.0,-999.0,-999.0,-999.0,-999.0,-999.0,-999.0,-999.0,-999.0,-999.0,-999.0,-999.0,16584,2523197415482212552,4401893,122.31073524,-18.65534487,0.0047679501585662,0.0045093800872564,56216.8584343,19.262300491333008,0.0097549995407462,18.106199264526367,0.001808000029996,17.064300537109375,0.0051049999892711,35667969,0,196608,9,5132.85986328125,2324.659912109375,0.0190718993544578,0.0180376004427671,1.1910799741744995,1.1563600301742554,47.99610137939453,0.168612003326416,0.0,0.9984409809112548,0.9984409809112548,26.10449981689453,0.1753869950771331,0.0674597024917602,0.4067879915237427,3.3623499870300293,1.12336003780365,7.162950350902975e-05,6.987530127844366e-07,0.0002077359968097,3.756329931547953e-07,0.8839020133018494,2.7499799728393555,0.0005423279944807,2.7685700842994265e-06,8.40587043762207,560.0,47.72489929199219,-2.9814600566169254e-08,7.757029720778519e-07,25.03350067138672,0.2499980032444,-999,-999,-999,-999.0,-999.0,-999.0,-999.0,-999.0,-999.0,-999.0,-999.0,-999.0,-999.0,-999.0,-999,-999,-999,-999,-999.0,-999.0,-999.0,-999.0,-999.0,-999.0,-999.0,-999.0,-999.0,-999.0,-999.0,-999.0,-999.0,-999.0,-999.0,-999.0,-999.0,-999.0,-999.0,-999.0,-999.0,-999.0,-999.0,-999.0,-999.0,-999.0,-999.0,-999.0,-999.0,-999.0,-999.0,-999.0,-999,-999,-999,-999.0,-999.0,-999.0,-999.0,-999.0,-999.0,-999.0,-999.0,-999.0,-999.0,-999.0,-999,-999,-999,-999,-999.0,-999.0,-999.0,-999.0,-999.0,-999.0,-999.0,-999.0,-999.0,-999.0,-999.0,-999.0,-999.0,-999.0,-999.0,-999.0,-999.0,-999.0,-999.0,-999.0,-999.0,-999.0,-999.0,-999.0,-999.0,-999.0,-999.0,-999.0,-999.0,-999.0,-999.0,-999.0,-999,-999,-999,-999.0,-999.0,-999.0,-999.0,-999.0,-999.0,-999.0,-999.0,-999.0,-999.0,-999.0,-999,-999,-999,-999,-999.0,-999.0,-999.0,-999.0,-999.0,-999.0,-999.0,-999.0,-999.0,-999.0,-999.0,-999.0,-999.0,-999.0,-999.0,-999.0,-999.0,-999.0,-999.0,-999.0,-999.0,-999.0,-999.0,-999.0,-999.0,-999.0,-999.0,-999.0,-999.0,-999.0,-999.0,-999.0,0.0018524584507178,,,,,,,,,,,,,,,,,
PSO J080915.317-183920.810,-999,-999,-999,85611223137993389,974417000076866,453621560979264,0,10820146903303,8561,1,909,32,0.632394808002184,974417,105617,3,404226048,48,122.31382248,-18.65578078,0.0010000000474974,0.0010000000474974,122.31382248,-18.65578078,0.0010000000474974,0.0010000000474974,56121.24231481,-999.0,-0.5064692950300839,0.8007274474775559,-0.3198818657689239,129.82188669448615,-37.73403670003726,238.5606487276345,7.757469734014502,-999,2,0,0,0,0,0,0,1155609000009258,1,0,16440,2523197387564924984,4401789,122.31380052,-18.65579416,0.2049829959869384,0.1908259987831115,55957.1729973,-999.0,0.3688490092754364,-999.0,0.0076939999125897,-999.0,-999.0,35651585,4,196608,10,5091.06982421875,2318.02001953125,0.8199329972267151,0.7633039951324463,1.3714300394058228,1.3006999492645264,81.18460083007812,0.0817105025053024,-999.0,0.9982140064239502,0.9982140064239502,2.9939401149749756,-999.0,-999.0,-999.0,-999.0,-999.0,-1.242339976670337e-06,4.582360020322085e-07,-8.783939847489819e-06,6.757939985391205e-08,0.8974570035934448,2.9999899864196777,-999.0,-999.0,-999.0,688.0,-999.0,-2.4695200551150265e-08,5.887699785489531e-07,25.016199111938477,0.25,16440,2523197415482212408,4401893,122.31384784,-18.65580625,0.0059736701659858,0.0056497100740671,56216.8584343,19.592199325561523,0.0122220003977417,18.456899642944336,0.0021250001154839,17.599000930786133,0.006091000046581,35667969,0,196608,8,5090.419921875,2317.800048828125,0.0238947998732328,0.0225990004837512,1.1892600059509275,1.1542999744415283,48.98040008544922,0.1703599989414215,0.0,0.9986850023269652,0.9986850023269652,17.350900650024414,0.399073988199234,-0.0048890900798141,0.1944060027599334,2.3236498832702637,1.2154699563980105,5.2860901632811874e-05,6.460650183726102e-07,0.0001503940002294,3.1961201329977484e-07,0.8839020133018494,2.7499799728393555,0.0003314480127301,2.01875991479028e-06,5.8091301918029785,560.0,50.052101135253906,-2.9182199767774364e-08,7.833659765310585e-07,25.03350067138672,0.2499980032444,16440,2523197445546983480,4402005,122.31379108,-18.65580182,0.0042524500750005,0.003935039974749,56025.6262093,19.150100708007812,0.0087949996814131,17.942100524902344,0.0012080000014975,17.103599548339844,0.0049160001799464,35667969,0,196608,14,5091.18994140625,2317.889892578125,0.017009800300002,0.0157402008771896,1.1529300212860107,1.0830899477005005,-51.5536994934082,0.1532029956579208,0.0,0.9983279705047609,0.9983279705047609,28.718799591064453,0.3751940131187439,0.001596670015715,0.186488002538681,2.547060012817383,1.2133599519729614,7.942850061226636e-05,6.985420100136253e-07,0.0002416329953121,2.9190300665504765e-07,0.8944240212440491,2.75,0.0005230560200288,2.571360028014169e-06,6.367650032043457,1080.0,56.296600341796875,-9.477199824914353e-08,8.637049973003741e-07,25.03420066833496,0.25,16440,2523197465948078136,4402081,122.31380026,-18.65579161,0.1781260073184967,0.1705520004034042,55873.6526962,-999.0,0.4140509963035583,-999.0,0.0045619998127222,-999.0,-999.0,35651585,4,196608,12,5091.06982421875,2318.02001953125,0.7125030159950256,0.6822050213813782,1.059499979019165,1.0407299995422363,-1.305109977722168,0.3552829921245575,-999.0,0.9976320266723632,0.9976320266723632,2.8869800567626953,-999.0,-999.0,-999.0,-999.0,-999.0,-3.1127299280342413e-06,1.288830048906675e-06,-2.1539499357459135e-05,9.826769797882663e-08,0.8917940258979797,2.7500100135803223,-999.0,-999.0,-999.0,780.0,-999.0,-9.577779991332137e-08,1.6503199731232598e-06,25.040800094604492,0.2500010132789612,16440,2523197360721379384,4401689,122.3137993,-18.65579389,0.3165799975395202,0.2827180027961731,56004.0137962,-999.0,0.8890730142593384,22.387699127197266,0.0125609999522566,-999.0,-999.0,35651585,4,196608,9,5091.06982421875,2318.02001953125,1.266319990158081,1.13086998462677,0.8475549817085266,0.7861850261688232,-21.845800399780273,0.8744289875030518,-999.0,0.9966220259666444,0.9966220259666444,1.410670042037964,-999.0,-999.0,-999.0,-999.0,-999.0,-3.130410050289356e-06,2.7831599709315924e-06,4.026539954793407e-06,5.0576801413626526e-08,0.880325973033905,2.0,-999.0,-999.0,-999.0,640.0,-999.0,-4.6881201143378355e-08,4.102760158275487e-06,25.074399948120117,0.25,0.0030700137534491,,,,,,,,,,,,,,,,,
PSO J080915.309-183919.593,-999,-999,-999,85611223137923794,974417000048411,453621560950044,0,10820146904366,8561,1,909,32,0.306256933422998,974417,105617,3,512024576,61,122.31378948,-18.65544251,0.0010000000474974,0.0010000000474974,122.31377956,-18.65546171,0.00378999998793,0.0049100001342594,56064.64769676,2.025099992752075,-0.5064696474396776,0.800729332349725,-0.3198765895421114,129.82172869726344,-37.73374031209914,238.56035418102496,7.757604946127107,-999,5,62,10,10,16,14,12,1155609000002694,1,1,16439,2523197387564924983,4401789,122.31378948,-18.65545509,0.0028296099044382,0.0026341800112277,55957.1729973,18.845699310302734,0.0050920001231133,18.258699417114254,0.0017490000464022,17.97319984436035,0.0048540001735091,102776839,128,196608,10,5091.2001953125,2322.89990234375,0.0113185001537203,0.0105366995558142,1.3714300394058228,1.3005599975585938,81.23909759521484,0.081767201423645,0.0,0.9990180134773254,0.9990180134773254,11.853300094604492,0.2965500056743622,0.0025218499358743,0.3221989870071411,2.014580011367798,1.1191600561141968,0.0001051259969244,5.352640073397197e-07,0.0001805130013963,3.158060053465306e-07,0.8996679782867432,2.9999899864196777,0.0002348200068809,1.139790015258768e-06,5.036439895629883,688.0,20.12879943847656,-2.4478799431904008e-08,5.893380148336291e-07,25.016199111938477,0.25,16439,2523197415482212407,4401893,122.31380048,-18.65544002,0.0019323100568726,0.0018275199690833,56216.8584343,18.141799926757812,0.0039530000649392,17.616100311279297,0.0014430000446736,17.104299545288086,0.0040400000289082,35667973,128,196608,8,5091.0400390625,2323.080078125,0.0077292998321354,0.0073101301677525,1.189389944076538,1.1544400453567505,49.12099838256836,0.170073002576828,0.0,0.997452974319458,0.997452974319458,7.71245002746582,0.2482880055904388,0.0035087000578641,0.2632710039615631,2.566270112991333,1.0644899606704712,0.0002010419993894,7.948129905344103e-07,0.0003262700047343,4.707559924099769e-07,0.8917940258979797,2.7499799728393555,0.0005227280198596,2.111850108121871e-06,6.415679931640625,560.0,24.67099952697754,-2.9598499651228852e-08,7.830649906281906e-07,25.03350067138672,0.2499980032444,16439,2523197445546983479,4402005,122.31379131,-18.65544251,0.0013684299774467,0.0012662899680435,56025.6262093,17.69540023803711,0.0028299998957663,17.149999618530273,0.0008389999857172,16.760900497436523,0.0030380000825971,35667973,128,196608,15,5091.169921875,2323.070068359375,0.0054737199097871,0.0050651500932872,1.1529500484466553,1.082949995994568,-51.55670166015625,0.153231993317604,0.0,0.997963011264801,0.997963011264801,14.875200271606444,0.2325139939785003,-0.0011431400198489,0.2478950023651123,2.1825900077819824,1.0525100231170654,0.0003032640088349,8.582629789088969e-07,0.0005011769826523,4.203930075163953e-07,0.8944240212440491,2.75,0.0007172310142777,2.1787400328321382e-06,5.456470012664795,1080.0,27.84480094909668,-9.476860185486657e-08,8.637750283924106e-07,25.03420066833496,0.25,16439,2523197465948078135,4402081,122.31378046,-18.6554414,0.0015709199942648,0.0015041199512779,55873.6526962,17.365699768066406,0.0036520001012831,16.750900268554688,0.0008219999726861,16.513900756835938,0.0043730000033974,102776839,128,196608,13,5091.31982421875,2323.06005859375,0.0062836701981723,0.0060164798051118,1.0594799518585205,1.0408200025558472,-1.4232499599456787,0.3550620079040527,0.0,0.9977890253067015,0.9977890253067015,15.531399726867676,0.2156720012426376,0.0048827501013875,0.2280990034341812,2.0095300674438477,1.024829983711243,0.0004108859866391,1.500389998909668e-06,0.0007238590042106,5.947509862380684e-07,0.8891630172729492,2.7500100135803223,0.0009003989980556,3.93763002648484e-06,5.023819923400879,780.0,18.421300888061523,-9.582319648870909e-08,1.6498399872943992e-06,25.040800094604492,0.2500010132789612,16439,2523197360721379383,4401689,122.31378366,-18.65545098,0.0026090499013662,0.0023299900349229,56004.0137962,17.3031005859375,0.007327000144869,16.73979949951172,0.0009319999953731,16.440200805664062,0.0084340004250407,102776839,128,196608,9,5091.259765625,2322.9599609375,0.0104361996054649,0.0093199303373694,0.8475779891014099,0.7862269878387451,-21.873600006103516,0.8745129704475403,0.0,0.9965630173683168,0.9965630173683168,5.324019908905029,0.1518000066280365,0.0022099500056356,0.1579020023345947,1.6285699605941772,0.935842990875244,0.000435263995314,3.1892600418359507e-06,0.0007312719826586,6.815919846303586e-07,0.8455110192298889,2.0,0.0009636610047891,8.127820365189109e-06,4.071420192718506,640.0,23.374399185180664,-4.7143899450929894e-08,4.103049832338002e-06,25.074399948120117,0.25,0.0027987519808872,,,,,,,,,,,,,,,,,
PSO J080916.330-183947.746,-999,-999,-999,85601223178884342,974417000048944,453621560950577,0,10820146916659,8560,1,909,32,0.913523689763177,974417,105617,3,444669952,53,122.31804359,-18.66326294,0.0010000000474974,0.0010000000474974,122.31799001,-18.66330631,0.133310005068779,0.0419300012290477,55833.28887731,1.857300043106079,-0.5065050699809946,0.8006550927335513,-0.3200063070681204,129.8292544227929,-37.74022335980569,238.56919997728,7.756812221975041,-999,2,3,2,1,0,0,0,1155609000002830,1,0,16248,2523197387564924792,4401789,122.31801182,-18.66329316,0.0328578017652034,0.0305885002017021,55957.1729973,22.118000030517575,0.0591249987483024,21.19569969177246,0.0067659998312592,20.77239990234375,0.0404639989137649,35667969,0,196608,12,5034.14013671875,2209.7099609375,0.1314309984445572,0.1223540008068084,1.3707799911499023,1.3018699884414673,80.1355972290039,0.0806036964058876,0.0,0.998998999595642,0.998998999595642,2.530519962310791,0.330689013004303,0.0233938004821538,0.3023349940776825,1.5646400451660156,0.9607120156288148,5.161649824003689e-06,3.05181998783155e-07,1.2070599950675389e-05,8.166409770637983e-08,0.8952469825744629,2.9999899864196777,1.782489925972186e-05,7.212610171336564e-07,3.911600112915039,688.0,15.719300270080566,-2.8543700736349823e-08,5.748970011154597e-07,25.016199111938477,0.25,16248,2523197415482212216,4401893,122.31804056,-18.6632671,0.0270754005759954,0.0256070997565984,56216.8584343,21.73080062866211,0.0553960017859935,20.77549934387207,0.0061820000410079,20.342100143432617,0.0355410017073154,35667969,0,196608,9,5033.740234375,2210.0400390625,0.1083019971847534,0.1024290025234222,1.1847800016403198,1.1491899490356443,47.42839813232422,0.1774699985980987,0.0,0.998000979423523,0.998000979423523,3.274369955062866,0.2676779925823211,0.0109794000163674,0.2832080125808716,1.407420039176941,0.9816060066223145,7.373560038104188e-06,4.084629949829832e-07,1.7774300431483425e-05,1.098759980777686e-07,0.8891630172729492,2.7499799728393555,2.649380076036323e-05,9.416269790563092e-07,3.518549919128418,560.0,20.631799697875977,-2.100160045870325e-08,7.97887025782984e-07,25.03350067138672,0.2499980032444,16248,2523197445546983288,4402005,122.3180443,-18.6632621,0.1144189983606338,0.1058780029416084,56025.6262093,23.330799102783203,0.2366330027580261,-999.0,0.0320869982242584,-999.0,-999.0,35651585,4,196608,19,5033.68017578125,2210.139892578125,0.4576759934425354,0.4235140085220337,1.151610016822815,1.0835599899291992,-51.512901306152344,0.154449000954628,-999.0,0.9979990124702454,0.9979990124702454,1.4116899967193604,-999.0,-999.0,-999.0,-999.0,-999.0,1.6892199710127898e-06,3.997249962139904e-07,-3.164209942951857e-07,1.0152899854176669e-08,0.8812710046768188,2.75,-999.0,-999.0,-999.0,1080.0,-999.0,-8.977419696520884e-08,8.643700084576267e-07,25.03420066833496,0.25,16248,2523197465948077944,4402081,122.31804454,-18.66326068,1.559010028839111,1.4927200078964231,55873.6526962,25.56559944152832,3.623889923095703,-999.0,0.0115599995478987,-999.0,-999.0,35651585,4,196608,18,5033.68017578125,2210.139892578125,6.236020088195801,5.970849990844727,1.0604699850082395,1.0396300554275513,1.122789978981018,0.3534519970417022,-999.0,0.9980170130729676,0.9980170130729676,1.1488100290298462,-999.0,-999.0,-999.0,-999.0,-999.0,2.1565800523148937e-07,7.815219760232139e-07,-3.354660066179349e-06,3.878090026887549e-08,0.8812710046768188,2.7500100135803223,-999.0,-999.0,-999.0,780.0,-999.0,-9.393460231876817e-08,1.6567299780945175e-06,25.040800094604492,0.2500010132789612,16248,2523197360721379192,4401689,122.31804359,-18.66326294,0.1471019983291626,0.1313679963350296,56004.0137962,22.277599334716797,0.4131180047988891,23.374099731445312,0.0197829995304346,-999.0,-999.0,35651585,4,196608,13,5033.68017578125,2210.139892578125,0.5884090065956116,0.5254719853401184,0.8470749855041504,0.7849100232124329,-21.598800659179688,0.8700590133666992,-999.0,0.9973750114440918,0.9973750114440918,1.2498799562454224,-999.0,-999.0,-999.0,-999.0,-999.0,4.456219812709605e-06,1.8409399444863084e-06,1.6231999779847683e-06,3.2112300374365084e-08,0.8504840135574341,2.0,-999.0,-999.0,-999.0,640.0,-999.0,-2.101860019365631e-08,4.137199994147522e-06,25.074399948120117,0.25,0.0114209020216768,,,,,,,,,,,,,,,,,
PSO J080916.731-184003.720,-999,-999,-999,85591223197179091,974417000049174,453621560950807,0,10820146919277,8559,1,909,32,0.646718030466436,974417,105617,3,436527104,52,122.31971528,-18.6677002,0.0010000000474974,0.0010000000474974,122.31970758,-18.66771161,0.0041700000874698,0.0057000000961124,56195.77376157,1.4763000011444092,-0.5065159151657289,0.8006191138068173,-0.3200791500410652,129.8327345660499,-37.74402875250805,238.5738385450368,7.755847782634038,-999,5,71,12,12,19,16,12,1155609000002895,1,1,16163,2523197387564924707,4401789,122.31971132,-18.66770081,0.0035383100621402,0.0037273899652063,55957.1729973,19.093700408935547,0.0057160002179443,19.0231990814209,0.0024880000855773,18.98240089416504,0.008220000192523,102760453,128,196608,11,5011.259765625,2146.10009765625,0.0141532998532056,0.0149095999076962,1.3702199459075928,1.3026000261306765,79.4635009765625,0.08002869784832,0.3324159979820251,0.9985920190811156,0.9985920190811156,1.9317200183868408,0.2079290002584457,0.0010891200508922,0.2208019942045211,1.57764995098114,0.9068130254745485,8.366440306417644e-05,4.782299924954714e-07,8.927460294216871e-05,2.220899943949917e-07,0.8930360078811646,2.9999899864196777,9.26885986700654e-05,7.618559720867779e-07,3.944119930267334,688.0,0.9692580103874208,-3.195570030811723e-08,5.651519927596382e-07,25.016199111938477,0.25,16163,2523197415482212131,4401893,122.31971138,-18.66769989,0.002590260002762,0.0025930299889296,56216.8584343,18.652599334716797,0.0045639998279511,18.59860038757324,0.0022680000402033,18.36639976501465,0.0082830004394054,102760453,128,196608,12,5011.25,2146.080078125,0.010361099615693,0.0103722000494599,1.1825599670410156,1.146530032157898,46.27119827270508,0.1812140047550201,0.3957160115242004,0.9976480007171632,0.9976480007171632,3.14542007446289,0.1727419942617416,0.003207900095731,0.1724590063095092,2.1021299362182617,0.8674259781837463,0.000125588994706,5.731610031034506e-07,0.0001319919974775,2.9942000878691033e-07,0.8891630172729492,2.7499799728393555,0.0001634660002309,1.3540500276576497e-06,5.255340099334717,560.0,0.8492969870567322,-1.6411700443086374e-08,8.04961018729955e-07,25.03350067138672,0.2499980032444,16163,2523197445546983203,4402005,122.31971528,-18.66770094,0.002077090088278,0.0021075499244034,56025.6262093,18.473800659179688,0.0036609999369829,18.59869956970215,0.0016349999932572,18.689599990844727,0.004929999820888,102760453,128,196608,18,5011.2001953125,2146.090087890625,0.0083083799108862,0.0084301903843879,1.150689959526062,1.0841799974441528,-51.457801818847656,0.1546079963445663,0.0041612298227846,0.9979410171508788,0.9979410171508788,2.053770065307617,0.1666730046272277,-0.0042564598843455,0.1687590032815933,0.7921350002288818,0.8714359998703003,0.0001480759965488,5.420459956440027e-07,0.0001319839939242,2.1573499964233633e-07,0.8917940258979797,2.75,0.0001213810028275,5.984419999549573e-07,1.9803400039672852,1080.0,2.8656699657440186,-8.771539938834395e-08,8.653560144011863e-07,25.03420066833496,0.25,16163,2523197465948077859,4402081,122.31971914,-18.6677002,0.0035939700901508,0.0035027200356125,55873.6526962,18.36359977722168,0.0062620001845061,18.50119972229004,0.0018400000408291,18.620899200439453,0.0096279997378587,102760453,128,196608,16,5011.14990234375,2146.080078125,0.0143758002668619,0.0140108000487089,1.0606499910354614,1.0384299755096436,2.162760019302368,0.3535270094871521,0.5768669843673706,0.9980360269546508,0.9980360269546508,1.415779948234558,0.1527879983186721,-0.000863657973241,0.1489749997854232,0.8066310286521912,0.8344039916992188,0.0001638980029383,1.0263599961035652e-06,0.0001443869987269,2.65626994178092e-07,0.8970549702644348,2.7500100135803223,0.0001293149980483,1.2450000212993473e-06,2.016580104827881,780.0,0.5579670071601868,-9.475780160528303e-08,1.6569199488003503e-06,25.040800094604492,0.2500010132789612,16163,2523197360721379107,4401689,122.31971781,-18.66769761,0.0068836198188364,0.0064062299206852,56004.0137962,18.421199798583984,0.014024999924004,18.442800521850582,0.0020419999491423,18.609800338745117,0.023539999499917,102760453,128,196608,12,5011.16015625,2146.14990234375,0.0275343991816043,0.0256248991936445,0.8467559814453125,0.7841179966926575,-21.41080093383789,0.8680920004844666,0.0303741004317998,0.9964479804039,0.9964479804039,1.226989984512329,0.1142020002007484,-0.0061281500384211,0.106795996427536,0.8123000264167786,0.7474489808082581,0.0001554290065541,2.1799401110911276e-06,0.0001523679966339,3.1112298870539234e-07,0.8554580211639404,2.0,0.0001306390040554,3.075269887631294e-06,2.030750036239624,640.0,2.165179967880249,-3.907859813523373e-09,4.1588400563341565e-06,25.074399948120117,0.25,0.0160431793479438,,,,,,,,,,,,,,,,,
PSO J080918.095-183908.522,-999,-999,-999,85611223253457346,974417000049911,453621560951544,0,10820146925906,8561,1,909,32,0.195601796913521,974417,105617,3,436285440,52,122.3253886,-18.65242747,0.0010000000474974,0.0010000000474974,122.32539725,-18.65236732,0.1230299994349479,0.1230299994349479,56014.31586806,6.923600196838379,-0.5066412354923174,0.8006412177906805,-0.3198254193673073,129.83408167859045,-37.72780005358809,238.56361647449023,7.768572601303444,-999,3,2,0,1,0,1,0,1155609000003074,1,0,15909,2523197387564924453,4401789,122.32536902,-18.65247917,0.4606469869613647,0.4288319945335388,55957.1729973,-999.0,0.8288940191268921,-999.0,0.0181150007992982,-999.0,-999.0,35651585,4,196608,10,4932.9501953125,2364.949951171875,1.8425899744033811,1.7153300046920776,1.371090054512024,1.2950400114059448,82.12750244140625,0.0821831971406936,-999.0,0.9988759756088256,0.9988759756088256,1.5585600137710571,-999.0,-999.0,-999.0,-999.0,-999.0,-3.8009198988220305e-07,3.150560132780811e-07,-1.584430037837592e-06,2.8701599319447272e-08,0.8974570035934448,2.9999899864196777,-999.0,-999.0,-999.0,688.0,-999.0,-1.552339945476433e-08,5.991810212435666e-07,25.016199111938477,0.25,15909,2523197415482211877,4401893,122.3253388,-18.65238747,0.0812921971082687,0.0768835991621017,56216.8584343,23.018199920654297,0.1663219928741455,23.883800506591797,0.0258680004626512,-999.0,-999.0,35651585,0,196608,12,4933.35009765625,2366.239990234375,0.3251709938049316,0.3075360059738159,1.1844899654388428,1.1480300426483154,54.55630111694336,0.1732960045337677,0.9770749807357788,0.9985229969024658,0.9985229969024658,1.625059962272644,0.2611449956893921,-0.0157223995774984,0.030095400288701,-999.0,0.994949996471405,2.2527599412569543e-06,3.74682997517084e-07,1.0150399702979485e-06,2.6257300334009418e-08,0.8865320086479187,2.7499799728393555,-999.0,-999.0,-999.0,560.0,0.0287359002977609,-3.2251300297048147e-08,8.07416995485255e-07,25.03350067138672,0.2499980032444,15909,2523197445546982949,4402005,122.32537203,-18.65246748,0.0669715031981468,0.0619727000594139,56025.6262093,22.802400588989254,0.1385059952735901,-999.0,0.0272739995270967,-999.0,-999.0,35651585,0,196608,23,4932.89990234375,2365.10009765625,0.2678860127925873,0.2478909939527511,1.152109980583191,1.075719952583313,-51.73749923706055,0.1595039963722229,-999.0,0.998134970664978,0.998134970664978,1.4534300565719604,0.0496821999549865,-0.0004281119909137,0.0916972979903221,-999.0,3.1813600063323975,2.748239921857021e-06,3.8064700902396e-07,-4.37938012964878e-07,1.1944400135632804e-08,0.8917940258979797,2.75,-999.0,-999.0,-999.0,1080.0,-999.0,-8.223130265605506e-08,8.64463004290883e-07,25.03420066833496,0.25,15909,2523197465948077605,4402081,122.32540518,-18.65248941,0.0605893991887569,0.0580129995942115,55873.6526962,21.979799270629883,0.1408389955759048,-999.0,0.0248460005968809,-999.0,-999.0,35651585,0,196608,16,4932.4599609375,2364.760009765625,0.24235700070858,0.2320509999990463,1.0627700090408323,1.045830011367798,-1.002869963645935,0.3345650136470794,-999.0,0.9991009831428528,0.9991009831428528,1.2541300058364868,0.1512999981641769,0.0405770987272262,0.047207798808813,-999.0,3.661499977111816,5.862540092493873e-06,8.256749879365088e-07,-7.262349868142337e-07,1.8044000071881783e-08,0.8839020133018494,2.7500100135803223,-999.0,-999.0,-999.0,780.0,-999.0,-8.565090325873825e-08,1.6551599628655822e-06,25.040800094604492,0.2500010132789612,15909,2523197360721378853,4401689,122.32536782,-18.65247895,0.1102569997310638,0.098463699221611,56004.0137962,21.973100662231445,0.3096419870853424,22.822799682617188,0.0153470002114772,-999.0,-999.0,35651585,4,196608,13,4932.9501953125,2364.949951171875,0.4410269856452942,0.3938539922237396,0.8479830026626587,0.7860389947891235,-23.010000228881836,0.8672639727592468,-999.0,0.9979150295257568,0.9979150295257568,1.2895499467849731,-999.0,-999.0,-999.0,-999.0,-999.0,5.898939889448229e-06,1.8265600374434143e-06,2.69711995315447e-06,4.1393800387368174e-08,0.880325973033905,2.0,-999.0,-999.0,-999.0,640.0,-999.0,-2.3385000602615943e-08,4.1719899854797404e-06,25.074399948120117,0.25,0.0132197471353375,,,,,,,,,,,,,,,,,
PSO J080918.856-183909.187,-999,-999,-999,85611223285647274,974417000050295,453621560951928,0,10820146928256,8561,1,909,32,0.245404123557177,974417,105617,3,436527104,52,122.32856945,-18.65255208,0.0010000000474974,0.0010000000474974,122.32856409,-18.65256399,0.004749999847263,0.0085500003769993,56190.16649306,0.9624000191688538,-0.5066849005029594,0.8006122859505661,-0.3198286716154682,129.83780242540513,-37.727182526780055,238.5653949646216,7.771009092990691,-999,5,73,11,12,22,15,13,1155609000003163,1,1,15772,2523197387564924316,4401789,122.32855567,-18.65255328,0.0163032002747058,0.0151771996170282,55957.1729973,21.20949935913086,0.0293359998613595,21.42009925842285,0.0075019998475909,21.4507999420166,0.0462759993970394,35651585,0,196608,10,4889.47021484375,2363.659912109375,0.0652128979563713,0.060708899050951,1.3709800243377686,1.2938899993896484,82.22460174560547,0.0821532979607582,-0.0037987399846315,0.9996579885482788,0.9996579885482788,1.6053500175476074,0.1822479963302612,0.002251090016216,0.1882520020008087,0.902525007724762,0.6760619878768921,1.1917700248886833e-05,3.496209899367386e-07,9.816920282901265e-06,7.364670295828547e-08,0.8886150121688843,2.9999899864196777,9.542700354359113e-06,4.416010028762685e-07,2.256309986114502,688.0,-2.8944098949432373,-1.9184300370511664e-08,5.955009783065179e-07,25.016199111938477,0.25,15772,2523197415482211740,4401893,122.32856616,-18.65255041,0.0058835102245211,0.0055644400417804,56216.8584343,19.94129943847656,0.0120379999279975,20.04490089416504,0.00441600009799,20.164600372314453,0.0172530002892017,35651585,0,196608,11,4889.31982421875,2363.659912109375,0.0235341992229223,0.022257899865508,1.1828700304031372,1.145859956741333,55.58000183105469,0.174916997551918,-0.0033611499238759,0.9990100264549256,0.9990100264549256,1.5983799695968628,0.1621470004320144,0.0016822200268507,0.1567640006542205,0.815667986869812,0.752659022808075,3.832400034298189e-05,4.61326010281482e-07,3.483660111669451e-05,1.53824004200942e-07,0.8865320086479187,2.7499799728393555,3.1201401725411415e-05,5.383100187827949e-07,2.039170026779175,560.0,-2.932620048522949,-3.2183301357235905e-08,8.039199883569381e-07,25.03350067138672,0.2499980032444,15772,2523197445546982812,4402005,122.32857126,-18.65255208,0.0032371398992836,0.0029955098871141,56025.6262093,19.300800323486328,0.0066949999891221,19.401599884033203,0.0023660000879317,19.48069953918457,0.0095399999991059,35651585,0,196608,22,4889.25,2363.659912109375,0.0129484999924898,0.0119820004329085,1.1518100500106812,1.074079990386963,-51.7755012512207,0.1611510068178177,-0.0369838997721672,0.9988189935684204,0.9988189935684204,1.5330699682235718,0.1530800014734268,-0.0057581299915909,0.1542149931192398,0.7921350002288818,0.763139009475708,6.913329707458615e-05,4.628340093404404e-07,6.300069799181074e-05,1.4904999545706232e-07,0.8865320086479187,2.75,5.857360156369395e-05,5.587839950749185e-07,1.9803400039672852,1080.0,-2.085939884185791,-8.667230133596605e-08,8.560210176256078e-07,25.03420066833496,0.25,15772,2523197465948077468,4402081,122.32857504,-18.6525561,0.004915109835565,0.0047061098739504,55873.6526962,19.044200897216797,0.0114249996840953,19.160400390625,0.0024920001160353,19.230199813842773,0.0166679993271827,35651585,0,196608,14,4889.2001953125,2363.580078125,0.0196604002267122,0.0188244003802537,1.0636800527572632,1.046929955482483,-0.5615079998970032,0.3295890092849731,-0.1897999942302703,0.9985470175743104,0.9985470175743104,1.3450499773025513,0.1554650068283081,0.0039759702049195,0.1373949944972992,0.7869049906730652,0.770421028137207,8.756070019444451e-05,1.000389943328628e-06,7.867279782658443e-05,1.9607399792676008e-07,0.8839020133018494,2.7500100135803223,7.378000009339303e-05,1.2297999774091295e-06,1.9672600030899048,780.0,-1.311169981956482,-9.10669015752319e-08,1.644750000195927e-06,25.040800094604492,0.2500010132789612,15772,2523197360721378716,4401689,122.32856945,-18.65255053,0.0097092296928167,0.0092919301241636,56004.0137962,18.827299118041992,0.0205700006335973,18.788799285888672,0.0023950000759214,18.95840072631836,0.0326570011675357,102760453,128,196608,11,4889.259765625,2363.68994140625,0.0388367995619773,0.0371676981449127,0.8480380177497864,0.7858679890632629,-23.24760055541992,0.8650699853897095,0.226512998342514,0.9979029893875122,0.9979029893875122,1.3455699682235718,0.1067899987101554,-0.0006587840034626,0.1077490001916885,0.8067139983177185,0.7003179788589478,0.0001069240024662,2.199390110035893e-06,0.0001107839998439,2.652919874890358e-07,0.8455110192298889,2.0,9.47618027566932e-05,3.0946100650908193e-06,2.0167899131774902,640.0,1.2093900442123413,-5.6480001120462475e-08,4.13014004152501e-06,25.074399948120117,0.25,0.0161939639339944,,,,,,,,,,,,,,,,,
PSO J080918.585-183911.321,-999,-999,-999,85611223274406568,974417000076984,453621560979382,0,10820146929610,8561,1,909,32,0.0693996633118015,974417,105617,3,1343750144,160,122.32744067,-18.65314495,0.0010000000474974,0.0010000000474974,122.32744067,-18.65314495,0.0010000000474974,0.0010000000474974,56015.46481481,-999.0,-0.5066674682783636,0.8006194802015287,-0.3198382786819418,129.83670378566833,-37.72802835089899,238.5653202428288,7.769798719501449,-999,1,0,0,0,0,0,0,1155609000009354,1,0,15814,2523197387564924358,4401789,122.32744137,-18.65314515,0.5831109881401062,0.5428379774093628,55957.1729973,25.07710075378418,1.0492600202560425,-999.0,0.0230889990925788,-999.0,-999.0,35651585,4,196608,8,4904.72021484375,2355.2099609375,2.3324499130249023,2.1713600158691406,1.3709100484848022,1.294469952583313,82.10590362548828,0.0820937007665634,-999.0,0.9989879727363586,0.9989879727363586,1.5750099420547483,-999.0,-999.0,-999.0,-999.0,-999.0,3.381989870376856e-07,3.548580025380943e-07,-9.752559435582953e-07,2.251799990915515e-08,0.8908259868621826,2.9999899864196777,-999.0,-999.0,-999.0,688.0,-999.0,-1.8514400679237042e-08,5.953990012130816e-07,25.016199111938477,0.25,15814,2523197415482211782,4401893,122.32744067,-18.65314265,0.2646929919719696,0.2503379881381988,56216.8584343,24.31879997253418,0.5415560007095337,-999.0,0.0173840001225471,-999.0,-999.0,35651585,4,196608,12,4904.72021484375,2355.2099609375,1.0587799549102783,1.0013600587844849,1.1831899881362915,1.1464099884033203,54.97380065917969,0.1747719943523407,-999.0,0.9988579750061036,0.9988579750061036,1.5763599872589111,-999.0,-999.0,-999.0,-999.0,-999.0,6.799380116717657e-07,3.682249882785982e-07,-2.080289959849324e-06,3.616380084281445e-08,0.8891630172729492,2.7499799728393555,-999.0,-999.0,-999.0,560.0,-999.0,-3.169819962067777e-08,8.05498018507933e-07,25.03350067138672,0.2499980032444,15814,2523197445546982854,4402005,122.32742284,-18.65316684,0.0801644995808601,0.0741809010505676,56025.6262093,22.986799240112305,0.1657900065183639,-999.0,0.0318350009620189,-999.0,-999.0,35651585,0,196608,22,4904.97021484375,2354.8798828125,0.3206579983234405,0.2967239916324615,1.1517800092697144,1.074869990348816,-51.75090026855469,0.1604370027780532,-0.8086889982223511,0.9985659718513488,0.9985659718513488,1.4494600296020508,0.2334129959344864,-0.0101725999265909,0.0956821963191032,-999.0,0.1981009989976883,2.3188199520518538e-06,3.844369871330855e-07,-3.214530011064199e-07,1.023330042926318e-08,0.8944240212440491,2.75,-999.0,-999.0,-999.0,1080.0,-0.2421180009841919,-8.504149917598626e-08,8.592550102548557e-07,25.03420066833496,0.25,15814,2523197465948077510,4402081,122.3274411,-18.65314268,0.1434780061244964,0.137376993894577,55873.6526962,22.853300094604492,0.3335129916667938,-999.0,0.0110999997705221,-999.0,-999.0,35651585,4,196608,14,4904.72021484375,2355.2099609375,0.5739120244979858,0.5495079755783081,1.0632799863815308,1.0462700128555298,-0.5583379864692688,0.3317170143127441,-999.0,0.9988790154457092,0.9988790154457092,1.318269968032837,-999.0,-999.0,-999.0,-999.0,-999.0,2.622319925649208e-06,8.745789727981901e-07,-3.6384899431141098e-06,4.038820122787001e-08,0.8891630172729492,2.7500100135803223,-999.0,-999.0,-999.0,780.0,-999.0,-8.975919740805693e-08,1.6480900058013503e-06,25.040800094604492,0.2500010132789612,15814,2523197360721378758,4401689,122.32744016,-18.65314495,0.1342280060052871,0.1198709979653358,56004.0137962,22.127500534057617,0.3769620060920715,-999.0,0.0136160003021359,-999.0,-999.0,35651585,4,196608,12,4904.72021484375,2355.2099609375,0.5369110107421875,0.4794830083847046,0.8479650020599365,0.7858210206031799,-23.120899200439453,0.8657370209693909,-999.0,0.9979429841041564,0.9979429841041564,1.3201600313186646,-999.0,-999.0,-999.0,-999.0,-999.0,5.116729880683124e-06,1.928809979290236e-06,-2.857100071196328e-06,3.89029999325885e-08,0.8504840135574341,2.0,-999.0,-999.0,-999.0,640.0,-999.0,-4.312759926961007e-08,4.147029812884284e-06,25.074399948120117,0.25,0.0151114299387097,,,,,,,,,,,,,,,,,
PSO J080918.469-183926.520,-999,-999,-999,85611223269331444,974417000050096,453621560951729,0,10820146938894,8561,1,909,32,0.870698735928814,974417,105617,3,503635968,60,122.32695644,-18.65736671,0.0010000000474974,0.0010000000474974,122.32695152,-18.65737173,0.0020999999251216,0.0026100000832229,56065.42060185,1.4599000215530396,-0.5066480144198817,0.8006038656510146,-0.3199081739953569,129.83757673419746,-37.732224036797206,238.56868423293832,7.7671584943204435,-999,5,76,12,12,22,16,14,1155609000003115,1,1,15840,2523197387564924384,4401789,122.32695509,-18.65736353,0.0005266380030661,0.0005543309962376,55957.1729973,15.894200325012209,0.0008689999813213,15.89780044555664,0.0005900000105611,15.956899642944336,0.0007980000227689,102760517,128,196608,12,4911.66015625,2294.47998046875,0.0021065499167889,0.0022173300385475,1.3702199459075928,1.29584002494812,81.4885025024414,0.0816102027893066,-0.5873299837112427,0.9996489882469176,0.9996489882469176,2.6159400939941406,0.202006995677948,0.0013297999976202,0.2148970067501068,1.180340051651001,0.888867974281311,0.0015934200491756,1.3842800399288535e-06,0.0015881699509918,9.367299753648696e-07,0.884194016456604,2.9999899864196777,0.0015039499849081,1.2002200264760177e-06,2.95083999633789,688.0,-0.54271000623703,-2.220239991856943e-08,5.862489729224762e-07,25.016199111938477,0.25,15840,2523197415482211808,4401893,122.32695861,-18.65736671,0.0004046410031151,0.0004040040075778,56216.8584343,15.479000091552734,0.0007370000239461,15.481399536132812,0.0005399999790824,15.55239963531494,0.0006830000202171,102760517,128,196608,11,4911.60009765625,2294.39990234375,0.0016185699496418,0.0016160300001502,1.1819000244140625,1.1453299522399902,53.15449905395508,0.177289992570877,-0.6956030130386353,0.9995959997177124,0.9995959997177124,2.956739902496338,0.1700779944658279,0.0026952100452035,0.1722510010004043,1.1172699928283691,0.8407009840011597,0.002335499972105,1.7212399825439206e-06,0.0023305099457502,1.2581499504449312e-06,0.8839020133018494,2.7499799728393555,0.0021830000914633,1.4918999795554555e-06,2.7931699752807617,560.0,-0.3912630081176758,-2.82221002123606e-08,8.085299896265496e-07,25.03350067138672,0.2499980032444,15840,2523197445546982880,4402005,122.32695334,-18.65736816,0.0003438820131123,0.0003453780082054,56025.6262093,15.32859992980957,0.0006670000148005,15.314000129699709,0.0003600000054575,15.392200469970703,0.0006159999757073,102760517,128,196608,13,4911.68017578125,2294.39990234375,0.0013755300315096,0.0013815100537613,1.150920033454895,1.0764399766921997,-51.67169952392578,0.159411996603012,-0.8368520140647888,0.9994300007820128,0.9994300007820128,2.8924899101257324,0.1588519960641861,-0.0067083900794386,0.1631959974765777,1.0889300107955933,0.8236380219459534,0.0026825699023902,1.7893199810714575e-06,0.0027190099935978,9.791870070330333e-07,0.8865320086479187,2.75,0.0025299799162894,1.5592599993397016e-06,2.722330093383789,1080.0,-0.2059209942817688,-8.415489816115952e-08,8.617740263616724e-07,25.03420066833496,0.25,15840,2523197465948077536,4402081,122.32695644,-18.6573703,0.0004772290121763,0.0004750289954245,55873.6526962,15.348999977111816,0.0009410000056959,15.293800354003906,0.0004199999966658,15.374300003051758,0.0009459999855607,102760517,128,196608,14,4911.64013671875,2294.35009765625,0.0019089099951088,0.0019001100445166,1.0626800060272217,1.0442399978637695,0.4196270108222961,0.3349219858646393,0.4158439934253692,0.999230980873108,0.999230980873108,3.485879898071289,0.1581330001354217,8.500729745719582e-05,0.1579850018024444,1.1195800304412842,0.8294090032577515,0.0026327199302613,2.477099997122423e-06,0.0027700699865818,1.1634599559329215e-06,0.8839020133018494,2.7500100135803223,0.0025719699915498,2.432449946354609e-06,2.798949956893921,780.0,0.8136529922485352,-9.29410006733633e-08,1.6470800119350315e-06,25.040800094604492,0.2500010132789612,15840,2523197360721378784,4401689,122.32695721,-18.65736505,0.0007927499827928,0.0007497650221921,56004.0137962,15.34119987487793,0.0017600000137463,15.267399787902832,0.0004729999927803,15.37600040435791,0.0021069999784231,102760517,128,196608,11,4911.6201171875,2294.4599609375,0.0031709999311715,0.0029990600887686,0.8475990295410156,0.7851240038871765,-22.793100357055664,0.8653209805488586,0.0377171002328395,0.998960018157959,0.998960018157959,2.103440046310425,0.1116660013794899,-0.0036466401070356,0.1083770021796226,1.1096199750900269,0.7785829901695251,0.0026515698991715,4.666840140998829e-06,0.0028381599113345,1.3427800240606302e-06,0.8405370116233826,2.0,0.002568129915744,5.4116198953124695e-06,2.774049997329712,640.0,2.0779199600219727,-2.614789984534127e-08,4.1676198634377215e-06,25.074399948120117,0.25,0.0150870474856738,,,,,,,,,,,,,,,,,
PSO J080918.628-183932.375,-999,-999,-999,85601223276239548,974417000076985,453621560979383,0,10820146939772,8560,1,909,32,0.775821182668043,974417,105617,3,404226048,48,122.32761782,-18.65899328,0.0010000000474974,0.0010000000474974,122.32761782,-18.65899328,0.0010000000474974,0.0010000000474974,56015.46481481,-999.0,-0.5066524828766247,0.8005903228646034,-0.3199349879749034,129.83889698912037,-37.733616044855616,238.57040901774388,7.766830786662319,-999,1,0,0,0,0,0,0,1155609000009355,1,0,20572,2523197387564929116,4401789,122.32761811,-18.65899427,0.7655630111694336,0.7126889824867249,55957.1729973,25.565900802612305,1.3775700330734253,-999.0,0.0141690000891685,-999.0,-999.0,35651585,4,196608,12,4902.72998046875,2270.949951171875,3.0622599124908447,2.850759983062744,1.3698699474334717,1.2960100173950195,81.27649688720703,0.0814353004097938,-999.0,0.99897301197052,0.99897301197052,2.8172099590301514,-999.0,-999.0,-999.0,-999.0,-999.0,2.155980070028818e-07,2.970000139157492e-07,-2.5898800686263712e-06,3.6695201544034723e-08,0.8974570035934448,2.9999899864196777,-999.0,-999.0,-999.0,688.0,-999.0,-2.4437399659404946e-08,5.822089974572009e-07,25.016199111938477,0.25,20572,2523197415482216540,4401893,122.32761746,-18.65899174,0.1788759976625442,0.1691749989986419,56216.8584343,23.87929916381836,0.3659760057926178,-999.0,0.0150389997288584,-999.0,-999.0,35651585,4,196608,12,4902.72998046875,2270.949951171875,0.7155069708824158,0.676705002784729,1.180999994277954,1.1443400382995603,52.75130081176758,0.178626000881195,-999.0,0.9983119964599608,0.9983119964599608,3.431920051574707,-999.0,-999.0,-999.0,-999.0,-999.0,1.0192900390393334e-06,3.7303499311747146e-07,-2.7794999368779827e-06,4.180180113166898e-08,0.8891630172729492,2.7499799728393555,-999.0,-999.0,-999.0,560.0,-999.0,-2.7321000573010682e-08,8.083230227384774e-07,25.03350067138672,0.2499980032444,20572,2523197445546987612,4402005,122.32761758,-18.65899328,0.051138199865818,0.0473210997879505,56025.6262093,22.24959945678711,0.1057600006461143,21.493200302124023,0.0061989999376237,-999.0,-999.0,35651585,4,196608,18,4902.72998046875,2270.949951171875,0.2045529931783676,0.1892839968204498,1.1504600048065186,1.076580047607422,-51.64730072021485,0.1594160050153732,-999.0,0.9985209703445436,0.9985209703445436,3.4120500087738037,-999.0,-999.0,-999.0,-999.0,-999.0,4.572400030156132e-06,4.835779918721528e-07,9.177089850709308e-06,5.6886900523522854e-08,0.8891630172729492,2.75,-999.0,-999.0,-999.0,1080.0,-999.0,-8.497760006775935e-08,8.606119763499009e-07,25.03420066833496,0.25,20572,2523197465948082268,4402081,122.32761782,-18.65899184,0.0453127995133399,0.0433860011398792,55873.6526962,21.664899826049805,0.1053289994597435,20.81800079345703,0.0053469999693334,-999.0,-999.0,35651585,4,196608,16,4902.72998046875,2270.949951171875,0.1812510043382644,0.1735440045595169,1.0626599788665771,1.0437099933624268,0.8357570171356201,0.334758996963501,-999.0,0.998429000377655,0.998429000377655,3.2278800010681152,-999.0,-999.0,-999.0,-999.0,-999.0,7.835100404918194e-06,8.252620204984851e-07,1.7092999769374728e-05,9.139380097167304e-08,0.8891630172729492,2.7500100135803223,-999.0,-999.0,-999.0,780.0,-999.0,-9.636060127604652e-08,1.64369998856273e-06,25.040800094604492,0.2500010132789612,20572,2523197360721383516,4401689,122.32762369,-18.65899534,0.0539506003260612,0.0481799989938735,56004.0137962,21.193300247192383,0.1515129953622818,21.693300247192383,0.0091230003163218,-999.0,-999.0,35651585,0,196608,12,4902.64013671875,2270.929931640625,0.2158019989728927,0.1927199959754943,0.8474680185317993,0.7847930192947388,-22.736299514770508,0.8645920157432556,-0.1277039945125579,0.9976620078086852,0.9976620078086852,1.8413200378417969,0.0973965004086494,0.0373845994472503,0.0880735963582992,-999.0,-0.2868649959564209,1.2097299986635336e-05,1.8329000113226357e-06,7.63240041123936e-06,6.963310283936154e-08,0.8455110192298889,2.0,-999.0,-999.0,-999.0,640.0,-1.5232199430465698,-2.959639999744468e-08,4.1647999751148745e-06,25.074399948120117,0.25,0.0161820270278029,,,,,,,,,,,,,,,,,
PSO J080917.797-183945.687,-999,-999,-999,85601223242185209,974417000049766,453621560951399,0,10820146939993,8560,1,909,32,0.194969055424416,974417,105617,3,436527104,52,122.32415256,-18.66268602,0.0010000000474974,0.0010000000474974,122.32415436,-18.66269091,0.0297500006854534,0.0481199994683265,56383.9184838,0.8295999765396118,-0.5065930459156753,0.8006034985660713,-0.3199961310916827,129.83615819398605,-37.73805998432492,238.5718082908919,7.762085503288995,-999,3,19,0,1,11,7,0,1155609000003036,1,1,15963,2523197387564924507,4401789,122.3241514,-18.66268618,0.1776490062475204,0.1653790026903152,55957.1729973,23.87120056152344,0.3196640014648437,-999.0,0.0155990002676844,-999.0,-999.0,35651585,4,196608,10,4950.31005859375,2218.02001953125,0.7105960249900818,0.6615179777145386,1.3697999715805054,1.2986799478530884,80.54940032958984,0.080902099609375,-999.0,0.9986079931259156,0.9986079931259156,1.4819899797439575,-999.0,-999.0,-999.0,-999.0,-999.0,1.0269000085827429e-06,3.282609952748317e-07,-2.1367400222516153e-06,3.3330799453779036e-08,0.8974570035934448,2.9999899864196777,-999.0,-999.0,-999.0,688.0,-999.0,-2.6381099971217736e-08,5.744649911321176e-07,25.016199111938477,0.25,15963,2523197415482211931,4401893,122.32418062,-18.66270243,0.0565134994685649,0.05344869941473,56216.8584343,22.44409942626953,0.1156250014901161,-999.0,0.0323680005967617,-999.0,-999.0,35651585,0,196608,8,4949.89990234375,2217.75,0.2260549962520599,0.213796004652977,1.1815600395202637,1.1453499794006348,50.01940155029297,0.1796050071716308,-999.0,0.9983019828796388,0.9983019828796388,1.4863799810409546,0.092893399298191,-0.032337799668312,0.1177959963679313,-999.0,2.526750087738037,3.822739927272778e-06,4.420049890541123e-07,-6.000549888085516e-07,1.9422600416874047e-08,0.8891630172729492,2.7499799728393555,-999.0,-999.0,-999.0,560.0,-999.0,-2.196840043211523e-08,8.131610229611397e-07,25.03350067138672,0.2499980032444,15963,2523197445546983003,4402005,122.32415256,-18.66267928,0.0181719008833169,0.0168155003339052,56025.6262093,21.29800033569336,0.0375819988548755,21.569000244140625,0.0064190002158284,21.60689926147461,0.0675270035862922,35651585,0,196608,20,4950.27978515625,2218.10009765625,0.0726876035332679,0.0672620981931686,1.1503700017929075,1.079759955406189,-51.556400299072266,0.1571920067071914,-4.996779898647219e-05,0.9979180097579956,0.9979180097579956,1.2800300121307373,0.1313810050487518,-0.00279810000211,0.1377619951963424,0.7921350002288818,0.5947269797325134,1.0984599612129388e-05,4.1281899143541523e-07,8.558539775549434e-06,5.4936400317728846e-08,0.8891630172729492,2.75,8.264780262834392e-06,5.58091983293707e-07,1.9803400039672852,1080.0,-4.055779933929443,-8.251770111655787e-08,8.673259799252264e-07,25.03420066833496,0.25,15963,2523197465948077659,4402081,122.32416839,-18.6626655,0.0246408991515636,0.0235930997878313,55873.6526962,20.986799240112305,0.057277001440525,21.59029960632324,0.0076310001313686,21.2273006439209,0.0967509970068931,35651585,0,196608,16,4950.06982421875,2218.280029296875,0.0985634997487068,0.0943723022937774,1.061609983444214,1.041260004043579,1.3485900163650513,0.3426879942417145,-0.1100480034947395,0.9977920055389404,0.9977920055389404,1.2331199645996094,0.1209649965167045,0.0067613897845149,0.1401380002498626,0.7786960005760193,0.6029000282287598,1.4631100384576712e-05,8.380350209336029e-07,8.392229574383236e-06,6.403929830867129e-08,0.8891630172729492,2.7500100135803223,1.172379961644765e-05,1.134289959736634e-06,1.9467400312423704,780.0,-1.59798002243042,-9.189879790483246e-08,1.6515399465788505e-06,25.040800094604492,0.2500010132789612,15963,2523197360721378907,4401689,122.32415016,-18.66268602,0.0843418017029762,0.0753204971551895,56004.0137962,21.520299911499023,0.2368630021810531,24.285200119018555,0.0300970003008842,-999.0,-999.0,35651585,4,196608,10,4950.31005859375,2218.02001953125,0.3373660147190094,0.3012810051441192,0.847137987613678,0.7844579815864563,-22.18370056152344,0.8662059903144836,-999.0,0.996554970741272,0.996554970741272,1.2920700311660769,-999.0,-999.0,-999.0,-999.0,-999.0,8.951489689934533e-06,2.1202699826972093e-06,7.013459821791912e-07,2.110819963263566e-08,0.8455110192298889,2.0,-999.0,-999.0,-999.0,640.0,-999.0,7.985690331224761e-09,4.1980802052421495e-06,25.074399948120117,0.25,0.0149930605409515,,,,,,,,,,,,,,,,,
PSO J080917.697-183910.921,-999,-999,-999,85611223237366702,974417000076949,453621560979347,0,10820146942669,8561,1,909,32,0.802907663213934,974417,105617,3,1343750144,160,122.32373766,-18.65303378,0.0010000000474974,0.0010000000474974,122.32373766,-18.65303378,0.0010000000474974,0.0010000000474974,56015.46481481,-999.0,-0.5066160552329233,0.8006527487151637,-0.3198364403176795,129.83239343536928,-37.728864822853474,238.56334221862,7.766886532055664,-999,2,0,0,0,0,0,0,1155609000009323,1,0,15976,2523197387564924520,4401789,122.32373766,-18.65303378,0.3798789978027344,0.3536419868469238,55957.1729973,24.647199630737305,0.683559000492096,-999.0,0.0134530002251267,-999.0,-999.0,35651585,4,196608,9,4955.259765625,2357.080078125,1.5195200443267822,1.4145699739456177,1.3710700273513794,1.2958199977874756,81.99250030517578,0.0821235999464988,-999.0,0.9986029863357544,0.9986029863357544,1.530369997024536,-999.0,-999.0,-999.0,-999.0,-999.0,5.024680262977199e-07,3.434670077240299e-07,-2.872629920602776e-06,3.8646401634423455e-08,0.8930360078811646,2.9999899864196777,-999.0,-999.0,-999.0,688.0,-999.0,-1.6622900389506867e-08,5.975790031698125e-07,25.016199111938477,0.25,15976,2523197415482211944,4401893,122.32375097,-18.65311445,0.1003289967775344,0.094887800514698,56216.8584343,23.238300323486328,0.2052700072526931,-999.0,0.0611400008201599,-999.0,-999.0,35651585,0,196608,11,4955.06982421875,2355.8798828125,0.4013170003890991,0.3795529901981354,1.1850199699401855,1.1488300561904907,53.71900177001953,0.1730339974164962,-999.0,0.9982950091362,0.9982950091362,1.547330021858215,0.1452780067920684,-0.0180251002311706,0.1389670073986053,-999.0,5.165800094604492,1.839360038502491e-06,3.775660104565759e-07,-1.6817999437535036e-07,1.0282500184644052e-08,0.8970549702644348,2.7499799728393555,-999.0,-999.0,-999.0,560.0,-999.0,-3.160990047490486e-08,8.051649729168275e-07,25.03350067138672,0.2499980032444,15976,2523197445546983016,4402005,122.32374235,-18.65304145,0.0557358004152774,0.0515756011009216,56025.6262093,22.56760025024414,0.1152689978480339,24.87829971313477,0.0294659994542598,-999.0,-999.0,35651585,0,196608,21,4955.18994140625,2356.949951171875,0.2229429930448532,0.2063020020723343,1.15215003490448,1.0767699480056765,-51.70830154418945,0.1585630029439926,-6.143090286059305e-05,0.998199999332428,0.998199999332428,1.370020031929016,0.154011994600296,0.0188730005174875,0.1088429987430572,-999.0,-0.8285539746284485,3.4114800655515864e-06,3.932370020720555e-07,4.061490130879975e-07,1.1967499879972364e-08,0.8944240212440491,2.75,-999.0,-999.0,-999.0,1080.0,-4.00724983215332,-8.331939937988865e-08,8.65260972204851e-07,25.03420066833496,0.25,15976,2523197465948077672,4402081,122.3237374,-18.65303128,0.118646003305912,0.1136009991168975,55873.6526962,22.704599380493164,0.2757909893989563,-999.0,0.0650509968400001,-999.0,-999.0,35651585,4,196608,15,4955.259765625,2357.080078125,0.474584013223648,0.4544030129909515,1.062250018119812,1.045009970664978,-1.0612200498580933,0.3375320136547088,-999.0,0.9978110194206238,0.9978110194206238,1.2099000215530396,-999.0,-999.0,-999.0,-999.0,-999.0,3.007100076501956e-06,8.293320092889189e-07,-1.059460004171342e-07,6.891839987588355e-09,0.8891630172729492,2.7500100135803223,-999.0,-999.0,-999.0,780.0,-999.0,-8.66888001382904e-08,1.6548599433008349e-06,25.040800094604492,0.2500010132789612,15976,2523197360721378920,4401689,122.32373645,-18.65303356,0.1250350028276443,0.1116610020399093,56004.0137962,22.140100479125977,0.3511449992656708,-999.0,0.015914000570774,-999.0,-999.0,35651585,4,196608,14,4955.259765625,2357.080078125,0.5001389980316162,0.4466440081596374,0.8479080200195312,0.7860310077667236,-22.845800399780273,0.8682720065116882,-999.0,0.996417999267578,0.996417999267578,1.20933997631073,-999.0,-999.0,-999.0,-999.0,-999.0,5.057559974375181e-06,1.7759299453246058e-06,-2.0915599634463433e-06,3.328549880166065e-08,0.8455110192298889,2.0,-999.0,-999.0,-999.0,640.0,-999.0,-2.2093999518801866e-08,4.169100066064857e-06,25.074399948120117,0.25,0.0116106658019744,,,,,,,,,,,,,,,,,
PSO J080917.963-183917.475,-999,-999,-999,85611223248484569,974417000049850,453621560951483,0,10820146944485,8561,1,909,32,0.613679392834827,974417,105617,3,436527104,52,122.32485172,-18.6548296,0.0010000000474974,0.0010000000474974,122.3248477,-18.65485422,0.0195799991488456,0.0240000002086162,56300.80711806,0.7601000070571899,-0.5066261327663606,0.8006343458116012,-0.3198665438976564,129.83429321017385,-37.73033536242692,238.56546265861667,7.766809181934402,-999,4,25,0,3,13,8,1,1155609000003057,1,1,15932,2523197387564924476,4401789,122.32486234,-18.65482548,2.021939992904663,1.882290005683899,55957.1729973,26.6018009185791,3.638309955596924,-999.0,0.0138320000842213,-999.0,-999.0,35651585,4,196608,12,4940.0400390625,2331.18994140625,8.087770462036133,7.52918004989624,1.37076997756958,1.2959500551223757,81.7759017944336,0.0818973034620285,-999.0,0.998649001121521,0.998649001121521,1.5505599975585938,-999.0,-999.0,-999.0,-999.0,-999.0,8.303489806849029e-08,3.0210600243663066e-07,-2.7173600756214e-06,3.758750111160225e-08,0.8996679782867432,2.9999899864196777,-999.0,-999.0,-999.0,688.0,-999.0,-1.7826099707463072e-08,5.936279876550543e-07,25.016199111938477,0.25,15932,2523197415482211900,4401893,122.32485172,-18.6548296,0.0377514995634555,0.0357041992247104,56216.8584343,22.16790008544922,0.0772389993071556,-999.0,0.0814390033483505,-999.0,-999.0,35651585,0,196608,12,4940.169921875,2331.090087890625,0.1510069966316223,0.1428180038928985,1.183859944343567,1.147570013999939,53.41730117797851,0.1746789962053299,-999.0,0.9978780150413512,0.9978780150413512,1.6434799432754517,0.095882199704647,0.0414513014256954,0.1286550015211105,-999.0,231.98199462890625,4.9300601858703885e-06,3.807909934039344e-07,-9.478819862351885e-08,7.719499706126953e-09,0.8970549702644348,2.7499799728393555,-999.0,-999.0,-999.0,560.0,-999.0,-2.983709990189709e-08,8.090179903774697e-07,25.03350067138672,0.2499980032444,15932,2523197445546982972,4402005,122.32486072,-18.65482928,0.0165752992033958,0.0153379999101161,56025.6262093,21.227500915527344,0.0342799983918666,21.90410041809082,0.0074900002218782,21.68779945373535,0.070871002972126,35651585,0,196608,21,4940.0498046875,2331.1201171875,0.0663010030984878,0.0613522008061409,1.151710033416748,1.0767699480056765,-51.69369888305664,0.1588360071182251,-1.8461799675280853e-14,0.9982190132141112,0.9982190132141112,1.509529948234558,0.1280220001935959,0.0045459200628101,0.1342010051012039,0.7921350002288818,0.6470940113067627,1.172159954876406e-05,4.01812997097295e-07,6.285869858402293e-06,4.708070022729771e-08,0.8970549702644348,2.75,7.671270395803731e-06,5.43670012120856e-07,1.9803400039672852,1080.0,-7.660910129547119,-8.196789735848142e-08,8.658059869048884e-07,25.03420066833496,0.25,15932,2523197465948077628,4402081,122.3248403,-18.65484063,0.0212778002023696,0.0203729998320341,55873.6526962,20.788400650024418,0.0494600012898445,21.729700088500977,0.0081369997933506,-999.0,-999.0,35651585,0,196608,14,4940.33984375,2330.93994140625,0.0851109027862548,0.0814917981624603,1.062399983406067,1.044659972190857,-0.4252409934997558,0.3368639945983886,-1.8050600077146317e-13,0.9982029795646667,0.9982029795646667,1.2676500082015991,0.1144800037145614,-0.0100069995969533,0.1192570030689239,-999.0,0.4772650003433227,1.756429992383346e-05,8.687300123710884e-07,7.380890110653127e-06,6.005679864529156e-08,0.8865320086479187,2.7500100135803223,-999.0,-999.0,-999.0,780.0,-7.362490177154541,-8.679540286493649e-08,1.6548599433008349e-06,25.040800094604492,0.2500010132789612,15932,2523197360721378876,4401689,122.32484516,-18.6548432,0.0354547016322612,0.0316625013947486,56004.0137962,20.729900360107425,0.0995699986815452,20.58930015563965,0.0054870001040399,20.8356990814209,0.1652089953422546,35651585,0,196608,14,4940.259765625,2330.929931640625,0.1418190002441406,0.1266500055789947,0.8477789759635925,0.7856799960136414,-22.801000595092773,0.8671879768371582,0.0342303998768329,0.996550977230072,0.996550977230072,1.241510033607483,0.1395909935235977,-0.0114570995792746,0.1155579984188079,0.787880003452301,0.6078900098800659,1.8536900824983604e-05,1.8457200212651512e-06,2.109970046149101e-05,1.1577699865483737e-07,0.8405370116233826,2.0,1.6815800336189568e-05,2.7781200060417177e-06,1.9696999788284304,640.0,2.1173501014709473,-1.3383900210328648e-08,4.181610165687744e-06,25.074399948120117,0.25,0.0126885333054373,,,,,,,,,,,,,,,,,
PSO J080917.447-183922.426,-999,-999,-999,85611223226962863,974417000049567,453621560951200,0,10820146945086,8561,1,909,32,0.109266081926661,974417,105617,3,436527104,52,122.32269707,-18.65622956,0.0010000000474974,0.0010000000474974,122.32268617,-18.65623827,0.0031099999323487,0.0032800000626593,56137.1640625,1.13100004196167,-0.5065917962713343,0.8006469283840362,-0.3198894309285493,129.83226978767323,-37.732219178873294,238.5655465321901,7.764338791221239,-999,5,72,10,12,20,18,12,1155609000002992,1,1,16022,2523197387564924566,4401789,122.32269576,-18.65622965,0.002294440055266,0.0024412500206381,55957.1729973,18.242799758911133,0.0038350000977516,18.223499298095703,0.0017209999496117,18.29450035095215,0.0040899999439716,102760453,128,196608,8,4969.7099609375,2311.1201171875,0.0091777704656124,0.0097650000825524,1.3707400560379028,1.297260046005249,81.48580169677734,0.0817072018980979,0.9705470204353333,0.9990019798278807,0.9990019798278807,1.4851499795913696,0.2057899981737136,0.0055427299812436,0.2222339957952499,1.0880500078201294,0.8935440182685852,0.000183187003131,7.026030175438791e-07,0.0001864710066001,3.2097599955704936e-07,0.8952469825744629,2.9999899864196777,0.0001746670022839,7.143460152292391e-07,2.72012996673584,688.0,0.0369223989546299,-2.0426499602876905e-08,5.897570076740521e-07,25.016199111938477,0.25,16022,2523197415482211990,4401893,122.32269479,-18.65622956,0.001773800002411,0.0018122299807146,56216.8584343,17.820600509643555,0.003216000040993,17.828100204467773,0.0015910000074654,17.9197998046875,0.0035010001156479,102760453,128,196608,8,4969.7099609375,2311.080078125,0.00709526007995,0.0072489501908421,1.1844700574874878,1.1485199928283691,52.0901985168457,0.1746339946985244,-0.4981209933757782,0.9979820251464844,0.9979820251464844,1.4510899782180786,0.1691540032625198,0.0027112399693578,0.1705929934978485,0.9893890023231506,0.8442739844322205,0.0002702510100789,8.692110213814885e-07,0.0002683979982975,4.269699900305568e-07,0.8891630172729492,2.7499799728393555,0.0002466549922246,8.636069992462581e-07,2.4734699726104736,560.0,-0.6774489879608154,-2.8494799408917973e-08,8.048680228966987e-07,25.03350067138672,0.2499980032444,16022,2523197445546983062,4402005,122.32269726,-18.65622905,0.0012752499897032,0.001308639999479,56025.6262093,17.698699951171875,0.00242600007914,17.686899185180664,0.0010740000288933,17.796499252319336,0.0028309999033808,102760453,128,196608,17,4969.68017578125,2311.110107421875,0.0051010102033615,0.0052345502190291,1.151729941368103,1.0784000158309937,-51.64860153198242,0.1575389951467514,-0.9106640219688416,0.9980069994926452,0.9980069994926452,1.5508400201797483,0.1613959968090057,-0.0062668099999427,0.1614490002393722,0.8870019912719727,0.8257960081100464,0.0003023569879587,7.334609790632385e-07,0.0003056630084756,3.283080047822296e-07,0.8865320086479187,2.75,0.0002763170050457,7.823729788469791e-07,2.2174999713897705,1080.0,-0.1122009977698326,-8.442940213626572e-08,8.656439831611351e-07,25.03420066833496,0.25,16022,2523197465948077718,4402081,122.32269707,-18.65622914,0.0018405800219625,0.0018090299563482,55873.6526962,17.607200622558594,0.0034129999112337,17.62339973449707,0.0012280000373721,17.717199325561523,0.0051429998129606,102760453,128,196608,17,4969.68994140625,2311.090087890625,0.0073623000644147,0.0072361100465059,1.061750054359436,1.0434199571609497,-0.2859709858894348,0.3411630094051361,-0.3486579954624176,0.9980440139770508,0.9980440139770508,1.2532000541687012,0.1474599987268448,0.0001910839928314,0.1449819952249527,1.0329099893569946,0.8050910234451294,0.0003289509913884,1.1226900369365469e-06,0.0003240579972043,3.979409939347534e-07,0.8865320086479187,2.7500100135803223,0.0002972359943669,1.5285800145647954e-06,2.5822598934173584,780.0,-0.9371950030326844,-8.922810224021306e-08,1.6535500435566064e-06,25.040800094604492,0.2500010132789612,16022,2523197360721378966,4401689,122.32269861,-18.65623342,0.0032838399056345,0.0031394099351018,56004.0137962,17.60449981689453,0.0070150000974535,17.593399047851562,0.0013810000382363,17.74690055847168,0.0115729998797178,102760453,128,196608,12,4969.64990234375,2311.06005859375,0.0131353000178933,0.0125575996935367,0.8476359844207764,0.7855889797210693,-22.529199600219727,0.8683729767799377,0.9061970114707948,0.9967849850654602,0.9967849850654602,1.2122199535369873,0.1068029999732971,-0.0041023599915206,0.0996975973248481,0.9259560108184814,0.7436050176620483,0.0003297580115031,2.3130999124987284e-06,0.0003331500047352,4.600499892148946e-07,0.8455110192298889,2.0,0.0002892249904107,3.347159918121178e-06,2.314889907836914,640.0,0.1178369969129562,-1.6314700701514084e-08,4.169509793428006e-06,25.074399948120117,0.25,0.0108934510111534,,,,,,,,,,,,,,,,,
PSO J080916.901-183939.022,-999,-999,-999,85601223204287322,974417000049270,453621560950903,0,10820146947579,8560,1,909,32,0.512830026925383,974417,105617,3,436527104,52,122.32042484,-18.66083972,0.0010000000474974,0.0010000000474974,122.32041311,-18.66084781,0.0028299998957663,0.0046000001020729,56170.47832176,0.8592000007629395,-0.5065462710182518,0.8006452744185553,-0.3199656542017284,129.83121442159273,-37.73723806294754,238.5683306536466,7.760063760783815,-999,5,73,10,10,24,15,14,1155609000002913,1,1,16135,2523197387564924679,4401789,122.32041888,-18.66084125,0.0037116799503564,0.003925799857825,55957.1729973,19.098899841308594,0.0059739998541772,19.05900001525879,0.0025289999321103,19.130800247192383,0.0074609997682273,102760453,128,196608,10,5001.10986328125,2244.860107421875,0.0148467002436518,0.0157031994313001,1.3705500364303589,1.2998299598693848,80.66519927978516,0.0810370966792106,0.572708010673523,0.9990280270576476,0.9990280270576476,1.5872900485992432,0.2065159976482391,0.0023402399383485,0.2322210073471069,1.0895700454711914,0.8692160248756409,8.326450188178569e-05,4.97399980758928e-07,8.637709834147245e-05,2.18457003597905e-07,0.8996679782867432,2.9999899864196777,8.084659930318594e-05,6.031959856045432e-07,2.723910093307495,688.0,0.5640680193901062,-2.573819912754516e-08,5.794170192530146e-07,25.016199111938477,0.25,16135,2523197415482212103,4401893,122.32042484,-18.66083647,0.0033588600344955,0.0033694601152092,56216.8584343,18.673099517822266,0.0059489998966455,18.65690040588379,0.0023300000466406,18.746000289916992,0.0072969999164342,102760453,128,196608,7,5001.02001953125,2244.889892578125,0.0134354997426271,0.0134779000654816,1.184190034866333,1.1484800577163696,49.35480117797851,0.1767719984054565,0.7994199991226196,0.9978309869766236,0.9978309869766236,1.3764599561691284,0.1744569987058639,0.0038924699183553,0.1773689985275268,0.999081015586853,0.8322809934616089,0.0001232369977515,7.331199753934925e-07,0.0001250930072274,2.914910055551445e-07,0.8917940258979797,2.7499799728393555,0.0001152440017904,8.409840006606828e-07,2.4976999759674072,560.0,0.2540979981422424,-2.370989982125593e-08,8.023989721550606e-07,25.03350067138672,0.2499980032444,16135,2523197445546983175,4402005,122.3204245,-18.66083914,0.0022022000048309,0.0022411399986594,56025.6262093,18.510000228881836,0.0039880000986158,18.542999267578125,0.0015930000226944,-999.0,-999.0,102760453,128,196608,20,5001.02978515625,2244.8701171875,0.0088088195770978,0.0089645599946379,1.1514099836349487,1.0812900066375732,-51.56100082397461,0.1558039933443069,0.8344290256500244,0.9978749752044678,0.9978749752044678,1.427970051765442,0.1651750057935714,-0.0071168700233101,0.159520998597145,-999.0,0.8313429951667786,0.0001432220014976,5.71141015370813e-07,0.0001389350072713,2.213430008168871e-07,0.8917940258979797,2.75,-999.0,-999.0,-999.0,1080.0,0.2090249955654144,-8.698390274730627e-08,8.654170073896239e-07,25.03420066833496,0.25,16135,2523197465948077831,4402081,122.32042934,-18.66083972,0.0039423899725079,0.0038723601028323,55873.6526962,18.43079948425293,0.007145999930799,18.46339988708496,0.001808000029996,-999.0,-999.0,102760453,128,196608,14,5000.97021484375,2244.840087890625,0.015769500285387,0.0154894003644585,1.0609899759292605,1.0410399436950684,0.6931790113449097,0.3478389978408813,-0.9531289935112,0.9984300136566162,0.9984300136566162,1.2258299589157104,0.1530240029096603,-0.0014997799880802,0.1471959948539734,-999.0,0.8028320074081421,0.0001540630037197,1.1009300351361162e-06,0.0001495009928476,2.702900019357912e-07,0.8944240212440491,2.7500100135803223,-999.0,-999.0,-999.0,780.0,-0.0587783008813858,-9.24541012636837e-08,1.6540200249437476e-06,25.040800094604492,0.2500010132789612,16135,2523197360721379079,4401689,122.32042974,-18.66083989,0.0068546901457011,0.0064900098368525,56004.0137962,18.449399948120117,0.0145319998264312,18.461200714111328,0.0020590000785887,18.638900756835938,0.0238010007888078,102760453,128,196608,12,5000.9501953125,2244.8701171875,0.0274186991155147,0.025960000231862,0.8472610116004944,0.7850559949874878,-21.995399475097656,0.8689889907836914,-0.9331809878349304,0.9978730082511902,0.9978730082511902,1.260450005531311,0.1059250012040138,-0.0027697400655597,0.0985042974352836,0.8130919933319092,0.6895229816436768,0.0001514430041424,2.2007700408721576e-06,0.0001498079946031,3.084979880441097e-07,0.8604310154914856,2.0,0.000127188002807,3.02715989164426e-06,2.0327301025390625,640.0,-0.0838430970907211,-1.4190000285907445e-08,4.1584198697819375e-06,25.074399948120117,0.25,0.0110753369297742,,,,,,,,,,,,,,,,,
PSO J080917.017-183941.667,-999,-999,-999,85601223209456448,974417000049341,453621560950974,0,10820146948028,8560,1,909,32,0.0833828403459702,974417,105617,3,436285440,52,122.32092596,-18.661568,0.0010000000474974,0.0010000000474974,122.32090453,-18.66157443,0.0708699971437454,0.0708699971437454,56589.62216435,0.6748999953269958,-0.5065509684775054,0.8006375006376082,-0.3199776693884517,129.83202856228968,-37.73781270575552,238.56920157960084,7.760071676974037,-999,3,3,0,0,0,2,1,1155609000002933,1,0,16116,2523197387564924660,4401789,122.32092596,-18.66156828,0.1854739934206009,0.172664001584053,55957.1729973,23.920799255371097,0.3337439894676208,-999.0,0.0292649995535612,-999.0,-999.0,35651585,4,196608,10,4994.240234375,2234.35009765625,0.7418959736824036,0.6906570196151733,1.370419979095459,1.2998499870300293,80.57160186767578,0.0809492021799087,-999.0,0.9996179938316344,0.9996179938316344,1.5807600021362305,-999.0,-999.0,-999.0,-999.0,-999.0,9.81059997684497e-07,3.274230095939856e-07,-6.07069978286745e-07,1.7766000226515644e-08,0.9018779993057252,2.9999899864196777,-999.0,-999.0,-999.0,688.0,-999.0,-2.6232399363834705e-08,5.777629894510028e-07,25.016199111938477,0.25,16116,2523197415482212084,4401893,122.32092535,-18.66156567,0.0758351013064384,0.0717224031686782,56216.8584343,22.7096004486084,0.1551569998264312,23.40559959411621,0.0207550004124641,-999.0,-999.0,35651585,4,196608,8,4994.240234375,2234.35009765625,0.3033420145511627,0.2868919968605041,1.1836899518966677,1.1478999853134155,49.245399475097656,0.1774870008230209,-999.0,0.9985169768333436,0.9985169768333436,1.3663300275802612,-999.0,-999.0,-999.0,-999.0,-999.0,2.993330099343438e-06,4.644350042326551e-07,1.576770046085585e-06,3.2725900211971755e-08,0.8865320086479187,2.7499799728393555,-999.0,-999.0,-999.0,560.0,-999.0,-2.296579992844272e-08,8.041329806474096e-07,25.03350067138672,0.2499980032444,16116,2523197445546983156,4402005,122.32092729,-18.661568,0.0216326992958784,0.0200180001556873,56025.6262093,21.417600631713867,0.0447390004992485,24.086599349975582,0.0204629991203546,-999.0,-999.0,35651585,0,196608,21,4994.22021484375,2234.340087890625,0.0865306034684181,0.0800717994570732,1.1512099504470823,1.0812599658966064,-51.554100036621094,0.1559319943189621,-0.0,0.9987390041351318,0.9987390041351318,1.4819400310516355,0.1016450002789497,-0.0056026899255812,0.1058539971709251,-999.0,-1.0018800497055054,9.839060112426525e-06,4.401900071115961e-07,8.421059760621574e-07,1.7232299143188357e-08,0.8865320086479187,2.75,-999.0,-999.0,-999.0,1080.0,-14.715499877929688,-8.637500314989667e-08,8.65682011408353e-07,25.03420066833496,0.25,16116,2523197465948077812,4402081,122.32092588,-18.6615513,0.0292121991515159,0.0279699992388486,55873.6526962,21.069400787353516,0.067902997136116,22.3710994720459,0.0109329996630549,-999.0,-999.0,35651585,0,196608,14,4994.240234375,2234.56005859375,0.1168479993939399,0.1118799969553947,1.0610599517822266,1.040910005569458,0.8959140181541443,0.347460001707077,-7.893170135800913e-28,0.998769998550415,0.998769998550415,1.23649001121521,0.1213930025696754,0.0007819919846951,0.072096899151802,-999.0,0.565081000328064,1.3558899809140712e-05,9.206920026372244e-07,4.088589776074514e-06,4.46987016289313e-08,0.8812710046768188,2.7500100135803223,-999.0,-999.0,-999.0,780.0,-10.934399604797363,-9.250319976672473e-08,1.6538999716431135e-06,25.040800094604492,0.2500010132789612,16116,2523197360721379060,4401689,122.32094041,-18.66157817,0.0333641991019248,0.0297954995185136,56004.0137962,20.639400482177734,0.093699000775814,20.82939910888672,0.0061289998702704,20.98419952392578,0.1640350073575973,35651585,0,196608,13,4994.02978515625,2234.199951171875,0.1334570050239563,0.1191819980740547,0.8472089767456055,0.7849050164222717,-21.984100341796875,0.8685089945793152,-0.1795459985733032,0.99650901556015,0.99650901556015,1.2610000371932983,0.101012997329235,-0.0099525302648544,0.0879674032330513,0.6665070056915283,0.728708028793335,2.014920028159395e-05,1.8879500203183852e-06,1.691370016487781e-05,1.0365800306999517e-07,0.8504840135574341,2.0,1.4666499737359118e-05,2.405829945928417e-06,1.6662700176239014,640.0,-1.3421499729156494,-1.02428998616233e-08,4.164280198892811e-06,25.074399948120117,0.25,0.0119010664897265,,,,,,,,,,,,,,,,,
PSO J080916.403-183938.106,-999,-999,-999,85601223183477628,974417000049002,453621560950635,0,10820146950090,8560,1,909,32,0.640206490308239,974417,105617,3,436527104,52,122.31834693,-18.66058509,0.0010000000474974,0.0010000000474974,122.31833195,-18.66059326,0.0063200001604855,0.006969999987632,56269.57908565,1.0049999952316284,-0.5065179487437815,0.800664874526304,-0.3199614450213802,129.8287264193098,-37.737523129467526,238.5670549154043,7.758529236604517,-999,5,60,1,12,19,16,12,1155609000002851,1,1,16228,2523197387564924772,4401789,122.31833039,-18.66062185,0.0379868000745773,0.0353632010519504,55957.1729973,22.16990089416504,0.0683540031313896,22.107200622558594,0.0102949999272823,22.15690040588379,0.0907540023326873,35651585,0,196608,10,5029.60009765625,2248.159912109375,0.1519470065832138,0.1414529979228973,1.3708499670028689,1.3007099628448486,80.60040283203125,0.0810151994228363,0.2461500018835067,0.9992870092391968,0.9992870092391968,1.710960030555725,0.2314289957284927,0.0541476011276245,0.2079969942569732,0.916038990020752,0.7864959836006165,4.920670107821934e-06,3.363470000294911e-07,5.21316997037502e-06,5.366819877394847e-08,0.8974570035934448,2.9999899864196777,4.980280209565535e-06,4.519789911228145e-07,2.29010009765625,688.0,1.159749984741211,-2.6270399189343152e-08,5.801350084766455e-07,25.016199111938477,0.25,16228,2523197415482212196,4401893,122.31834132,-18.66058941,0.0119476998224854,0.0112998001277446,56216.8584343,20.814199447631836,0.0244449991732835,20.63319969177246,0.0057890000753104,20.748699188232425,0.034255001693964,35667969,0,196608,11,5029.43994140625,2248.590087890625,0.0477911010384559,0.0451994016766548,1.1854000091552734,1.1499099731445312,48.660701751708984,0.1757249981164932,0.0003623680095188,0.9995920062065125,0.9995920062065125,1.612589955329895,0.1900130063295364,0.0045889401808381,0.1959989964962005,0.9554010033607484,0.8333010077476501,1.7152800865005702e-05,4.192949916159705e-07,2.026450056291651e-05,1.1732100091421672e-07,0.8839020133018494,2.7499799728393555,1.8219299818156287e-05,6.24097026502568e-07,2.388499975204468,560.0,3.566070079803467,-2.3904100032723363e-08,7.970339765961398e-07,25.03350067138672,0.2499980032444,16228,2523197445546983268,4402005,122.31834693,-18.66058218,0.0051138699054718,0.004732159897685,56025.6262093,19.747400283813477,0.0105760004371404,19.804800033569336,0.0028480000328272,19.936899185180664,0.0175390001386404,35651585,0,196608,18,5029.35986328125,2248.719970703125,0.0204555001109838,0.018928600475192,1.151829957962036,1.0823899507522583,-51.54880142211914,0.1548939943313598,-0.0018460600404068,0.9990339875221252,0.9990339875221252,1.383180022239685,0.1544499993324279,-0.0087778000161051,0.163330003619194,0.8797109723091125,0.7548689842224121,4.581949906423688e-05,4.845920216212107e-07,4.346089917817153e-05,1.2379699398934465e-07,0.8865320086479187,2.75,3.847949847113341e-05,6.748829832758929e-07,2.199280023574829,1080.0,-3.1139400005340576,-8.944009977085443e-08,8.645740194879181e-07,25.03420066833496,0.25,16228,2523197465948077924,4402081,122.31834713,-18.66058509,0.0055404198355972,0.0053048301488161,55873.6526962,19.238000869750977,0.0128790000453591,19.337400436401367,0.0027040001004934,19.450599670410156,0.0200389996170997,35651585,0,196608,16,5029.35986328125,2248.659912109375,0.0221615992486476,0.0212193001061677,1.0605700016021729,1.0405900478363037,0.4808250069618225,0.3511439859867096,-0.0336147993803024,0.9992259740829468,0.9992259740829468,1.177690029144287,0.1485300064086914,-0.0015054800314828,0.1454630047082901,0.7933019995689392,0.7279229760169983,7.324630132643506e-05,9.433119885216e-07,6.684300024062395e-05,1.8073200180879215e-07,0.8839020133018494,2.7500100135803223,6.022259913152084e-05,1.20678998882795e-06,1.9832600355148315,780.0,-2.124660015106201,-9.330469907808948e-08,1.6548599433008349e-06,25.040800094604492,0.2500010132789612,16228,2523197360721379172,4401689,122.31835248,-18.6605807,0.0081536602228879,0.0072815301828086,56004.0137962,19.007999420166016,0.0228979997336864,19.13129997253418,0.0028039999306201,19.302900314331055,0.0361460000276565,35651585,0,196608,11,5029.27978515625,2248.75,0.0326145999133586,0.0291261002421379,0.8472669720649719,0.7852569818496704,-21.83650016784668,0.870402991771698,-0.015481499955058,0.9979270100593568,0.9979270100593568,1.2603700160980225,0.1024980023503303,-0.0077426899224519,0.0960988029837608,0.6785399913787842,0.6485329866409302,9.05324995983392e-05,2.07305993171758e-06,8.080960105871782e-05,2.2657700071704315e-07,0.8554580211639404,2.0,6.899880099808797e-05,2.4940300136222504e-06,1.6963499784469604,640.0,-2.420909881591797,-2.3903400148128643e-08,4.138959866395453e-06,25.074399948120117,0.25,0.0094711573649381,,,,,,,,,,,,,,,,,
PSO J080916.824-183930.692,-999,-999,-999,85611223200670095,974417000049230,453621560950863,0,10820146950576,8561,1,909,32,0.528371693127203,974417,105617,3,436363264,52,122.32007878,-18.65848976,0.0010000000474974,0.0010000000474974,122.32010129,-18.65852558,0.3137199878692627,0.1364099979400634,56127.06016204,1.096400022506714,-0.5065488467877395,0.8006589897692981,-0.319927254105708,129.8300649557363,-37.73508082494175,238.56618723106308,7.761048414150906,-999,4,4,0,0,2,2,0,1155609000002906,1,0,16145,2523197387564924689,4401789,122.3200725,-18.65853187,0.1396539956331253,0.1300089955329895,55957.1729973,23.64150047302246,0.2512960135936737,22.98699951171875,0.0154370004311203,-999.0,-999.0,35651585,4,196608,12,5005.669921875,2278.139892578125,0.5586180090904236,0.5200369954109192,1.37076997756958,1.2991700172424316,81.01920318603516,0.0813575983047485,-999.0,0.999296009540558,0.999296009540558,1.541100025177002,-999.0,-999.0,-999.0,-999.0,-999.0,1.2688400374827324e-06,3.188550010690961e-07,2.318500037290505e-06,3.57906984049805e-08,0.8996679782867432,2.9999899864196777,-999.0,-999.0,-999.0,688.0,-999.0,-2.380929942091825e-08,5.843659778292931e-07,25.016199111938477,0.25,16145,2523197415482212113,4401893,122.32003336,-18.65842349,0.1036799997091293,0.0980572029948234,56216.8584343,23.12929916381836,0.21212700009346,-999.0,0.0305870007723569,-999.0,-999.0,35651585,0,196608,8,5006.18994140625,2279.669921875,0.4147219955921173,0.3922309875488281,1.1851500272750854,1.149530053138733,50.2041015625,0.1749520003795623,-999.0,0.998848021030426,0.998848021030426,1.3697999715805054,-0.1160800009965896,0.0220202002674341,0.1500409990549087,-999.0,1.3947399854660034,2.0337199657660676e-06,4.314059935950354e-07,-6.719579914715723e-07,2.0553400759126816e-08,0.8917940258979797,2.7499799728393555,-999.0,-999.0,-999.0,560.0,-999.0,-2.6242300776857522e-08,7.998709747880639e-07,25.03350067138672,0.2499980032444,16145,2523197445546983185,4402005,122.32008065,-18.65852181,0.0315157994627952,0.0291633997112512,56025.6262093,21.944499969482425,0.0651789978146553,-999.0,0.0140209998935461,-999.0,-999.0,35651585,0,196608,22,5005.5498046875,2278.27001953125,0.1260630041360855,0.1166540011763572,1.1517800092697144,1.0806599855422974,-51.590301513671875,0.1559530049562454,-999.0,0.9991840124130248,0.9991840124130248,1.4457800388336182,0.0857122018933296,-0.0339285992085933,0.0371596999466419,-999.0,2.0445001125335693,6.0563597799045965e-06,3.947459958908439e-07,-1.65713004207646e-06,2.3234699497720612e-08,0.8839020133018494,2.75,-999.0,-999.0,-999.0,1080.0,-999.0,-8.742990331711553e-08,8.651620078126143e-07,25.03420066833496,0.25,16145,2523197465948077841,4402081,122.32007878,-18.65848953,0.0363226011395454,0.0347779989242553,55873.6526962,21.412900924682617,0.0844310000538826,22.467500686645508,0.0114289997145533,-999.0,-999.0,35651585,0,196608,16,5005.580078125,2278.719970703125,0.1452900022268295,0.1391119956970214,1.0609999895095823,1.041790008544922,0.0704139024019241,0.3468889892101288,-7.059320341795683e-05,0.9991919994354248,0.9991919994354248,1.2027000188827517,0.1326189935207367,-0.0054057701490819,0.1093600019812583,-999.0,0.0992173999547958,9.881729965854902e-06,8.343270110344747e-07,3.741240107046906e-06,4.2757900331480414e-08,0.8839020133018494,2.7500100135803223,-999.0,-999.0,-999.0,780.0,-3.9742801189422607,-9.186020122342596e-08,1.6534700080228504e-06,25.040800094604492,0.2500010132789612,16145,2523197360721379089,4401689,122.32011067,-18.65848976,0.0521004013717174,0.0465276986360549,56004.0137962,21.078800201416016,0.1463170051574707,21.306800842285156,0.0076359999366104,21.473100662231445,0.2650299966335296,35651585,0,196608,12,5005.1298828125,2278.739990234375,0.2084009945392608,0.1861100047826767,0.8474339842796326,0.7854229807853699,-22.14780044555664,0.8696600198745728,-0.2236679941415786,0.997349977493286,0.997349977493286,1.236050009727478,0.1490229964256286,0.0050639999099075,0.0965145006775856,0.6665070056915283,0.5470089912414551,1.3442700037558096e-05,1.9668900677061174e-06,1.0896200365095863e-05,8.319999977857152e-08,0.8504840135574341,2.0,9.348749699711334e-06,2.4777000362519175e-06,1.6662700176239014,640.0,-1.2168300151824951,-2.0470400485805843e-08,4.1526400309521705e-06,25.074399948120117,0.25,0.0094624617702337,,,,,,,,,,,,,,,,,
PSO J080912.546-183859.573,-999,-999,-999,85621223022850492,974417000046951,453621560948584,0,10820147560805,8562,1,909,32,0.20550343972212,974417,105617,3,436285440,52,122.30224216,-18.64996113,0.0010000000474974,0.0010000000474974,122.30227742,-18.64988145,0.1914499998092651,0.1914499998092651,57008.52502315,-999.0,-0.5063255365258293,0.8008573189583127,-0.3197843112673517,129.80655955840552,-37.731295007160256,238.5497367403917,7.751341742853231,-999,3,1,0,0,1,0,0,1155609000002327,1,0,16960,2523197387564925504,4401789,122.30224278,-18.64994543,0.7969220280647278,0.7418820261955261,55957.1729973,25.34630012512207,1.4339900016784668,-999.0,0.0252429991960525,-999.0,-999.0,35651585,4,196608,8,5248.39013671875,2403.06005859375,3.187690019607544,2.9675300121307373,1.371359944343567,1.301990032196045,81.689697265625,0.0828944966197013,-999.0,0.9989920258522034,0.9989920258522034,1.6207499504089355,-999.0,-999.0,-999.0,-999.0,-999.0,2.639160072703817e-07,3.784550131058495e-07,-8.15932992281887e-07,2.05966994570872e-08,0.9018779993057252,2.9999899864196777,-999.0,-999.0,-999.0,688.0,-999.0,-2.9497400078071223e-08,5.911629727961554e-07,25.016199111938477,0.25,16960,2523197415482212928,4401893,122.30224216,-18.64994272,0.1630910038948059,0.1542470008134842,56216.8584343,23.652700424194336,0.3336809873580932,22.636699676513672,0.0145659996196627,-999.0,-999.0,35651585,4,196608,10,5248.39013671875,2403.06005859375,0.6523690223693848,0.6169909834861755,1.1971499919891355,1.162969946861267,47.214298248291016,0.1604920029640197,-999.0,0.9976000189781188,0.9976000189781188,1.4665299654006958,-999.0,-999.0,-999.0,-999.0,-999.0,1.2558200523926644e-06,4.190430047401606e-07,3.201269919372862e-06,4.6630400873937106e-08,0.8839020133018494,2.7499799728393555,-999.0,-999.0,-999.0,560.0,-999.0,-3.7021898435796174e-08,7.53997028368758e-07,25.03350067138672,0.2499980032444,16960,2523197445546984000,4402005,122.30223815,-18.64996113,0.0496343001723289,0.0459294989705085,56025.6262093,22.150999069213867,0.1026500016450882,21.689599990844727,0.0067859999835491,21.822200775146484,0.1199449971318245,35667969,0,196608,16,5248.4501953125,2402.820068359375,0.1985370069742202,0.1837179958820343,1.1538599729537964,1.0865800380706787,-51.39739990234375,0.1474139988422393,0.0001905509998323,0.9987509846687316,0.9987509846687316,1.2973599433898926,0.2052749991416931,-0.0329016000032424,0.2507529854774475,0.9176809787750244,0.7149580121040344,5.007249910704559e-06,5.139950189914089e-07,7.658590220671613e-06,5.196779895300097e-08,0.8812710046768188,2.75,6.778339866286842e-06,8.13031022062205e-07,2.2941999435424805,1080.0,3.731220006942749,-1.0783399773117709e-07,8.650990253045165e-07,25.03420066833496,0.25,16960,2523197465948078656,4402081,122.30230722,-18.65002193,0.0666854009032249,0.0638497993350029,55873.6526962,21.77300071716309,0.1550090014934539,21.62649917602539,0.0077590001747012,21.639299392700195,0.2069990038871765,35651585,0,196608,11,5247.509765625,2401.919921875,0.266741007566452,0.2553989887237549,1.0557700395584106,1.0377399921417236,-4.860050201416016,0.3689729869365692,0.1384139955043792,0.9986559748649596,0.9986559748649596,1.1412700414657593,0.138724997639656,0.0162022002041339,0.1731069982051849,0.8835009932518005,0.6588550209999084,7.092469786584843e-06,1.0994000376740587e-06,8.117040124488994e-06,6.29805967378161e-08,0.8786410093307495,2.7500100135803223,8.021799658308737e-06,1.6605099517619235e-06,2.208750009536743,780.0,1.481719970703125,-1.0935200123185497e-07,1.627029973860772e-06,25.040800094604492,0.2500010132789612,16960,2523197360721379904,4401689,122.30215855,-18.6500146,0.0476070009171962,0.0425149016082286,56004.0137962,20.827899932861328,0.1336980015039444,20.36440086364746,0.004947000183165,20.748199462890625,0.205143004655838,35667969,0,196608,12,5249.52978515625,2402.070068359375,0.1904280036687851,0.1700589954853058,0.8477129936218262,0.7872639894485474,-21.471599578857425,0.8836989998817444,2.893390046665445e-05,0.9954450130462646,0.9954450130462646,1.193519949913025,0.1460500061511993,0.0157878994941711,0.1538210064172744,0.8842340111732483,0.6907830238342285,1.6937699911068194e-05,2.2645399440079927e-06,2.5957200705306605e-05,1.2841499597016084e-07,0.830590009689331,2.0,1.8227199689135887e-05,3.7391801015473902e-06,2.21058988571167,640.0,4.181700229644775,-7.315839667398906e-08,4.049300059705274e-06,25.074399948120117,0.25,0.0095298318768468,,,,,,,,,,,,,,,,,
PSO J080912.361-183911.956,-999,-999,-999,85611223015056348,974417000046855,453621560948488,0,10820147563436,8561,1,909,32,0.0312199686013348,974417,105617,3,436527104,52,122.30150538,-18.65332125,0.0010000000474974,0.0010000000474974,122.30149927,-18.65333327,0.0182199999690055,0.0220800004899501,56130.11524306,0.826200008392334,-0.5063043638455045,0.8008479097681647,-0.3198413928355124,129.80683469989052,-37.73481797408123,238.55229171794565,7.7488821803042045,-999,5,32,0,3,12,10,7,1155609000002302,1,1,17009,2523197387564925553,4401789,122.30155626,-18.65328918,0.1092799976468086,0.10173299908638,55957.1729973,23.08009910583496,0.1966409981250763,-999.0,0.0216199997812509,-999.0,-999.0,35651585,0,196608,6,5258.0,2354.949951171875,0.4371230006217956,0.4069330096244812,1.3718899488449097,1.3041399717330933,81.0823974609375,0.0821835026144981,-999.0,0.9985889792442322,0.9985889792442322,1.5983799695968628,0.1058629974722862,-0.0383961014449596,0.0609169006347656,-999.0,1.7400699853897097,2.127959987774375e-06,4.184429940323753e-07,-1.1122999694634927e-06,2.4048100399909345e-08,0.8952469825744629,2.9999899864196777,-999.0,-999.0,-999.0,688.0,-999.0,-3.0697698605308694e-08,5.879809918951651e-07,25.016199111938477,0.25,17009,2523197415482212977,4401893,122.30149394,-18.6533343,0.0315907001495361,0.0298775006085634,56216.8584343,21.580799102783203,0.0646340027451515,21.76210021972656,0.0097369998693466,21.824399948120117,0.104822002351284,35651585,0,196608,6,5258.83984375,2354.260009765625,0.12636399269104,0.1195110008120536,1.1967099905014038,1.1624699831008911,45.35089874267578,0.1628179997205734,-0.0787137001752853,0.9982920289039612,0.9982920289039612,1.531149983406067,0.1718160063028335,-0.0066252797842025,0.1248160004615783,0.815667986869812,0.7129610180854797,8.465929568046704e-06,5.471860049510724e-07,7.164119779190514e-06,6.975729860414503e-08,0.8865320086479187,2.7499799728393555,6.764690169802634e-06,7.090919780239346e-07,2.039170026779175,560.0,-1.7582000494003296,-3.2735499644331873e-08,7.53156996324833e-07,25.03350067138672,0.2499980032444,17009,2523197445546984049,4402005,122.30150538,-18.65332125,0.0130791002884507,0.0121029000729322,56025.6262093,20.62310028076172,0.0270489994436502,20.626800537109375,0.0041589997708797,20.709199905395508,0.042977001518011,35651585,0,196608,16,5258.68994140625,2354.469970703125,0.0523165985941886,0.0484116002917289,1.154229998588562,1.0885599851608276,-51.389198303222656,0.1470779925584793,0.8318719863891602,0.9996219873428344,0.9996219873428344,1.3650000095367432,0.1565990000963211,-0.0014882199466228,0.172433003783226,0.8957890272140503,0.7504739761352539,2.045350083790254e-05,5.532519935513847e-07,2.0382900402182713e-05,8.477989865696146e-08,0.8812710046768188,2.75,1.889320083137136e-05,8.119810104290082e-07,2.2394700050354004,1080.0,0.2123010009527206,-1.0886800083653725e-07,8.628480259176285e-07,25.03420066833496,0.25,17009,2523197465948078705,4402081,122.30151767,-18.65331537,0.0133124999701976,0.0127464001998305,55873.6526962,20.057300567626953,0.030944999307394,20.1117000579834,0.0038620000705122,20.208799362182617,0.0479039996862411,35651585,0,196608,14,5258.52001953125,2354.5400390625,0.0532499998807907,0.0509856007993221,1.0559699535369873,1.0370399951934814,-3.4766199588775635,0.3730100095272064,-0.6049500107765198,0.99965900182724,0.99965900182724,1.2505799531936646,0.1503320038318634,0.0029971699696034,0.147829994559288,0.7812460064888,0.7053419947624207,3.444059984758496e-05,1.0657599887053948e-06,3.2758900488261133e-05,1.2652400016577306e-07,0.8733789920806885,2.7500100135803223,2.995700015162583e-05,1.4350499668580596e-06,1.9531099796295168,780.0,-0.5172960162162781,-1.0736999911387103e-07,1.6371400306525177e-06,25.040800094604492,0.2500010132789612,17009,2523197360721379953,4401689,122.30148179,-18.65332659,0.0171888992190361,0.0153502998873591,56004.0137962,19.61079978942871,0.0482730008661747,19.651100158691406,0.0035620001144707,19.832000732421875,0.083465002477169,35651585,0,196608,10,5259.0,2354.409912109375,0.0687554031610488,0.0614013001322746,0.8475369811058044,0.7870460152626038,-21.087499618530273,0.88332599401474,-0.6806529760360718,0.9962949752807616,0.9962949752807616,1.1629899740219116,0.1012540012598037,-0.005467580165714,0.1042499989271164,0.7836080193519592,0.6595249772071838,5.196169877308421e-05,2.508329998818226e-06,5.0067901611328125e-05,1.7834699406193977e-07,0.830590009689331,2.0,4.238379915477708e-05,3.5375499010115163e-06,1.9590200185775757,640.0,-0.4115720093250274,-8.179460309065689e-08,4.026559963676846e-06,25.074399948120117,0.25,0.0094876180443418,,,,,,,,,,,,,,,,,
PSO J080911.161-183856.799,-999,-999,-999,85621222964971441,974417000046164,453621560947797,0,10820147566800,8562,1,909,32,0.117064965066561,974417,105617,3,436527104,52,122.2965058,-18.64911092,0.0010000000474974,0.0010000000474974,122.29648889,-18.64911443,0.0171300005167722,0.0131700001657009,56021.78049769,0.9061999917030334,-0.5062469114762255,0.8009120869876659,-0.3197716271620177,129.79961930181,-37.73203018237198,238.54613853259588,7.747104134117654,-999,5,41,6,8,14,9,4,1155609000002137,1,1,17232,2523197387564925776,4401789,122.29651735,-18.64913048,0.0198641996830701,0.0184923000633716,55957.1729973,21.16830062866211,0.0357440002262592,21.42180061340332,0.0075079998932778,21.389299392700195,0.0547689981758594,35651585,0,196608,6,5326.47021484375,2415.18994140625,0.0794570967555046,0.0739692971110344,1.3711400032043457,1.3033599853515625,81.61309814453125,0.0831902027130127,-0.01829170063138,0.99938702583313,0.99938702583313,1.612630009651184,0.1771139949560165,0.0077372700907289,0.2019869983196258,0.902525007724762,0.6833720207214355,1.2379099644022062e-05,4.424790063239925e-07,9.800969564821573e-06,7.358689657621653e-08,0.8974570035934448,2.9999899864196777,1.0098699931404552e-05,5.530999942493509e-07,2.256309986114502,688.0,-2.3596599102020264,-3.3782001196414064e-08,5.87813985930552e-07,25.016199111938477,0.25,17232,2523197415482213200,4401893,122.29648965,-18.64911092,0.0118819996714591,0.0112375998869538,56216.8584343,20.415300369262695,0.0243100002408027,20.444599151611328,0.0053079999051988,20.557300567626953,0.0350230000913143,35651585,0,196608,6,5326.83984375,2415.43994140625,0.0475283004343509,0.0449507981538772,1.2005000114440918,1.1664700508117676,45.43159866333008,0.1570169925689697,-0.4906109869480133,0.998687982559204,0.998687982559204,1.5310800075531006,0.1635529994964599,0.0108944997191429,0.1614090055227279,0.8619379997253418,0.7210959792137146,2.476759982528165e-05,6.021080025675474e-07,2.410729939583689e-05,1.2796199655440432e-07,0.8812710046768188,2.7499799728393555,2.173149914597161e-05,7.611059800183284e-07,2.1548500061035156,560.0,-0.6893370151519775,-3.874620091437464e-08,7.408169722111779e-07,25.03350067138672,0.2499980032444,17232,2523197445546984272,4402005,122.29650702,-18.64910248,0.0094745196402072,0.008767319843173,56025.6262093,20.269699096679688,0.0195940006524324,20.354400634765625,0.0036689999978989,20.472299575805664,0.0300220008939504,35651585,0,196608,16,5326.60009765625,2415.580078125,0.0378981009125709,0.0350693017244339,1.1540199518203735,1.089020013809204,-51.2781982421875,0.1442539989948272,-0.0129728997126221,0.9996830224990844,0.9996830224990844,1.268679976463318,0.1484410017728805,-0.0111937001347541,0.1638949960470199,0.7921350002288818,0.7043840289115906,2.8321099307504483e-05,5.549370030166756e-07,2.6196199542027895e-05,9.611230211703514e-08,0.8839020133018494,2.75,2.350129943806678e-05,7.055670039335382e-07,1.9803400039672852,1080.0,-2.4845099449157715,-1.1426799773062157e-07,8.659930017529405e-07,25.03420066833496,0.25,17232,2523197465948078928,4402081,122.29650281,-18.64909801,0.016483899205923,0.0157829001545906,55873.6526962,20.248300552368164,0.0383169986307621,20.553600311279297,0.0047340001910924,20.552900314331055,0.0681060031056404,35651585,0,196608,12,5326.669921875,2415.6201171875,0.0659354031085968,0.0631316974759101,1.05377995967865,1.0354599952697754,-5.997079849243164,0.377139002084732,-0.0014139000559225,0.999347984790802,0.999347984790802,1.172919988632202,0.1200359985232353,-0.0042122700251638,0.1473039984703064,0.7786960005760193,0.6782019734382629,2.888510061893612e-05,1.1067800187447574e-06,2.180619958380703e-05,1.0322799681716789e-07,0.8865320086479187,2.7500100135803223,2.181849959015381e-05,1.4859599559713388e-06,1.9467400312423704,780.0,-3.191800117492676,-1.1710199743220073e-07,1.615199948901136e-06,25.040800094604492,0.2500010132789612,17232,2523197360721380176,4401689,122.2965058,-18.64911902,0.022080099210143,0.019718300551176,56004.0137962,19.978200912475582,0.0620089992880821,20.41279983520508,0.0050590001046657,20.637699127197266,0.1417790055274963,35651585,0,196608,11,5326.60986328125,2415.35009765625,0.0883200988173484,0.0788732022047042,0.8476459980010986,0.7874839901924133,-21.14430046081543,0.8878359794616699,-1.7448299749478477e-10,0.9989709854125975,0.9989709854125975,1.2276699542999268,0.0892601981759071,-0.0088040800765156,0.0822826996445655,0.6665070056915283,0.6283289790153503,3.704530172399245e-05,2.297140099472017e-06,2.4824099455145188e-05,1.255800015087516e-07,0.8504840135574341,2.0,2.0180799765512347e-05,2.8612200821953593e-06,1.6662700176239014,640.0,-6.382269859313965,-8.104930060426342e-08,4.027130216854857e-06,25.074399948120117,0.25,0.0149359009102697,,,,,,,,,,,,,,,,,
PSO J080910.717-183928.008,-999,-999,-999,85611222946481001,974417000076660,453621560979058,0,10820147569167,8561,1,909,32,0.728378479116017,974417,105617,3,1343750144,160,122.29465804,-18.65778022,0.0010000000474974,0.0010000000474974,122.29465804,-18.65778022,0.0010000000474974,0.0010000000474974,56030.0377662,-999.0,-0.5061954729958147,0.800887371256603,-0.3199149288173836,129.80045128714124,-37.74084336019136,238.55261533017313,7.74102813361231,-999,1,0,0,0,0,0,0,1155609000009093,1,0,17303,2523197387564925847,4401789,122.29464965,-18.65778469,0.7798619866371155,0.7260010242462158,55957.1729973,-999.0,1.4033000469207764,-999.0,0.0123779997229576,-999.0,-999.0,35651585,4,196608,11,5352.56982421875,2290.669921875,3.119460105895996,2.904010057449341,1.3733199834823608,1.309599995613098,79.89800262451172,0.0811190009117126,-999.0,0.9997000098228456,0.9997000098228456,1.689170002937317,-999.0,-999.0,-999.0,-999.0,-999.0,-2.2294000245892678e-07,3.128510002170515e-07,-3.393600081835757e-06,4.2004899114544976e-08,0.8930360078811646,2.9999899864196777,-999.0,-999.0,-999.0,688.0,-999.0,-3.49084992024018e-08,5.833650220665731e-07,25.016199111938477,0.25,17303,2523197415482213271,4401893,122.29464912,-18.65778186,0.2287880033254623,0.2163809984922409,56216.8584343,24.13640022277832,0.468095988035202,-999.0,0.0224169995635747,-999.0,-999.0,35651585,4,196608,12,5352.56982421875,2290.669921875,0.915158987045288,0.8655290007591248,1.1997699737548828,1.165079951286316,40.63079833984375,0.1633259952068328,-999.0,0.99965101480484,0.99965101480484,1.3745399713516235,-999.0,-999.0,-999.0,-999.0,-999.0,8.04316982794262e-07,3.7649701312147954e-07,-1.2510499800555408e-06,2.8044599531540374e-08,0.8891630172729492,2.7499799728393555,-999.0,-999.0,-999.0,560.0,-999.0,-2.8931900430961832e-08,7.391150234070665e-07,25.03350067138672,0.2499980032444,17303,2523197445546984343,4402005,122.29466667,-18.65777858,0.0851126015186309,0.0787597000598907,56025.6262093,22.772600173950195,0.1760240048170089,-999.0,0.0195749998092651,-999.0,-999.0,35651585,0,196608,17,5352.330078125,2290.739990234375,0.3404510021209717,0.3150390088558197,1.1556899547576904,1.094480037689209,-51.30970001220703,0.143882006406784,-999.0,0.998830020427704,0.998830020427704,1.3488399982452393,0.0835978984832763,0.0427213981747627,0.0663700997829437,-999.0,1.8463599681854248,2.824589955707779e-06,4.971939802089764e-07,-8.502220225636847e-07,1.6642699662838822e-08,0.8865320086479187,2.75,-999.0,-999.0,-999.0,1080.0,-999.0,-1.1705699876074505e-07,8.575739798288851e-07,25.03420066833496,0.25,17303,2523197465948078999,4402081,122.29464941,-18.65778203,0.1295530050992965,0.1240440011024475,55873.6526962,22.653900146484375,0.3011449873447418,-999.0,0.0172169990837574,-999.0,-999.0,35651585,4,196608,14,5352.56982421875,2290.669921875,0.5182120203971863,0.49617600440979,1.0549299716949463,1.0343999862670898,-2.2076799869537354,0.3880659937858581,-999.0,0.9996659755706788,0.9996659755706788,1.2057499885559082,-999.0,-999.0,-999.0,-999.0,-999.0,3.1509400741924765e-06,9.488870205132116e-07,-1.5124500123420148e-06,2.6039600697913556e-08,0.8891630172729492,2.7500100135803223,-999.0,-999.0,-999.0,780.0,-999.0,-1.103899975873901e-07,1.6488900200783974e-06,25.040800094604492,0.2500010132789612,17303,2523197360721380247,4401689,122.29464843,-18.65778432,0.1307770013809204,0.1167889982461929,56004.0137962,21.999900817871097,0.3672699928283691,23.597999572753903,0.0219330005347728,-999.0,-999.0,35651585,4,196608,13,5352.56982421875,2290.669921875,0.5231069922447205,0.4671550095081329,0.8472800254821777,0.78711998462677,-20.055200576782227,0.8867449760437012,-999.0,0.9991620182991028,0.9991620182991028,1.277359962463379,-999.0,-999.0,-999.0,-999.0,-999.0,5.754960056947311e-06,2.113619984811521e-06,1.3206599760451354e-06,2.896540074459608e-08,0.8455110192298889,2.0,-999.0,-999.0,-999.0,640.0,-999.0,-1.1597399662832687e-07,3.948250196117442e-06,25.074399948120117,0.25,0.0164854107094037,,,,,,,,,,,,,,,,,
PSO J080911.758-183925.101,-999,-999,-999,85611222989631993,974417000046503,453621560948136,0,10820147570405,8561,1,909,32,0.799112949333259,974417,105617,3,436363264,52,122.29895411,-18.65697708,0.0010000000474974,0.0010000000474974,122.29899464,-18.6569727,0.0282700005918741,0.0475100018084049,56285.61375,0.4250999987125397,-0.506258498261793,0.800852867181883,-0.3199015755889167,129.80518132992225,-37.738961296440195,238.55412942313663,7.744937440879341,-999,3,4,0,1,3,0,0,1155609000002219,1,0,17121,2523197387564925665,4401789,122.29895533,-18.65697708,0.1959239989519119,0.1823920011520385,55957.1729973,23.866600036621097,0.3525480031967163,-999.0,0.0214430000633001,-999.0,-999.0,35651585,4,196608,8,5293.75,2302.010009765625,0.7836959958076477,0.7295690178871155,1.372730016708374,1.30731999874115,80.28269958496094,0.0813589990139007,-999.0,0.9987990260124208,0.9987990260124208,1.5796799659729004,-999.0,-999.0,-999.0,-999.0,-999.0,1.031209990287607e-06,3.635510097410588e-07,-1.1308100056339754e-06,2.4247299279522853e-08,0.8996679782867432,2.9999899864196777,-999.0,-999.0,-999.0,688.0,-999.0,-3.2725100851394024e-08,5.845749910804443e-07,25.016199111938477,0.25,17121,2523197415482213089,4401893,122.29899606,-18.6569871,0.035452801734209,0.0335301011800766,56216.8584343,21.9783992767334,0.0725359991192817,21.555099487304688,0.0088520003482699,21.705299377441406,0.0864669978618621,35667969,0,196608,10,5293.18994140625,2301.820068359375,0.1418119966983795,0.1341210007667541,1.1973299980163574,1.1628400087356567,42.68989944458008,0.1646019965410232,8.993089828379652e-09,0.9984830021858216,0.9984830021858216,1.3478399515151978,0.2120900005102157,0.0378209985792636,0.2298240065574646,0.9500769972801208,0.9255120158195496,5.870029781362973e-06,4.257859984591051e-07,8.668879672768526e-06,7.673430246768477e-08,0.8917940258979797,2.7499799728393555,7.548980192950694e-06,6.527359914798581e-07,2.375190019607544,560.0,5.748700141906738,-2.8073500857317413e-08,7.480380190827418e-07,25.03350067138672,0.2499980032444,17121,2523197445546984161,4402005,122.29894603,-18.65698044,0.03159099817276,0.0292329993098974,56025.6262093,21.689699172973633,0.0653339996933937,21.71579933166504,0.0068680001422762,21.731199264526367,0.0932039991021156,35651585,0,196608,18,5293.8701171875,2301.93994140625,0.12636399269104,0.1169319972395896,1.1549500226974487,1.0917099714279177,-51.36220169067383,0.145903006196022,0.2995289862155914,0.9987260103225708,0.9987260103225708,1.334130048751831,0.1794890016317367,0.0397156998515129,0.1954070031642913,0.7921350002288818,0.6731600165367126,7.657809874217492e-06,5.003159913030686e-07,7.476020073227119e-06,5.1344599683034176e-08,0.8970549702644348,2.75,7.370830189756816e-06,6.869900062156375e-07,1.9803400039672852,1080.0,1.0374399423599243,-1.1206800110130645e-07,8.597339729021769e-07,25.03420066833496,0.25,17121,2523197465948078817,4402081,122.29892053,-18.65694741,0.0490431003272533,0.0469577014446258,55873.6526962,21.490299224853516,0.1140000000596046,22.02519989013672,0.0093229999765753,21.519899368286133,0.1582449972629547,35651585,0,196608,13,5294.22021484375,2302.39990234375,0.1961719989776611,0.1878300011157989,1.055830001831055,1.0357799530029297,-2.2118899822235107,0.3803400099277496,0.4170199930667877,0.9988380074501038,0.9988380074501038,1.2389299869537354,0.1930769979953766,0.0269086994230747,0.1884440034627914,0.7786960005760193,0.3384760022163391,9.201679858961144e-06,1.0489900432730792e-06,5.622329808829818e-06,5.24163006332401e-08,0.8891630172729492,2.7500100135803223,8.9541399574955e-06,1.4169499991112389e-06,1.9467400312423704,780.0,0.811601996421814,-1.0598999722333249e-07,1.648960051170434e-06,25.040800094604492,0.2500010132789612,17121,2523197360721380065,4401689,122.29895411,-18.65697674,0.0948614999651908,0.0847150012850761,56004.0137962,21.6427001953125,0.2664059996604919,21.167699813842773,0.0071620000526309,-999.0,-999.0,35651585,4,196608,13,5293.75,2302.010009765625,0.3794449865818023,0.3388589918613434,0.8473420143127441,0.7869219779968262,-20.50779914855957,0.8840889930725098,-999.0,0.996317982673645,0.996317982673645,1.278689980506897,-999.0,-999.0,-999.0,-999.0,-999.0,7.99669032858219e-06,2.1303699213603977e-06,1.238549975823844e-05,8.870389933690603e-08,0.8504840135574341,2.0,-999.0,-999.0,-999.0,640.0,-999.0,-9.883760299089773e-08,3.985639978054678e-06,25.074399948120117,0.25,0.0123084213242074,,,,,,,,,,,,,,,,,
PSO J080911.707-183918.892,-999,-999,-999,85611222987604042,974417000046484,453621560948117,0,10820147570618,8561,1,909,32,0.933345599969239,974417,105617,3,436527104,52,122.29877951,-18.65523952,0.0010000000474974,0.0010000000474974,122.29877933,-18.65524783,0.0368699990212917,0.0293199997395277,56312.17559028,0.8454999923706055,-0.5062606344511557,0.8008629096938507,-0.3198730527597043,129.80434664577825,-37.7373547213972,238.55254559303052,7.745681642005069,-999,4,15,0,2,7,6,0,1155609000002215,1,1,17134,2523197387564925678,4401789,122.29878206,-18.65523952,0.2106360048055648,0.1960880011320114,55957.1729973,23.947599411010746,0.3790209889411926,-999.0,0.0248579997569322,-999.0,-999.0,35651585,4,196608,8,5295.990234375,2327.050048828125,0.8425440192222595,0.7843530178070068,1.3723900318145752,1.3063499927520752,80.60099792480469,0.0817527025938034,-999.0,0.9984310269355774,0.9984310269355774,1.6377999782562256,-999.0,-999.0,-999.0,-999.0,-999.0,9.570869679009777e-07,3.6275599768487155e-07,-8.413799719164672e-07,2.0915399190357675e-08,0.8952469825744629,2.9999899864196777,-999.0,-999.0,-999.0,688.0,-999.0,-3.2635398383717984e-08,5.856239795321017e-07,25.016199111938477,0.25,17134,2523197415482213102,4401893,122.29878401,-18.65526025,0.0385687984526157,0.0364771001040935,56216.8584343,22.061599731445312,0.0789109990000724,22.083799362182617,0.0112920003011822,22.18720054626465,0.1154820024967193,35651585,0,196608,10,5295.9599609375,2326.7099609375,0.1542759984731674,0.1459089964628219,1.1978199481964111,1.1634800434112549,43.40650177001953,0.163111999630928,-0.9152119755744934,0.9982950091362,0.9982950091362,1.4341100454330444,0.1483040004968643,-0.0046263299882411,0.1773229986429214,0.815667986869812,0.7464600205421448,5.436790161184035e-06,4.290209858481831e-07,5.327130111254519e-06,6.01526011223541e-08,0.8891630172729492,2.7499799728393555,4.843249826080864e-06,5.593079777099774e-07,2.039170026779175,560.0,-0.1064660027623176,-3.0358901170757235e-08,7.471890057786368e-07,25.03350067138672,0.2499980032444,17134,2523197445546984174,4402005,122.29877951,-18.65523654,0.0190929006785154,0.0176678001880645,56025.6262093,21.08300018310547,0.0394870005548,21.338699340820312,0.0057729999534785,21.4862003326416,0.0770170018076896,35651585,0,196608,16,5296.02001953125,2327.070068359375,0.0763716027140617,0.0706710964441299,1.1547399759292605,1.090939998626709,-51.35219955444336,0.1457509994506836,-4.230019889917003e-09,0.9977819919586182,0.9977819919586182,1.3263700008392334,0.1333830058574676,-0.0065166498534381,0.1312830001115799,0.7921350002288818,0.6195459961891174,1.339069967798423e-05,5.28751002093486e-07,1.0580400157778058e-05,6.108169969820666e-08,0.8917940258979797,2.75,9.23666993912775e-06,7.113819719961612e-07,1.9803400039672852,1080.0,-5.874939918518066,-1.1213600004111869e-07,8.610589929958223e-07,25.03420066833496,0.25,17134,2523197465948078830,4402081,122.29876475,-18.65523655,0.0239911004900932,0.022970899939537,55873.6526962,20.68869972229004,0.0557669997215271,21.025400161743164,0.0058829998597502,21.015600204467773,0.1010140031576156,35651585,0,196608,13,5296.22998046875,2327.050048828125,0.0959639996290206,0.091883398592472,1.055500030517578,1.035889983177185,-2.926259994506836,0.3790799975395202,-0.0036812999751418,0.9978029727935792,0.9978029727935792,1.2087700366973877,0.1685460060834884,-0.000784866977483,0.128270998597145,0.7786960005760193,0.6109610199928284,1.9253400751040317e-05,1.0736999911387102e-06,1.412029996572528e-05,8.306729881724095e-08,0.8891630172729492,2.7500100135803223,1.4248399565985892e-05,1.4392800267160055e-06,1.9467400312423704,780.0,-2.904249906539917,-1.0790699889184908e-07,1.6423199440396274e-06,25.040800094604492,0.2500010132789612,17134,2523197360721380078,4401689,122.29875169,-18.6552546,0.0285218991339206,0.0254711993038654,56004.0137962,20.323999404907227,0.0800999999046325,20.29669952392578,0.0047949999570846,20.564599990844727,0.1347910016775131,35651585,0,196608,13,5296.39013671875,2326.830078125,0.1140879988670349,0.1018849983811378,0.8474149703979492,0.7870429754257202,-20.67020034790039,0.8846750259399414,-0.478630006313324,0.9978950023651124,0.9978950023651124,1.243149995803833,0.093603603541851,0.005665480159223,0.1062899976968765,0.7229639887809753,0.633538007736206,2.6941199394059367e-05,2.1579999156529084e-06,2.7625999791780487e-05,1.324779930200748e-07,0.8455110192298889,2.0,2.15855998249026e-05,2.909559952968266e-06,1.8074100017547607,640.0,-0.7085080146789551,-9.463960282118933e-08,3.995889983343659e-06,25.074399948120117,0.25,0.0121644613280807,,,,,,,,,,,,,,,,,
PSO J080910.915-183913.528,-999,-999,-999,85611222952836050,974417000045998,453621560947631,0,10820147573193,8561,1,909,32,0.0426568407962628,974417,105617,3,436527104,52,122.29548236,-18.65365221,0.0010000000474974,0.0010000000474974,122.29547968,-18.65375782,0.1148099973797798,0.1324499994516372,56245.29184028,2.9402999877929688,-0.5062189563873211,0.8008990951697266,-0.3198484133936653,129.80003252614367,-37.7367597283848,238.5495946772928,7.743825806552394,-999,3,12,0,3,7,2,0,1155609000002105,1,1,-999,-999,-999,-999.0,-999.0,-999.0,-999.0,-999.0,-999.0,-999.0,-999.0,-999.0,-999.0,-999.0,-999,-999,-999,-999,-999.0,-999.0,-999.0,-999.0,-999.0,-999.0,-999.0,-999.0,-999.0,-999.0,-999.0,-999.0,-999.0,-999.0,-999.0,-999.0,-999.0,-999.0,-999.0,-999.0,-999.0,-999.0,-999.0,-999.0,-999.0,-999.0,-999.0,-999.0,-999.0,-999.0,-999.0,-999.0,17269,2523197415482213237,4401893,122.29545869,-18.6536199,0.0386415012180805,0.0365458987653255,56216.8584343,22.152599334716797,0.0790600031614303,21.72369956970215,0.0095659997314214,21.871599197387695,0.0930370017886161,35667969,0,196608,11,5341.22998046875,2350.56005859375,0.154567003250122,0.1461849957704544,1.2000999450683594,1.1658300161361694,42.88990020751953,0.1602399945259094,2.6768799216370095e-05,0.998462975025177,0.998462975025177,1.4875400066375732,0.2577559947967529,0.0480924993753433,0.2637189924716949,0.916549026966095,0.7983440160751343,4.999760221835459e-06,3.952789882077923e-07,7.422169801429845e-06,7.100239685087217e-08,0.8786410093307495,2.7499799728393555,6.4767300500534475e-06,6.025750280969078e-07,2.291369915008545,560.0,4.199349880218506,-3.3140800326236786e-08,7.394190220111341e-07,25.03350067138672,0.2499980032444,17269,2523197445546984309,4402005,122.29547708,-18.65368452,0.0278903003782033,0.0258085001260042,56025.6262093,21.54360008239746,0.0576810017228126,21.09410095214844,0.0051580001600086,21.188499450683594,0.0705130025744438,35667969,0,196608,18,5340.97998046875,2349.64990234375,0.1115610003471374,0.1032340005040168,1.154860019683838,1.0919100046157837,-51.28929901123047,0.143995001912117,2.269510100683103e-12,0.9985169768333436,0.9985169768333436,1.363010048866272,0.242818996310234,0.0416882000863552,0.2367289960384369,0.9847959876060486,0.819038987159729,8.76141984917922e-06,5.053640279584215e-07,1.3254900295578407e-05,6.836719990133133e-08,0.8917940258979797,2.75,1.215029988088645e-05,8.567619715904584e-07,2.4619901180267334,1080.0,7.016829967498779,-1.15821002566463e-07,8.617129765298159e-07,25.03420066833496,0.25,17269,2523197465948078965,4402081,122.29548765,-18.65369783,0.0405904985964298,0.0388645008206367,55873.6526962,21.3617000579834,0.0943519994616508,20.80660057067871,0.0053190002217888,20.95039939880371,0.116455003619194,35667969,0,196608,15,5340.83984375,2349.43994140625,0.1623619943857193,0.155458003282547,1.054319977760315,1.0348600149154663,-3.9017300605773926,0.3829349875450134,3.4109299829054862e-09,0.9987210035324096,0.9987210035324096,1.2340999841690063,0.237308993935585,0.0437971018254756,0.2508729994297027,1.0340299606323242,0.8087930083274841,1.035920013237046e-05,9.774109912541462e-07,1.7272799595957622e-05,9.187329652604605e-08,0.8812710046768188,2.7500100135803223,1.512990002083825e-05,1.7619499885768164e-06,2.5850799083709717,780.0,5.910490036010742,-1.1291400170421185e-07,1.6334900010406272e-06,25.040800094604492,0.2500010132789612,17269,2523197360721380213,4401689,122.29547617,-18.65368855,0.1019399985671043,0.0910367965698242,56004.0137962,21.69659996032715,0.2862859964370727,21.345199584960938,0.0077720000408589,-999.0,-999.0,35651585,4,196608,13,5340.97998046875,2349.610107421875,0.4077610075473785,0.3641470074653625,0.8474429845809937,0.7872840166091919,-20.57159996032715,0.8873069882392883,-999.0,0.9964630007743835,0.9964630007743835,1.3554999828338623,-999.0,-999.0,-999.0,-999.0,-999.0,7.609519798279507e-06,2.17849992623087e-06,1.0518099770706613e-05,8.174360033308403e-08,0.830590009689331,2.0,-999.0,-999.0,-999.0,640.0,-999.0,-9.910060327911197e-08,3.985319835919654e-06,25.074399948120117,0.25,0.0151786752908777,,,,,,,,,,,,,,,,,
PSO J080910.945-183914.269,-999,-999,-999,85611222958435421,974417000046091,453621560947724,0,10820147573235,8561,1,909,32,0.543355593963857,974417,105617,3,1375809536,164,122.29560584,-18.65396378,0.0010000000474974,0.0010000000474974,122.29582986,-18.65410729,0.16457000374794,0.16457000374794,56781.24996528,-999.0,-0.5062228089592357,0.8008943521501668,-0.319854192380506,129.8005553889306,-37.737007178599875,238.55007140110433,7.74392104710996,-999,1,1,0,0,0,1,0,1155609000002126,1,0,17269,2523197387564925813,4401789,122.29560584,-18.65396378,0.092975802719593,0.0865544006228447,55957.1729973,23.16419982910156,0.1673019975423813,22.679500579833984,0.0133990002796053,22.907499313354492,0.1895740032196045,35651585,0,196608,10,5339.25,2345.639892578125,0.3719039857387543,0.3462179899215698,1.3722800016403198,1.3067699670791626,80.68930053710938,0.0820494964718818,0.0117058996111154,0.9996650218963624,0.9996650218963624,1.6509699821472168,0.3848870098590851,0.0198114998638629,0.2355580031871795,0.9234409928321838,0.6810290217399597,1.9693700323841767e-06,3.294800023923017e-07,3.0775800041737966e-06,4.1235399095285175e-08,0.9018779993057252,2.9999899864196777,2.494479986125953e-06,4.728890132810193e-07,2.3085999488830566,688.0,2.5208899974823,-3.4417400485153855e-08,5.852600111211359e-07,25.016199111938477,0.25,-999,-999,-999,-999.0,-999.0,-999.0,-999.0,-999.0,-999.0,-999.0,-999.0,-999.0,-999.0,-999.0,-999,-999,-999,-999,-999.0,-999.0,-999.0,-999.0,-999.0,-999.0,-999.0,-999.0,-999.0,-999.0,-999.0,-999.0,-999.0,-999.0,-999.0,-999.0,-999.0,-999.0,-999.0,-999.0,-999.0,-999.0,-999.0,-999.0,-999.0,-999.0,-999.0,-999.0,-999.0,-999.0,-999.0,-999.0,-999,-999,-999,-999.0,-999.0,-999.0,-999.0,-999.0,-999.0,-999.0,-999.0,-999.0,-999.0,-999.0,-999,-999,-999,-999,-999.0,-999.0,-999.0,-999.0,-999.0,-999.0,-999.0,-999.0,-999.0,-999.0,-999.0,-999.0,-999.0,-999.0,-999.0,-999.0,-999.0,-999.0,-999.0,-999.0,-999.0,-999.0,-999.0,-999.0,-999.0,-999.0,-999.0,-999.0,-999.0,-999.0,-999.0,-999.0,-999,-999,-999,-999.0,-999.0,-999.0,-999.0,-999.0,-999.0,-999.0,-999.0,-999.0,-999.0,-999.0,-999,-999,-999,-999,-999.0,-999.0,-999.0,-999.0,-999.0,-999.0,-999.0,-999.0,-999.0,-999.0,-999.0,-999.0,-999.0,-999.0,-999.0,-999.0,-999.0,-999.0,-999.0,-999.0,-999.0,-999.0,-999.0,-999.0,-999.0,-999.0,-999.0,-999.0,-999.0,-999.0,-999.0,-999.0,-999,-999,-999,-999.0,-999.0,-999.0,-999.0,-999.0,-999.0,-999.0,-999.0,-999.0,-999.0,-999.0,-999,-999,-999,-999,-999.0,-999.0,-999.0,-999.0,-999.0,-999.0,-999.0,-999.0,-999.0,-999.0,-999.0,-999.0,-999.0,-999.0,-999.0,-999.0,-999.0,-999.0,-999.0,-999.0,-999.0,-999.0,-999.0,-999.0,-999.0,-999.0,-999.0,-999.0,-999.0,-999.0,-999.0,-999.0,0.0148604735510819,,,,,,,,,,,,,,,,,
PSO J080912.988-183838.081,-999,-999,-999,85621223041287661,974417000047192,453621560948825,0,10820147645396,8562,1,909,32,0.536326136008209,974417,105617,3,1375809536,164,122.30410106,-18.64392577,0.0010000000474974,0.0010000000474974,122.30411703,-18.64391158,0.1671299934387207,0.1671299934387207,57008.52502315,-999.0,-0.5063690532580362,0.8008692199588867,-0.3196855868271266,129.80665365179158,-37.725076324849944,238.5455689656608,7.755991836922901,-999,1,1,0,0,1,0,0,1155609000002381,1,0,16873,2523197387564925417,4401789,122.30409859,-18.64392845,0.7798290252685547,0.7259699702262878,55957.1729973,-999.0,1.4032399654388428,-999.0,0.0112410001456737,-999.0,-999.0,35651585,4,196608,8,5222.64013671875,2489.60009765625,3.1193199157714844,2.9038798809051514,1.3706300258636477,1.2980400323867798,82.72489929199219,0.0841004997491836,-999.0,0.9997010231018066,0.9997010231018066,1.722239971160889,-999.0,-999.0,-999.0,-999.0,-999.0,-2.5673099912637554e-07,3.6025400618200365e-07,-4.11433984481846e-06,4.625089999876763e-08,0.8864049911499023,2.9999899864196777,-999.0,-999.0,-999.0,688.0,-999.0,-2.6296499200384463e-08,5.983930009278993e-07,25.016199111938477,0.25,16873,2523197415482212841,4401893,122.30409792,-18.64392579,0.1150759980082511,0.1088360026478767,56216.8584343,23.227699279785156,0.2354439944028854,24.68589973449707,0.0374270007014274,-999.0,-999.0,35651585,4,196608,8,5222.64013671875,2489.60009765625,0.4603089988231659,0.4353460073471069,1.197849988937378,1.163450002670288,50.68470001220703,0.156712993979454,-999.0,0.9996529817581176,0.9996529817581176,1.4286600351333618,-999.0,-999.0,-999.0,-999.0,-999.0,1.8574299929241531e-06,4.373210060748534e-07,4.848910180044186e-07,1.8148099911741156e-08,0.8839020133018494,2.7499799728393555,-999.0,-999.0,-999.0,560.0,-999.0,-4.4370899843215745e-08,7.563510280306218e-07,25.03350067138672,0.2499980032444,16873,2523197445546983913,4402005,122.30410374,-18.64393565,0.0435578003525733,0.0403066016733646,56025.6262093,22.05340003967285,0.0900830030441284,21.973400115966797,0.0077329999767243,22.08880043029785,0.1271010041236877,35651585,0,196608,18,5222.56005859375,2489.47998046875,0.1742309927940368,0.1612260043621063,1.153370022773743,1.0828399658203125,-51.43539810180664,0.1484439969062805,0.3950130045413971,0.9996169805526732,0.9996169805526732,1.2785500288009644,0.1676419973373413,-0.0402067005634307,0.1270669996738433,0.7921350002288818,0.6836509704589844,5.4782399274699856e-06,4.934969979331072e-07,5.896969923924189e-06,4.560099853279098e-08,0.8786410093307495,2.75,5.302710178511916e-06,6.7397797920421e-07,1.9803400039672852,1080.0,0.8505610227584839,-1.0542100170596315e-07,8.684970111971779e-07,25.03420066833496,0.25,16873,2523197465948078569,4402081,122.30409838,-18.64392575,0.1043199971318245,0.0998838022351265,55873.6526962,22.18320083618164,0.2424899935722351,23.07010078430176,0.0150840003043413,-999.0,-999.0,35651585,4,196608,11,5222.64013671875,2489.60009765625,0.417277991771698,0.3995339870452881,1.055719971656799,1.039289951324463,-7.683969974517822,0.3611640036106109,-999.0,0.9996700286865234,0.9996700286865234,1.1376800537109375,-999.0,-999.0,-999.0,-999.0,-999.0,4.860779881710187e-06,1.178690013148298e-06,2.147719897038769e-06,3.2396400229117717e-08,0.8839020133018494,2.7500100135803223,-999.0,-999.0,-999.0,780.0,-999.0,-1.116099994646902e-07,1.6114499885588884e-06,25.040800094604492,0.2500010132789612,16873,2523197360721379817,4401689,122.30409742,-18.64392806,0.0862028002738952,0.0769824013113975,56004.0137962,21.384700775146484,0.2420890033245086,21.62299919128418,0.0088330004364252,-999.0,-999.0,35651585,4,196608,11,5222.64013671875,2489.60009765625,0.3448100090026855,0.3079290091991424,0.8480820059776306,0.7876909971237183,-22.209299087524418,0.883857011795044,-999.0,0.9991649985313416,0.9991649985313416,1.261039972305298,-999.0,-999.0,-999.0,-999.0,-999.0,1.0141900020244066e-05,2.4552300601499155e-06,8.142959813994821e-06,7.192439710479448e-08,0.8504840135574341,2.0,-999.0,-999.0,-999.0,640.0,-999.0,-5.967859806332855e-08,4.088540208613267e-06,25.074399948120117,0.25,0.0120083421417791,,,,,,,,,,,,,,,,,
PSO J080915.281-183815.748,-999,-999,-999,85631223137095307,974417000073488,453621560975634,0,10820147646550,8563,1,909,32,0.461230159235401,974417,105617,3,404226048,48,122.31367204,-18.63770787,0.0010000000474974,0.0010000000474974,122.31367204,-18.63770787,0.0010000000474974,0.0010000000474974,56015.46481481,-999.0,-0.5065211043698815,0.8008140122794009,-0.3195829916702129,129.81557041292,-37.71666742924879,238.54512407305907,7.766958255364661,-999,1,0,0,0,0,0,0,1155609000008569,1,0,16442,2523197387564924986,4401789,122.31364935,-18.63769259,0.0714955031871795,0.0665576010942459,55957.1729973,22.790199279785156,0.1286499947309494,23.117599487304688,0.0163940005004405,23.064199447631836,0.2243530005216598,35667969,0,196608,8,5091.83984375,2578.75,0.2859820127487182,0.2662310004234314,1.371500015258789,1.2927199602127075,83.82879638671875,0.0847472995519638,0.0014030799502506,0.9991310238838196,0.9991310238838196,1.6911699771881104,0.3464469909667969,-0.0359737016260623,0.3230099976062774,0.902525007724762,0.5858389735221863,2.7791099910245975e-06,3.5753299698626506e-07,2.055729964922648e-06,3.3701500257166124e-08,0.8952469825744629,2.9999899864196777,2.159400082746288e-06,4.844679892812565e-07,2.256309986114502,688.0,3.1940200328826904,-1.9069000600779873e-08,6.130069891696621e-07,25.016199111938477,0.25,16442,2523197415482212410,4401893,122.31367204,-18.63770787,0.0671875029802322,0.0635437965393066,56216.8584343,22.497699737548828,0.1374640017747879,24.06889915466309,0.0281709991395473,-999.0,-999.0,35651585,4,196608,8,5091.52001953125,2578.489990234375,0.2687509953975677,0.2541770040988922,1.195330023765564,1.1593600511550903,56.64889907836914,0.1571879982948303,-999.0,0.9995830059051514,0.9995830059051514,1.4974100589752195,-999.0,-999.0,-999.0,-999.0,-999.0,3.6386300052981824e-06,5.001800218451535e-07,8.559010211683926e-07,2.4111200147558524e-08,0.8733789920806885,2.7499799728393555,-999.0,-999.0,-999.0,560.0,-999.0,-4.5470098797295584e-08,7.789540177327581e-07,25.03350067138672,0.2499980032444,16442,2523197445546983482,4402005,122.31367224,-18.63770927,0.0861906036734581,0.0797571018338203,56025.6262093,22.245899200439453,0.1782529950141906,-999.0,0.0095009999349713,-999.0,-999.0,35651585,4,196608,9,5091.52001953125,2578.489990234375,0.3447619974613189,0.3190290033817291,1.1539000272750854,1.075899958610535,-51.688499450683594,0.1545999944210052,-999.0,0.9996150135993958,0.9996150135993958,1.4703999757766724,-999.0,-999.0,-999.0,-999.0,-999.0,4.588080173562048e-06,8.178390089597087e-07,-3.608670112953405e-06,3.4287200634253174e-08,0.8733789920806885,2.75,-999.0,-999.0,-999.0,1080.0,-999.0,-9.74917995222313e-08,8.663830044497445e-07,25.03420066833496,0.25,16442,2523197465948078138,4402081,122.31367261,-18.63770773,0.0521541014313697,0.0499363988637924,55873.6526962,21.549800872802734,0.1212309971451759,23.080400466918945,0.0151559999212622,-999.0,-999.0,35651585,4,196608,13,5091.52001953125,2578.489990234375,0.2086160033941269,0.1997449994087219,1.0592800378799438,1.0453799962997437,-9.534159660339355,0.3424690067768097,-999.0,0.9996039867401124,0.9996039867401124,1.2364200353622437,-999.0,-999.0,-999.0,-999.0,-999.0,8.711050213605631e-06,1.0560499958955916e-06,2.127379957528319e-06,3.2242599701248764e-08,0.8733789920806885,2.7500100135803223,-999.0,-999.0,-999.0,780.0,-999.0,-9.451059668208472e-08,1.6384100263167056e-06,25.040800094604492,0.2500010132789612,16442,2523197360721379386,4401689,122.31367165,-18.63771004,0.0666901022195816,0.0595569014549255,56004.0137962,21.077699661254883,0.1872899979352951,20.468799591064453,0.0051910001784563,-999.0,-999.0,35651585,4,196608,8,5091.52001953125,2578.489990234375,0.266759991645813,0.2382269948720932,0.8487889766693115,0.7883089780807495,-23.383899688720703,0.8784279823303223,-999.0,0.9989259839057922,0.9989259839057922,1.375980019569397,-999.0,-999.0,-999.0,-999.0,-999.0,1.3455999578582125e-05,2.5201700282195816e-06,2.3576099920319393e-05,1.2238299973432734e-07,0.8156690001487732,2.0,-999.0,-999.0,-999.0,640.0,-999.0,-5.7990700241816746e-08,4.125869963900186e-06,25.074399948120117,0.25,0.0160645039329862,,,,,,,,,,,,,,,,,
PSO J080915.175-183816.073,-999,-999,-999,85631223132384949,974417000048332,453621560949965,0,10820147647404,8563,1,909,32,0.708861837823747,974417,105617,3,436527104,52,122.31323213,-18.63778952,0.0010000000474974,0.0010000000474974,122.31323193,-18.63779826,0.034290000796318,0.0264899991452693,55918.16277778,1.3906999826431274,-0.5065146835011515,0.8008174769323112,-0.31958448654072,129.81509334148384,-37.7168665898005,238.5449775597489,7.766556994768709,-999,4,22,0,7,6,9,0,1155609000002680,1,1,16457,2523197387564925001,4401789,122.31323213,-18.63778738,0.0982555001974105,0.0914693996310234,55957.1729973,23.13570022583008,0.1768019944429397,23.5137996673584,0.0196749996393919,-999.0,-999.0,35651585,4,196608,8,5097.5400390625,2577.409912109375,0.3930230140686035,0.3658779859542846,1.3714300394058228,1.2928500175476074,83.80899810791016,0.0847589969635009,-999.0,0.99964702129364,0.99964702129364,1.7041300535202026,-999.0,-999.0,-999.0,-999.0,-999.0,2.021670070462278e-06,3.574349989321491e-07,1.4271899999585005e-06,2.8080700431587505e-08,0.8797730207443237,2.9999899864196777,-999.0,-999.0,-999.0,688.0,-999.0,-1.931540083432992e-08,6.125670211076795e-07,25.016199111938477,0.25,16457,2523197415482212425,4401893,122.31322443,-18.63774869,0.0267546009272336,0.0253036990761756,56216.8584343,21.47610092163086,0.0547389984130859,21.8882999420166,0.0103200003504753,21.934799194335938,0.1133000031113624,35651585,0,196608,8,5097.64013671875,2577.93994140625,0.1070189997553825,0.1012149974703788,1.195520043373108,1.1596100330352783,56.48929977416992,0.1569689959287643,0.5304329991340637,0.9982820153236388,0.9982820153236388,1.5450899600982666,0.207505002617836,-0.0229612998664379,0.1256420016288757,0.815667986869812,0.6005629897117615,9.323090125690214e-06,5.103399871586589e-07,6.378099897119682e-06,6.581930023230599e-08,0.8865320086479187,2.7499799728393555,6.1107598412490916e-06,6.923510227352381e-07,2.039170026779175,560.0,0.6273450255393982,-4.555739963052474e-08,7.779560178278189e-07,25.03350067138672,0.2499980032444,16457,2523197445546983497,4402005,122.31323599,-18.63778952,0.0242429003119468,0.0224332995712757,56025.6262093,20.848800659179688,0.050136998295784,21.320199966430664,0.005723999813199,21.297300338745117,0.1008649989962577,35651585,0,196608,9,5097.47998046875,2577.3701171875,0.0969714969396591,0.0897333994507789,1.1538599729537964,1.0761200189590454,-51.677398681640625,0.1543139964342117,-0.2811940014362335,0.999563992023468,0.999563992023468,1.4570000171661377,0.1827590018510818,-0.0407246015965938,0.1009889990091323,0.7921350002288818,0.6603969931602478,1.6613799743936397e-05,8.329719776156708e-07,1.076219996321015e-05,6.160419729894785e-08,0.8786410093307495,2.75,1.0991900126100518e-05,1.1086999620602e-06,1.9803400039672852,1080.0,-1.0776400566101074,-9.783310161992632e-08,8.664990218676394e-07,25.03420066833496,0.25,16457,2523197465948078153,4402081,122.31324431,-18.63779734,0.021807599812746,0.0208803005516529,55873.6526962,20.453100204467773,0.0506910011172294,20.58839988708496,0.0048110000789165,20.69510078430176,0.0831300020217895,35651585,0,196608,10,5097.3798828125,2577.22998046875,0.087230198085308,0.0835210010409355,1.0591000318527222,1.0451200008392334,-9.568610191345217,0.3431409895420074,0.0072239199653267,0.9988669753074646,0.9988669753074646,1.287500023841858,0.1689310073852539,-0.0267184991389513,0.1567669957876205,0.7786960005760193,0.6930959820747375,2.3920199964777566e-05,1.2125500461479533e-06,2.1117000869708136e-05,1.0158399987858503e-07,0.8891630172729492,2.7500100135803223,1.9140199583489448e-05,1.5911200534901582e-06,1.9467400312423704,780.0,2.686340093612671,-9.519990129547297e-08,1.637150035094237e-06,25.040800094604492,0.2500010132789612,16457,2523197360721379401,4401689,122.31322335,-18.63779775,0.0364953987300396,0.0325918011367321,56004.0137962,20.45840072631836,0.1024930030107498,20.25379943847656,0.0047019999474287,20.441999435424805,0.1462710052728653,35667969,0,196608,9,5097.64990234375,2577.260009765625,0.1459809988737106,0.1303669959306717,0.848766028881073,0.7882940173149109,-23.349700927734375,0.8787339925765991,0.001950760022737,0.9978700280189514,0.9978700280189514,1.4192500114440918,0.1045159995555877,0.0120339998975396,0.1316960006952285,0.7553840279579163,0.605705976486206,2.380419937253464e-05,2.439760010020109e-06,2.8739699700963683e-05,1.351219935941117e-07,0.8455110192298889,2.0,2.416680035821628e-05,3.534900088197901e-06,1.8884600400924685,640.0,3.097630023956299,-5.7696798450024296e-08,4.125130089960294e-06,25.074399948120117,0.25,0.015952900666336,,,,,,,,,,,,,,,,,
PSO J080913.949-183816.154,-999,-999,-999,85631223081254952,974417000047695,453621560949328,0,10820147648428,8563,1,909,32,0.61277072747496,974417,105617,3,436527104,52,122.30812414,-18.63782076,0.0010000000474974,0.0010000000474974,122.30811106,-18.63783272,0.0031300000846385,0.0050200000405311,56104.88309028,1.2132999897003174,-0.5064430048501902,0.800862581557155,-0.3195850564402525,129.80919664885712,-37.71820399453255,238.5424033583949,7.762428964761111,-999,5,52,7,10,15,11,9,1155609000002507,1,1,16692,2523197387564925236,4401789,122.30812011,-18.63783097,0.0053706499747931,0.0056764599867165,55957.1729973,19.274200439453125,0.008466999977827,19.283199310302734,0.0028039999306201,19.35379981994629,0.0113289998844265,102760453,128,196608,6,5167.31982421875,2577.139892578125,0.0214825998991727,0.0227058995515108,1.3705899715423584,1.2938499450683594,83.71070098876953,0.085088200867176,-0.464708000421524,0.9989740252494812,0.9989740252494812,1.9222099781036377,0.1953189969062805,0.0086854202672839,0.2219419926404953,1.0814900398254397,0.8279299736022949,7.08446023054421e-05,5.998570031806594e-07,7.026050298009068e-05,1.970250025351561e-07,0.8974570035934448,2.9999899864196777,6.584059883607551e-05,7.459390189978876e-07,2.7037200927734375,688.0,-0.7311170101165771,-2.3593399234300705e-08,6.070749805076048e-07,25.016199111938477,0.25,16692,2523197415482212660,4401893,122.30812414,-18.63782336,0.0025456498842686,0.0025630400050431,56216.8584343,18.41900062561035,0.0044040000066161,18.42060089111328,0.0020900000818073,18.551300048828125,0.0050909998826682,102760453,128,196608,10,5167.25,2577.2099609375,0.0101827001199126,0.0102522000670433,1.1978399753570557,1.162559986114502,54.799198150634766,0.1542029976844787,-0.7423290014266968,0.9980109930038452,0.9980109930038452,1.550279974937439,0.1735969930887222,0.0037036500871181,0.1724040061235427,0.815667986869812,0.8395410180091858,0.0001557439973112,6.858280130472849e-07,0.0001555149938212,3.2500798852197477e-07,0.8865320086479187,2.7499799728393555,0.0001378760061925,7.019689860499057e-07,2.039170026779175,560.0,-0.3287709951400757,-4.6515598484120346e-08,7.669880233152071e-07,25.03350067138672,0.2499980032444,16692,2523197445546983732,4402005,122.30812654,-18.63782013,0.0024545800406485,0.0024855399969965,56025.6262093,18.087799072265625,0.0044430000707507,18.105600357055664,0.0013030000263825,18.24810028076172,0.0056889997795224,102760453,128,196608,10,5167.22021484375,2577.280029296875,0.0098183099180459,0.0099421702325344,1.1533600091934204,1.0782999992370603,-51.54759979248047,0.1510410010814666,-0.1372999995946884,0.9987620115280152,0.9987620115280152,1.5041300058364868,0.1528320014476776,-0.0025896900333464,0.1533910036087036,0.7921350002288818,0.7957850098609924,0.0002112880029017,9.386549777445908e-07,0.0002078480029013,2.707280088998232e-07,0.8891630172729492,2.75,0.0001822810008889,1.0369700476076105e-06,1.9803400039672852,1080.0,-1.485919952392578,-1.0255099880396301e-07,8.678089784552867e-07,25.03420066833496,0.25,16692,2523197465948078388,4402081,122.30812499,-18.63782076,0.0034182700328528,0.0033456101082265,55873.6526962,18.045799255371097,0.0062890001572668,18.018299102783203,0.0014730000402778,18.15589904785156,0.0079979998990893,102760453,128,196608,11,5167.25,2577.25,0.0136730996891856,0.0133824003860354,1.0569100379943848,1.042269945144653,-10.564800262451172,0.3504210114479065,0.6268399953842163,0.9986510276794434,0.9986510276794434,1.2686599493026731,0.1554349958896637,0.0027150800451636,0.1577010005712509,0.7786960005760193,0.7985380291938782,0.0002196270070271,1.3813399846185348e-06,0.0002252559934277,3.317769881050481e-07,0.8917940258979797,2.7500100135803223,0.0001984520058613,1.5872700487307156e-06,1.9467400312423704,780.0,0.486178994178772,-1.0262699845497993e-07,1.6245099914158343e-06,25.040800094604492,0.2500010132789612,16692,2523197360721379636,4401689,122.30812305,-18.63781954,0.0052719600498676,0.0050020702183246,56004.0137962,17.922300338745117,0.0111560001969337,17.897300720214844,0.001587999984622,18.06410026550293,0.0181230008602142,102760453,128,196608,10,5167.259765625,2577.300048828125,0.0210877992212772,0.0200082994997501,0.848576009273529,0.788224995136261,-23.044700622558594,0.882427990436554,0.5601360201835632,0.9975389838218688,0.9975389838218688,1.4626799821853638,0.1069099977612495,-0.0070000798441469,0.1050800010561943,0.8570770025253296,0.703236997127533,0.0002460810064803,2.7453700113255763e-06,0.000251813995419,3.9996800182962033e-07,0.8504840135574341,2.0,0.0002159519935958,3.913759883289458e-06,2.142689943313598,640.0,0.5826389789581299,-5.486329968107385e-08,4.118559900234686e-06,25.074399948120117,0.25,0.0161598073528243,,,,,,,,,,,,,,,,,
PSO J080912.949-183819.415,-999,-999,-999,85631223039583946,974417000047175,453621560948808,0,10820147653329,8563,1,909,32,0.334314038357059,974417,105617,3,436527104,52,122.30397016,-18.63870721,0.0010000000474974,0.0010000000474974,122.30395527,-18.63872646,0.0185100007802248,0.0254999995231628,56203.54869213,0.5698999762535095,-0.5063822510188418,0.8008950992456978,-0.3195998370733544,129.80470526654778,-37.72012315864803,238.54105448641943,7.758618574324345,-999,4,22,0,0,10,8,4,1155609000002376,1,1,16875,2523197387564925419,4401789,122.30397016,-18.63870969,0.3948389887809753,0.367570012807846,55957.1729973,24.68429946899414,0.7104799747467041,-999.0,0.0123539995402097,-999.0,-999.0,35651585,4,196608,10,5224.02001953125,2564.77001953125,1.579360008239746,1.4702800512313845,1.3700100183486938,1.295140027999878,83.50599670410156,0.0851821973919868,-999.0,0.9988330006599426,0.9988330006599426,1.789270043373108,-999.0,-999.0,-999.0,-999.0,-999.0,4.856070177083893e-07,3.450140013683267e-07,-3.4067199976561824e-06,4.2086000462404634e-08,0.904088020324707,2.9999899864196777,-999.0,-999.0,-999.0,688.0,-999.0,-2.6703100175495823e-08,6.021970193614834e-07,25.016199111938477,0.25,16875,2523197415482212843,4401893,122.30401571,-18.63870113,0.0467719994485378,0.0442355014383792,56216.8584343,22.015899658203125,0.0956939980387687,23.316999435424805,0.0199250001460313,-999.0,-999.0,35651585,0,196608,7,5223.39013671875,2564.860107421875,0.1870889961719513,0.1769430041313171,1.199489951133728,1.164720058441162,53.030799865722656,0.1526059955358505,-1.768379997990621e-09,0.9984859824180604,0.9984859824180604,1.4745099544525146,0.0784215033054351,-0.0216706991195678,0.1598729938268661,-999.0,-0.295985996723175,5.670849986927351e-06,5.426689995147171e-07,1.7108100109908264e-06,3.408860038689454e-08,0.8839020133018494,2.7499799728393555,-999.0,-999.0,-999.0,560.0,-6.017769813537598,-4.741979964251186e-08,7.574599862891773e-07,25.03350067138672,0.2499980032444,16875,2523197445546983915,4402005,122.30396992,-18.63870721,0.0159223992377519,0.0147339003160595,56025.6262093,20.88319969177246,0.0329289995133876,21.223499298095703,0.0054750000126659,21.265600204467773,0.0626100003719329,35651585,0,196608,14,5224.02001953125,2564.7900390625,0.0636894032359123,0.0589355006814003,1.1530200242996216,1.0804699659347534,-51.43439865112305,0.1483779996633529,-1.2184599995634924e-09,0.998088002204895,0.998088002204895,2.4842100143432617,0.1554989963769912,-0.0040134801529347,0.1358440071344375,0.7921350002288818,0.6279670000076294,1.6095600585686043e-05,5.300179850564746e-07,1.176549994852394e-05,6.441180033789351e-08,0.8917940258979797,2.75,1.1318200449750291e-05,7.086330242600525e-07,1.9803400039672852,1080.0,-6.0777997970581055,-1.0614500212113853e-07,8.691940251992492e-07,25.03420066833496,0.25,16875,2523197465948078571,4402081,122.30397129,-18.63869261,0.0172026008367538,0.0164710991084575,55873.6526962,20.405000686645508,0.0399870015680789,20.71820068359375,0.0051070000045001,20.652299880981445,0.068850003182888,35651585,0,196608,15,5224.0,2564.97998046875,0.0688104033470153,0.0658843964338302,1.0552200078964231,1.0398499965667725,-10.760299682617188,0.3570320010185241,-0.0366382002830505,0.9978110194206238,0.9978110194206238,1.2456400394439695,0.162198007106781,0.0116815995424985,0.1131580024957656,0.7786960005760193,0.5191590189933777,2.500340087863151e-05,9.998179848480504e-07,1.873809924290981e-05,9.56909005367379e-08,0.8970549702644348,2.7500100135803223,1.9910899936803617e-05,1.370879999740282e-06,1.9467400312423704,780.0,-2.0897700786590576,-1.099489992384406e-07,1.611399966350291e-06,25.040800094604492,0.2500010132789612,16875,2523197360721379819,4401689,122.30396813,-18.6387123,0.0215546991676092,0.0192491002380847,56004.0137962,20.012500762939453,0.0605329982936382,20.183500289916992,0.0045520002022385,20.31559944152832,0.098920002579689,35651585,0,196608,13,5224.0400390625,2564.72998046875,0.0862184986472129,0.0769964978098869,0.8483719825744629,0.7880979776382446,-22.71050071716309,0.8852300047874451,-0.1848710030317306,0.9962409734725952,0.9962409734725952,1.413259983062744,0.1317429989576339,-0.0026062100660055,0.0837088972330093,0.6665070056915283,0.525065004825592,3.589300104067661e-05,2.1727300918428227e-06,3.0660801712656394e-05,1.395650031099649e-07,0.8455110192298889,2.0,2.714900074352045e-05,2.6855800570046995e-06,1.6662700176239014,640.0,-1.325909972190857,-5.327330043769508e-08,4.110139798285672e-06,25.074399948120117,0.25,0.016563978950505,,,,,,,,,,,,,,,,,
PSO J080912.920-183829.123,-999,-999,-999,85631223038340634,974417000076769,453621560979167,0,10820147656552,8563,1,909,32,0.697809292653398,974417,105617,3,1343750144,160,122.30383457,-18.64142316,0.0010000000474974,0.0010000000474974,122.30383457,-18.64142316,0.0010000000474974,0.0010000000474974,55967.76422454,-999.0,-0.5063725244993381,0.8008834508963565,-0.3196444345088943,129.80548221733636,-37.72275138661695,238.54329827138753,7.757088072072977,-999,1,0,0,0,0,0,0,1155609000009183,1,0,16883,2523197387564925427,4401789,122.30383573,-18.64142358,0.911795973777771,0.8488230109214783,55957.1729973,-999.0,1.6406999826431274,-999.0,0.0144239999353885,-999.0,-999.0,35651585,4,196608,10,5226.0498046875,2525.68994140625,3.6471900939941406,3.395299911499023,1.3703099489212036,1.2967000007629397,83.10070037841797,0.0846296027302742,-999.0,0.9988150000572203,0.9988150000572203,1.6468499898910522,-999.0,-999.0,-999.0,-999.0,-999.0,-1.9879099966146899e-07,3.2615599820928765e-07,-2.4991200007207226e-06,3.60465008952815e-08,0.8974570035934448,2.9999899864196777,-999.0,-999.0,-999.0,688.0,-999.0,-2.5819000271098957e-08,6.005810178066895e-07,25.016199111938477,0.25,16883,2523197415482212851,4401893,122.30383504,-18.64142092,2.1035399436950684,1.989459991455078,56216.8584343,-999.0,4.303790092468262,-999.0,0.0118359997868537,-999.0,-999.0,35651585,4,196608,8,5226.0498046875,2525.68994140625,8.414210319519043,7.957900047302246,1.1987299919128418,1.164199948310852,51.73659896850586,0.1546259969472885,-999.0,0.9979860186576844,0.9979860186576844,1.6224700212478638,-999.0,-999.0,-999.0,-999.0,-999.0,-1.286310009618319e-07,5.536019784813107e-07,-4.487370006245328e-06,5.3113900833068335e-08,0.8891630172729492,2.7499799728393555,-999.0,-999.0,-999.0,560.0,-999.0,-4.756489957458143e-08,7.550249847554369e-07,25.03350067138672,0.2499980032444,16883,2523197445546983923,4402005,122.30383518,-18.64142237,0.1613979935646057,0.1493510007858276,56025.6262093,23.349199295043945,0.3337909877300262,-999.0,0.0089149996638298,-999.0,-999.0,35651585,4,196608,12,5226.0498046875,2525.68994140625,0.6455919742584229,0.5974040031433105,1.153190016746521,1.0817999839782717,-51.429901123046875,0.1482889950275421,-999.0,0.998053014278412,0.998053014278412,1.292199969291687,-999.0,-999.0,-999.0,-999.0,-999.0,1.6608599935352686e-06,5.543799943552585e-07,-4.0986201383930165e-06,3.654070113157104e-08,0.8891630172729492,2.75,-999.0,-999.0,-999.0,1080.0,-999.0,-1.0559399754583865e-07,8.700250191395753e-07,25.03420066833496,0.25,16883,2523197465948078579,4402081,122.3038284,-18.64142509,0.0939484015107154,0.0899534970521926,55873.6526962,22.191099166870117,0.2183820009231567,-999.0,0.0079549998044967,-999.0,-999.0,35651585,0,196608,11,5226.14990234375,2525.6298828125,0.3757930099964142,0.3598130047321319,1.0553900003433228,1.0394599437713623,-9.13403034210205,0.359495997428894,-999.0,0.9983810186386108,0.9983810186386108,1.182479977607727,0.0284515991806983,-0.0165193993598222,-0.0124791003763675,-999.0,1.5524499416351318,4.82558016301482e-06,1.053820028573682e-06,-7.0839600994077045e-06,5.635489941369087e-08,0.8865320086479187,2.7500100135803223,-999.0,-999.0,-999.0,780.0,-999.0,-1.138269993816721e-07,1.6033200154197402e-06,25.040800094604492,0.2500010132789612,16883,2523197360721379827,4401689,122.30383457,-18.64142316,0.1376419961452484,0.122919000685215,56004.0137962,21.998199462890625,0.3865480124950409,-999.0,0.0097519997507333,-999.0,-999.0,35651585,4,196608,12,5226.0498046875,2525.68994140625,0.5505660176277161,0.49167600274086,0.8482139706611633,0.7878879904747009,-22.436899185180664,0.884660005569458,-999.0,0.9966949820518494,0.9966949820518494,1.3011900186538696,-999.0,-999.0,-999.0,-999.0,-999.0,5.763789886259474e-06,2.227980075986125e-06,-5.570109806285473e-06,5.4319098552468865e-08,0.8455110192298889,2.0,-999.0,-999.0,-999.0,640.0,-999.0,-5.568979943859632e-08,4.100039859622484e-06,25.074399948120117,0.25,0.0142127640581828,,,,,,,,,,,,,,,,,
PSO J080914.045-183829.045,-999,-999,-999,85631223085230652,974417000047747,453621560949380,0,10820147657120,8563,1,909,32,0.713946694241787,974417,105617,3,503635968,60,122.30852097,-18.64140141,0.0010000000474974,0.0010000000474974,122.30851012,-18.64141237,0.0026899999938905,0.0043600001372396,56126.24787037,1.499400019645691,-0.5064379100729252,0.8008421772134203,-0.3196442560676421,129.8108733951947,-37.72155029640498,238.54566611736337,7.760846104975919,-999,5,63,10,10,15,15,13,1155609000002523,1,1,16674,2523197387564925218,4401789,122.30852006,-18.64140614,0.001956779975444,0.0020631900988519,55957.1729973,18.118999481201172,0.0032319999299943,18.080699920654297,0.0016120000509545,18.16349983215332,0.003393999999389,102760517,128,196608,10,5162.10986328125,2525.6201171875,0.0078271497040987,0.0082527799531817,1.370859980583191,1.2956000566482544,83.21430206298828,0.0843902006745338,0.5201680064201355,0.9991369843482972,0.9991369843482972,1.8322999477386477,0.2117460072040558,0.0041035898029804,0.2262199968099594,1.0261499881744385,0.9012539982795716,0.0002052960044238,6.635859790549148e-07,0.0002126699982909,3.427830108648777e-07,0.8996679782867432,2.9999899864196777,0.0001970540033653,6.688870257676172e-07,2.565380096435547,688.0,0.6430860161781311,-2.0827700453196485e-08,6.064560125196294e-07,25.016199111938477,0.25,16674,2523197415482212642,4401893,122.30852305,-18.64139937,0.0017328900285065,0.0017287100199609,56216.8584343,17.60099983215332,0.0030100001022219,17.611400604248047,0.0014400000218302,17.699499130249023,0.0037120000924915,102760453,128,196608,8,5162.06005859375,2525.679931640625,0.0069316001608967,0.0069148698821663,1.1964600086212158,1.1614999771118164,53.3754997253418,0.1571069955825805,-0.5203440189361572,0.997979998588562,0.997979998588562,1.697909951210022,0.1745470017194748,0.00146020995453,0.1674049943685531,1.0019999742507937,0.8410360217094421,0.0003308139857836,9.956720532500183e-07,0.0003276760107837,4.717699937373254e-07,0.8891630172729492,2.7499799728393555,0.000302130007185,1.1214699497941185e-06,2.5049901008605957,560.0,-0.6428160071372986,-4.660209995677178e-08,7.648230280210555e-07,25.03350067138672,0.2499980032444,16674,2523197445546983714,4402005,122.30852097,-18.6413982,0.0014295399887487,0.0014422700041905,56025.6262093,17.495399475097656,0.0026920000091195,17.432199478149414,0.0009549999958835,17.53059959411621,0.0030980000738054,102760517,128,196608,11,5162.08984375,2525.719970703125,0.0057181599549949,0.005769089795649,1.153439998626709,1.0796899795532229,-51.54499816894531,0.1511539965867996,0.1366699934005737,0.9980369806289672,0.9980369806289672,1.6247199773788452,0.1685130000114441,-0.0085375197231769,0.170183002948761,0.958162009716034,0.8392300009727478,0.0003646159893833,9.815829571380164e-07,0.0003864789905492,3.691669974159595e-07,0.8891630172729492,2.75,0.0003529950045049,1.0934700185316617e-06,2.395400047302246,1080.0,1.4883099794387815,-1.0044200138281668e-07,8.683579721946444e-07,25.03420066833496,0.25,16674,2523197465948078370,4402081,122.30852597,-18.64140141,0.0019377500284463,0.0019008499803021,55873.6526962,17.440099716186523,0.0036079999990761,17.380199432373047,0.0010979999788105,17.492599487304688,0.0047120000235736,102760453,128,196608,13,5162.02978515625,2525.64990234375,0.0077509698458015,0.0076033798977732,1.057229995727539,1.0418599843978882,-8.355859756469727,0.352631002664566,0.2995289862155914,0.9980360269546508,0.9980360269546508,1.327340006828308,0.1607179939746856,0.0030705400276929,0.1576090008020401,0.917572021484375,0.8289240002632141,0.0003836569958366,1.3844199884260888e-06,0.0004054419987369,4.4511500618682486e-07,0.8917940258979797,2.7500100135803223,0.000365560001228,1.7223900385943125e-06,2.2939300537109375,780.0,1.0374399423599243,-1.0587199739120481e-07,1.6163900227184058e-06,25.040800094604492,0.2500010132789612,16674,2523197360721379618,4401689,122.30852069,-18.64140657,0.0031274498905986,0.0029552299529314,56004.0137962,17.34000015258789,0.0066120000556111,17.332599639892578,0.0012250000145286,17.517200469970703,0.0098320003598928,102760453,128,196608,12,5162.08984375,2525.610107421875,0.0125097995623946,0.0118209002539515,0.848363995552063,0.7878900170326233,-22.737499237060547,0.8813109993934631,0.9087049961090088,0.9966279864311218,0.9966279864311218,1.3649200201034546,0.1048310026526451,-0.0021838899701833,0.1019250005483627,0.7829279899597168,0.7363640069961548,0.000420739990659,2.7821299681818346e-06,0.000423588004196,5.187490046409948e-07,0.8405370116233826,2.0,0.0003573769936338,3.5137600207235664e-06,1.957319974899292,640.0,0.1146719977259635,-5.586489848496967e-08,4.109079782210756e-06,25.074399948120117,0.25,0.0125808867167574,,,,,,,,,,,,,,,,,
PSO J080912.705-183855.128,-999,-999,-999,85621223029381963,974417000076760,453621560979158,0,10820147675754,8562,1,909,32,0.764296166379281,974417,105617,3,1343750144,160,122.30293954,-18.64864672,0.0010000000474974,0.0010000000474974,122.30293954,-18.64864672,0.0010000000474974,0.0010000000474974,56015.46481481,-999.0,-0.506338473947687,0.8008572923687447,-0.3197638926772853,129.80690399506204,-37.729937096009515,238.54901790943097,7.752529520224934,-999,1,0,0,0,0,0,0,1155609000009174,1,0,16931,2523197387564925475,4401789,122.30293976,-18.64864939,0.3323050141334533,0.3093540072441101,55957.1729973,24.44650077819824,0.5979539752006531,-999.0,0.026172999292612,-999.0,-999.0,35651585,4,196608,8,5238.7900390625,2421.679931640625,1.3292200565338137,1.2374199628829956,1.3711800575256348,1.3010300397872925,81.93219757080078,0.0831549987196922,-999.0,0.999426007270813,0.999426007270813,1.6087100505828855,-999.0,-999.0,-999.0,-999.0,-999.0,6.045249847375089e-07,3.61477987098624e-07,-7.589910069327743e-07,1.986500031136984e-08,0.8974570035934448,2.9999899864196777,-999.0,-999.0,-999.0,688.0,-999.0,-2.864159931448285e-08,5.928050086367875e-07,25.016199111938477,0.25,16931,2523197415482212899,4401893,122.30293912,-18.64864669,0.1268340051174163,0.1199550032615661,56216.8584343,23.37739944458008,0.2594990134239197,22.313499450683594,0.0125519996508955,-999.0,-999.0,35651585,4,196608,10,5238.7900390625,2421.679931640625,0.5073379874229431,0.4798240065574646,1.197119951248169,1.162919998168945,48.0791015625,0.1598140001296997,-999.0,0.99897301197052,0.99897301197052,1.395650029182434,-999.0,-999.0,-999.0,-999.0,-999.0,1.6182899571504097e-06,4.199430065909837e-07,4.311139946366893e-06,5.411330050719698e-08,0.8891630172729492,2.7499799728393555,-999.0,-999.0,-999.0,560.0,-999.0,-3.859310027110041e-08,7.552109764219495e-07,25.03350067138672,0.2499980032444,16931,2523197445546983971,4402005,122.30296165,-18.64864035,0.0581039004027843,0.0537668988108634,56025.6262093,22.37579917907715,0.120166003704071,21.55120086669922,0.0063669998198747,21.718799591064453,0.1240860000252723,35667969,0,196608,18,5238.47998046875,2421.7900390625,0.2324160039424896,0.2150679975748062,1.1537200212478638,1.0855900049209597,-51.410499572753906,0.1477980017662048,4.610629933399224e-11,0.9989569783210754,0.9989569783210754,1.2583600282669067,0.2114859968423843,0.0236127991229295,0.3001640141010284,1.0549700260162354,0.8641740083694458,4.070810064149555e-06,4.891739990853239e-07,8.699839781911578e-06,5.5387999964295886e-08,0.8786410093307495,2.75,7.455610102624632e-06,9.251380106434226e-07,2.63742995262146,1080.0,6.583000183105469,-1.0694199659155856e-07,8.658960268803639e-07,25.03420066833496,0.25,16931,2523197465948078627,4402081,122.30293954,-18.64864672,0.1606069952249527,0.153778001666069,55873.6526962,22.729799270629883,0.3733290135860443,21.531999588012695,0.0074289999902248,-999.0,-999.0,35651585,4,196608,11,5238.7900390625,2421.679931640625,0.6424270272254944,0.6151099801063538,1.0558099746704102,1.0381699800491333,-5.432469844818115,0.3668400049209595,-999.0,0.9990479946136476,0.9990479946136476,1.1041200160980225,-999.0,-999.0,-999.0,-999.0,-999.0,2.938239958893974e-06,1.0969299637508811e-06,8.855099622451235e-06,6.578159883474656e-08,0.8891630172729492,2.7500100135803223,-999.0,-999.0,-999.0,780.0,-999.0,-1.09706000728238e-07,1.6235600241998327e-06,25.040800094604492,0.2500010132789612,16931,2523197360721379875,4401689,122.30293857,-18.64864902,0.0988601967692375,0.0882859975099563,56004.0137962,21.687999725341797,0.2776359915733337,21.230600357055664,0.0073719997890293,-999.0,-999.0,35651585,4,196608,13,5238.7900390625,2421.679931640625,0.395440012216568,0.3531430065631866,0.8477990031242371,0.7873439788818359,-21.6648006439209,0.8835020065307617,-999.0,0.9984790086746216,0.9984790086746216,1.2401299476623535,-999.0,-999.0,-999.0,-999.0,-999.0,7.669789738429245e-06,2.1294099497026764e-06,1.1688600352499634e-05,8.617220004225602e-08,0.8455110192298889,2.0,-999.0,-999.0,-999.0,640.0,-999.0,-6.909429828283464e-08,4.060490027768537e-06,25.074399948120117,0.25,0.0095246748901461,,,,,,,,,,,,,,,,,
PSO J080912.010-183842.690,-999,-999,-999,85621223000646200,974417000046654,453621560948287,0,10820147676479,8562,1,909,32,0.402315203475128,974417,105617,3,436527104,52,122.30005961,-18.64511489,0.0010000000474974,0.0010000000474974,122.3000424,-18.64519192,0.5392299890518188,1.1127500534057615,56476.09818287,0.4009999930858612,-0.5063082801889883,0.8008991901988001,-0.3197067602522271,129.8023870193549,-37.72734714610602,238.5445919710584,7.752041158894157,-999,4,7,0,2,5,0,0,1155609000002256,1,1,17063,2523197387564925607,4401789,122.30004315,-18.64512151,0.9513260126113892,0.8856229782104492,55957.1729973,-999.0,1.7118300199508667,-999.0,0.0134020000696182,-999.0,-999.0,35651585,4,196608,8,5278.06982421875,2472.68994140625,3.805310010910034,3.5425000190734863,1.3704899549484253,1.2998199462890625,82.4166030883789,0.0840056985616684,-999.0,0.9988080263137816,0.9988080263137816,1.6946799755096436,-999.0,-999.0,-999.0,-999.0,-999.0,-2.2141000499686925e-07,3.790160008065868e-07,-2.894850013035466e-06,3.879560139807836e-08,0.8952469825744629,2.9999899864196777,-999.0,-999.0,-999.0,688.0,-999.0,-3.0421901442423405e-08,5.931789814894728e-07,25.016199111938477,0.25,17063,2523197415482213031,4401893,122.30004547,-18.64510566,0.0550159998238086,0.0520323999226093,56216.8584343,22.458999633789062,0.1125620007514953,23.967500686645508,0.0268849991261959,-999.0,-999.0,35653633,0,196608,10,5278.02978515625,2472.8798828125,0.2200649976730346,0.2081310003995895,1.1995999813079834,1.1654800176620483,48.664100646972656,0.1555529981851577,-7.874410325181547e-12,0.9978089928627014,0.9978089928627014,1.3928600549697876,0.0796692967414856,0.0357323996722698,0.0545736998319625,-999.0,-0.3076420128345489,3.7705199247284327e-06,4.244159867994313e-07,9.397140274813864e-07,2.526419962123327e-08,0.8917940258979797,2.7499799728393555,-999.0,-999.0,-999.0,560.0,-6.8408098220825195,-4.356110139269732e-08,7.479289934053668e-07,25.03350067138672,0.2499980032444,17063,2523197445546984103,4402005,122.30003958,-18.64512411,0.0293614994734525,0.0271699000149965,56025.6262093,21.546899795532227,0.0607229992747306,21.56180000305176,0.0063979998230934,21.638099670410156,0.0887819975614547,35651585,0,196608,16,5278.10986328125,2472.639892578125,0.1174459978938102,0.1086800023913383,1.1534199714660645,1.085309982299805,-51.34090042114258,0.1460770070552826,0.7152979969978333,0.9982230067253112,0.9982230067253112,1.3059500455856323,0.1888159960508346,-0.0055978498421609,0.1582529991865158,0.7921350002288818,0.6660000085830688,8.734719813219272e-06,5.304009960127587e-07,8.615240403742064e-06,5.5118000830134406e-08,0.8865320086479187,2.75,8.030559911276214e-06,7.129700065888755e-07,1.9803400039672852,1080.0,0.364749014377594,-1.100099993323056e-07,8.686899946042104e-07,25.03420066833496,0.25,17063,2523197465948078759,4402081,122.30002976,-18.64512929,0.0541245006024837,0.0518229007720947,55873.6526962,21.490100860595703,0.1258119940757751,21.403099060058594,0.0070000002160668,21.296600341796875,0.1579730063676834,35651585,0,196608,11,5278.25,2472.5400390625,0.216497004032135,0.2072910070419311,1.0543700456619265,1.03725004196167,-7.623340129852295,0.3682520091533661,0.0550193004310131,0.9991919994354248,0.9991919994354248,1.1810400485992432,0.2145829945802688,-0.0117990998551249,0.1995240002870559,0.8655200004577637,0.5936329960823059,9.203399713442195e-06,1.1578899830055889e-06,9.971519830287434e-06,6.9805302871373e-08,0.8865320086479187,2.7500100135803223,1.0999399819411336e-05,1.737599973239412e-06,2.163800001144409,780.0,1.918720006942749,-1.1669799704350227e-07,1.6061300129877054e-06,25.040800094604492,0.2500010132789612,17063,2523197360721380007,4401689,122.30007375,-18.64513101,0.0741809010505676,0.066246397793293,56004.0137962,21.366600036621097,0.2083269953727722,-999.0,0.0381169989705085,-999.0,-999.0,35651585,0,196608,13,5277.64013671875,2472.550048828125,0.2967230081558227,0.2649849951267242,0.84791100025177,0.7876480221748352,-21.816600799560547,0.8863949775695801,-999.0,0.9991559982299804,0.9991559982299804,1.2265100479125977,0.0492408983409404,-0.0238070003688335,0.0087217800319194,-999.0,3.915440082550049,1.031220017466694e-05,2.148309931726544e-06,-3.645839967703069e-07,1.3896899631049564e-08,0.8455110192298889,2.0,-999.0,-999.0,-999.0,640.0,-999.0,-6.484099657200204e-08,4.069479928148212e-06,25.074399948120117,0.25,0.01377774036963,,,,,,,,,,,,,,,,,
PSO J080911.401-183845.964,-999,-999,-999,85621222975295028,974417000046310,453621560947943,0,10820147689438,8562,1,909,32,0.279047808869786,974417,105617,3,436527104,52,122.29754649,-18.64606734,0.0010000000474974,0.0010000000474974,122.29750769,-18.64610124,0.0206300001591444,0.0190299991518259,56083.18991898,0.7081000208854675,-0.5062701375334583,0.8009172989722637,-0.3197217978943987,129.79977113381852,-37.72886842193215,238.54408074453647,7.749523561208738,-999,4,28,0,2,12,8,6,1155609000002171,1,1,17191,2523197387564925735,4401789,122.29752384,-18.64608564,0.5492630004882812,0.5113279819488525,55957.1729973,-999.0,0.9883520007133484,-999.0,0.0115090003237128,-999.0,-999.0,35651585,4,196608,7,5312.52001953125,2458.97998046875,2.1970601081848145,2.0453100204467773,1.370519995689392,1.301120042800903,82.17610168457031,0.083875797688961,-999.0,0.9990749955177308,0.9990749955177308,1.7007700204849243,-999.0,-999.0,-999.0,-999.0,-999.0,-3.925229918877449e-07,3.879509904436418e-07,-3.925560122297611e-06,4.5177298346743555e-08,0.8996679782867432,2.9999899864196777,-999.0,-999.0,-999.0,688.0,-999.0,-3.282010041516514e-08,5.901600275137753e-07,25.016199111938477,0.25,17191,2523197415482213159,4401893,122.29756673,-18.64605222,0.0669037997722625,0.0632755011320114,56216.8584343,22.39739990234375,0.1368840038776397,23.48150062561035,0.021493000909686,-999.0,-999.0,35651585,0,196608,8,5311.93017578125,2459.419921875,0.2676169872283935,0.2531040012836456,1.200659990310669,1.1666500568389893,47.299598693847656,0.1550530046224594,-1.1600899718123853e-15,0.9983069896697998,0.9983069896697998,1.6287599802017212,0.0728572010993957,0.0741181001067161,0.077138103544712,-999.0,0.16805200278759,3.990519871877041e-06,5.462370040731912e-07,1.470300048822537e-06,3.160170081173419e-08,0.8812710046768188,2.7499799728393555,-999.0,-999.0,-999.0,560.0,-8.008609771728516,-4.270719955457025e-08,7.427179866681399e-07,25.03350067138672,0.2499980032444,17191,2523197445546984231,4402005,122.29751966,-18.64609524,0.0161904003471136,0.0149819003418087,56025.6262093,20.862199783325195,0.0334840007126331,21.230300903320312,0.0054919999092817,21.199800491333008,0.0645610019564628,35651585,0,196608,16,5312.56982421875,2458.820068359375,0.064761497080326,0.0599276013672351,1.153540015220642,1.0869899988174438,-51.28450012207031,0.1446589976549148,-5.398749749474518e-07,0.9988890290260316,0.9988890290260316,1.2956700325012207,0.1170940026640892,-0.0129759004339575,0.1387230008840561,0.7921350002288818,0.666047990322113,1.6410100215580314e-05,5.494720198839786e-07,1.1691299732774496e-05,6.420820142238881e-08,0.8812710046768188,2.75,1.2025199794152286e-05,7.763640041957842e-07,1.9803400039672852,1080.0,-5.011569976806641,-1.1289200330111274e-07,8.684280032866809e-07,25.03420066833496,0.25,17191,2523197465948078887,4402081,122.29752624,-18.64609027,0.0159412994980812,0.0152634996920824,55873.6526962,20.127700805664062,0.0370550006628036,20.19580078125,0.0040150000713765,20.271099090576172,0.0562760010361671,35651585,0,196608,11,5312.490234375,2458.8701171875,0.0637651979923248,0.0610537007451057,1.0536199808120728,1.0360499620437622,-7.441569805145264,0.3728629946708679,-0.7823389768600464,0.9985849857330322,0.9985849857330322,1.1406099796295166,0.1779740005731582,-0.0109767001122236,0.1365409940481186,0.7786960005760193,0.729656994342804,3.227989873266779e-05,1.1961500376855838e-06,3.0315299227368087e-05,1.2171300056706968e-07,0.8733789920806885,2.7500100135803223,2.8284699510550126e-05,1.591739987816254e-06,1.9467400312423704,780.0,-0.2762730121612549,-1.192699983221246e-07,1.60455999775877e-06,25.040800094604492,0.2500010132789612,17191,2523197360721380135,4401689,122.29751448,-18.64608245,0.0187321994453668,0.016728600487113,56004.0137962,19.700700759887695,0.0526069998741149,19.86639976501465,0.0039329999126493,20.0492000579834,0.089367002248764,35651585,0,196608,10,5312.6298828125,2459.02001953125,0.0749287977814674,0.0669142976403236,0.8478019833564758,0.7876269817352295,-21.5403995513916,0.8879439830780029,-0.0275170002132654,0.995507001876831,0.995507001876831,1.2483099699020386,0.0998407006263732,0.005032590124756,0.0932997018098831,0.6665070056915283,0.4493539929389953,4.783179974765517e-05,2.516289896448143e-06,4.1061601223191246e-05,1.6151099657690793e-07,0.830590009689331,2.0,3.469970033620484e-05,3.1009999474918004e-06,1.6662700176239014,640.0,-2.2040998935699463,-6.985010259086266e-08,4.05411992687732e-06,25.074399948120117,0.25,0.0152718237943638,,,,,,,,,,,,,,,,,
