objName,objAltName1,objAltName2,objAltName3,objID,uniquePspsOBid,ippObjID,surveyID,htmID,zoneID,tessID,projectionID,skyCellID,randomID,batchID,dvoRegionID,processingVersion,objInfoFlag,qualityFlag,raStack,decStack,raStackErr,decStackErr,raMean,decMean,raMeanErr,decMeanErr,epochMean,posMeanChisq,cx,cy,cz,lambda,beta,l,b,nStackObjectRows,nStackDetections,nDetections,ng,nr,ni,nz,ny,uniquePspsSTid,primaryDetection,bestDetection,gippDetectID,gstackDetectID,gstackImageID,gra,gdec,graErr,gdecErr,gEpoch,gPSFMag,gPSFMagErr,gApMag,gApMagErr,gKronMag,gKronMagErr,ginfoFlag,ginfoFlag2,ginfoFlag3,gnFrames,gxPos,gyPos,gxPosErr,gyPosErr,gpsfMajorFWHM,gpsfMinorFWHM,gpsfTheta,gpsfCore,gpsfLikelihood,gpsfQf,gpsfQfPerfect,gpsfChiSq,gmomentXX,gmomentXY,gmomentYY,gmomentR1,gmomentRH,gPSFFlux,gPSFFluxErr,gApFlux,gApFluxErr,gApFillFac,gApRadius,gKronFlux,gKronFluxErr,gKronRad,gexpTime,gExtNSigma,gsky,gskyErr,gzp,gPlateScale,rippDetectID,rstackDetectID,rstackImageID,rra,rdec,rraErr,rdecErr,rEpoch,rPSFMag,rPSFMagErr,rApMag,rApMagErr,rKronMag,rKronMagErr,rinfoFlag,rinfoFlag2,rinfoFlag3,rnFrames,rxPos,ryPos,rxPosErr,ryPosErr,rpsfMajorFWHM,rpsfMinorFWHM,rpsfTheta,rpsfCore,rpsfLikelihood,rpsfQf,rpsfQfPerfect,rpsfChiSq,rmomentXX,rmomentXY,rmomentYY,rmomentR1,rmomentRH,rPSFFlux,rPSFFluxErr,rApFlux,rApFluxErr,rApFillFac,rApRadius,rKronFlux,rKronFluxErr,rKronRad,rexpTime,rExtNSigma,rsky,rskyErr,rzp,rPlateScale,iippDetectID,istackDetectID,istackImageID,ira,idec,iraErr,idecErr,iEpoch,iPSFMag,iPSFMagErr,iApMag,iApMagErr,iKronMag,iKronMagErr,iinfoFlag,iinfoFlag2,iinfoFlag3,inFrames,ixPos,iyPos,ixPosErr,iyPosErr,ipsfMajorFWHM,ipsfMinorFWHM,ipsfTheta,ipsfCore,ipsfLikelihood,ipsfQf,ipsfQfPerfect,ipsfChiSq,imomentXX,imomentXY,imomentYY,imomentR1,imomentRH,iPSFFlux,iPSFFluxErr,iApFlux,iApFluxErr,iApFillFac,iApRadius,iKronFlux,iKronFluxErr,iKronRad,iexpTime,iExtNSigma,isky,iskyErr,izp,iPlateScale,zippDetectID,zstackDetectID,zstackImageID,zra,zdec,zraErr,zdecErr,zEpoch,zPSFMag,zPSFMagErr,zApMag,zApMagErr,zKronMag,zKronMagErr,zinfoFlag,zinfoFlag2,zinfoFlag3,znFrames,zxPos,zyPos,zxPosErr,zyPosErr,zpsfMajorFWHM,zpsfMinorFWHM,zpsfTheta,zpsfCore,zpsfLikelihood,zpsfQf,zpsfQfPerfect,zpsfChiSq,zmomentXX,zmomentXY,zmomentYY,zmomentR1,zmomentRH,zPSFFlux,zPSFFluxErr,zApFlux,zApFluxErr,zApFillFac,zApRadius,zKronFlux,zKronFluxErr,zKronRad,zexpTime,zExtNSigma,zsky,zskyErr,zzp,zPlateScale,yippDetectID,ystackDetectID,ystackImageID,yra,ydec,yraErr,ydecErr,yEpoch,yPSFMag,yPSFMagErr,yApMag,yApMagErr,yKronMag,yKronMagErr,yinfoFlag,yinfoFlag2,yinfoFlag3,ynFrames,yxPos,yyPos,yxPosErr,yyPosErr,ypsfMajorFWHM,ypsfMinorFWHM,ypsfTheta,ypsfCore,ypsfLikelihood,ypsfQf,ypsfQfPerfect,ypsfChiSq,ymomentXX,ymomentXY,ymomentYY,ymomentR1,ymomentRH,yPSFFlux,yPSFFluxErr,yApFlux,yApFluxErr,yApFillFac,yApRadius,yKronFlux,yKronFluxErr,yKronRad,yexpTime,yExtNSigma,ysky,yskyErr,yzp,yPlateScale,distance,SkyMapper_StarClass,gelong,g_a,g_b,g_pa,relong,r_a,r_b,r_pa,ielong,i_a,i_b,i_pa,zelong,z_a,z_b,z_pa
PSO J023741.879+260050.215,-999,-999,-999,139210394244937304,946363000019113,164583146801832,0,17564786835887,13921,1,1857,55,0.684077290523869,946363,38320,3,503635968,60,39.42449924,26.01394883,0.0010000000474974,0.0010000000474974,39.42449181,26.01394349,0.0036800000816583,0.0032299999147653,55830.30450231,1.4703999757766724,0.6942019794156467,0.570721072711366,0.4385898641539565,45.159892205839256,10.10068683442677,150.9007893043309,-31.023663455521913,-999,10,59,8,11,14,13,13,1121594000004795,1,1,1969,2523116944169633713,4102114,39.42449909,26.01394705,0.002281550085172,0.0021755800116807,55882.7709466,17.87820053100586,0.0034950000699609,17.907800674438477,0.0012949999654665,17.958999633789062,0.0044359997846186,262144069,524416,196608,6,1376.4000244140625,441.7650146484375,0.0091261900961399,0.0087023302912712,1.2732700109481812,1.2102099657058716,-14.805299758911133,0.4144630134105682,-0.4784780144691467,0.9988970160484314,0.9988970160484314,1.3475799560546875,0.2159650027751922,-0.0058530000969767,0.2074480056762695,1.362679958343506,0.8870130181312561,0.0002562919980846,8.956719739217078e-07,0.0002493940119165,3.229999947507167e-07,0.904075026512146,3.25,0.0002378920034971,1.0551899549682275e-06,3.406709909439087,946.0,-0.7087519764900208,1.9547300666999945e-08,5.626620236398594e-07,24.974300384521484,0.25,1969,2523169177951274929,4296700,39.42450148,26.01395058,0.0013315000105649,0.0014561399584636,56195.1524026,17.24570083618164,0.002379999961704,17.192800521850586,0.0007709999918006,17.257099151611328,0.0024900001008063,262144069,524416,196608,6,1376.3699951171875,441.7780151367187,0.0053260098211467,0.0058245500549674,1.3022199869155884,1.246000051498413,-87.68440246582031,0.171314999461174,0.2083130031824112,0.9995009899139404,0.9995009899139404,1.5628399848937988,0.2044650018215179,-0.0014731299597769,0.2205210030078888,1.202180027961731,0.8985120058059692,0.0004588970041368,1.0921500006588758e-06,0.0004818009911105,3.713450098530302e-07,0.8996679782867432,3.0,0.0004541150119621,1.1306400438115816e-06,3.0054500102996826,1360.0,1.2582199573516846,2.2640799457462893e-08,6.682399771307246e-07,24.99839973449707,0.25,1969,2523103828950124465,4053256,39.42449253,26.01395035,0.0006653359741903,0.0006697840290144,56152.0322447,16.837200164794922,0.0014380000066012,16.858299255371094,0.0006239999784156,16.929399490356445,0.001602999982424,262144069,524416,196608,12,1376.47998046875,441.7720031738281,0.0026613399386405,0.0026791300624608,0.9534509778022766,0.9437429904937744,-59.06909942626953,0.3007960021495819,-0.8296329975128174,0.99823397397995,0.99823397397995,1.5080599784851074,0.117306001484394,0.000222955000936,0.1162619963288307,1.0618799924850464,0.7676960229873657,0.0006685329717583,9.613950169296004e-07,0.0006556619773618,4.091089920166269e-07,0.848825991153717,2.25,0.0006141120102256,9.844120540947188e-07,2.6546900272369385,1530.0,-0.215171992778778,2.4642400120455932e-08,6.632669737882679e-07,25.03459930419922,0.25,1969,2523104764179253169,4056740,39.42449942,26.01394778,0.0011333399452269,0.0010975300101563,56077.0392398,16.685199737548828,0.0020079999230802,16.694900512695312,0.0008210000232793,16.781299591064453,0.0025369999930262,262144069,524416,196608,14,1376.4000244140625,441.7510070800781,0.0045333500020205,0.004390109796077,1.097790002822876,1.0649800300598145,8.005550384521484,0.4931269884109497,0.9634349942207336,0.9970030188560486,0.9970030188560486,1.2202500104904177,0.1565639972686767,0.0006198490154929,0.1542239934206009,1.0921499729156494,0.8339909911155701,0.0007689649937674,1.5440999732163618e-06,0.0007621360127814,6.256379947444657e-07,0.8689860105514526,2.5,0.000703852972947,1.785659947017848e-06,2.730380058288574,780.0,0.0458430983126163,5.2900599456506825e-08,1.5353799653894384e-06,25.006099700927734,0.25,1969,2523108762525370289,4071635,39.42449627,26.01394865,0.0013642699923366,0.0014128800248727,56076.6176255,16.55419921875,0.0031340001150965,16.575700759887695,0.0007110000005923,16.666200637817383,0.0053489999845623,262144069,524416,196608,12,1376.43994140625,441.75,0.0054570799693465,0.0056515098549425,0.7789610028266907,0.7473070025444031,-63.266700744628906,1.2234899997711182,-0.5790709853172302,0.9977589845657348,0.9977589845657348,1.2994099855422974,0.0968281030654907,-0.0019551198929548,0.099785603582859,1.1750400066375732,0.742605984210968,0.0008675829740241,2.718860059758299e-06,0.0008506039739586,6.051729997125221e-07,0.8455110192298889,2.0,0.0007825639913789,4.185650141153019e-06,2.937609910964966,970.0,-0.5547419786453247,1.5053700508360637e-07,3.402290076337522e-06,25.045499801635746,0.25,0.0069863416207037,,,,,,,,,,,,,,,,,
PSO J023741.879+260050.215,-999,-999,-999,139210394244937304,946363000019113,164583146801832,0,17564786835887,13921,1,1857,55,0.684077290523869,946363,38320,3,503635968,60,39.42449924,26.01394883,0.0010000000474974,0.0010000000474974,39.42449181,26.01394349,0.0036800000816583,0.0032299999147653,55830.30450231,1.4703999757766724,0.6942019794156467,0.570721072711366,0.4385898641539565,45.159892205839256,10.10068683442677,150.9007893043309,-31.023663455521913,-999,10,59,8,11,14,13,13,1121788000005420,0,1,1884,2523116941485279068,4102104,39.42449897,26.01394766,0.0022168001160025,0.0021590099204331,55907.0427922,17.908599853515625,0.0035260000731796,17.94179916381836,0.0014449999434873,17.989200592041016,0.0044599999673664,262144069,524416,0,6,1376.4000244140625,6226.77001953125,0.0088672200217843,0.0086360601708292,1.2469300031661987,1.1880500316619873,-33.63850021362305,0.4095659852027893,-0.336243987083435,0.999637007713318,0.999637007713318,1.3427799940109253,0.1986120045185089,-0.0047663999721407,0.1902440041303634,1.3570599555969238,0.8798900246620178,0.0002492080093361,8.786050216258445e-07,0.0002416909992462,3.491670099720068e-07,0.8996679782867432,3.0,0.0002313729928573,1.0318300383005408e-06,3.392659902572632,774.0,-0.9616140127182008,1.900260038212309e-08,5.721140041714534e-07,24.99959945678711,0.25,1884,2523169164261066588,4296649,39.42450163,26.01394902,0.00130663998425,0.0013915400486439,56143.7089132,17.22559928894043,0.0023219999857246,17.195199966430664,0.0009280000231228,17.257699966430664,0.0024969999212771,262144069,524416,0,7,1376.4000244140625,6226.77978515625,0.0052265501581132,0.0055661601945757,1.2723599672317505,1.2415000200271606,-82.83489990234375,0.1100459992885589,0.3759970068931579,0.9989389777183532,0.9989389777183532,1.6852600574493408,0.1879940032958984,-0.0021792699117213,0.1981430053710937,1.200119972229004,0.8805999755859375,0.0004674619995057,1.085369945030834e-06,0.0004807680088561,4.459539866275009e-07,0.8891630172729492,2.75,0.0004538600041996,1.133059981839324e-06,3.0002999305725098,940.0,0.8852959871292114,1.0316600018711597e-08,7.150559895308106e-07,25.016799926757812,0.25,1884,2523103827071076188,4053249,39.42449325,26.01394977,0.0006706570275127,0.000680144992657,56073.3648704,16.842899322509766,0.0014299999456852,16.866500854492188,0.0007120000082068,16.937599182128906,0.0015849999617785,262144069,524416,0,12,1376.47998046875,6226.77001953125,0.0026826199609786,0.002720579970628,0.9790260195732116,0.9577419757843018,-70.42269897460938,0.2673499882221222,-0.4594550132751465,0.998216986656189,0.998216986656189,1.7557300329208374,0.1176669970154762,0.0003128160024061,0.1162500008940696,1.0336799621582031,0.7666299939155579,0.0006650229915976,9.511990128885371e-07,0.0006507309735752,4.635120092189027e-07,0.848825991153717,2.25,0.0006094949785619,9.659979696152732e-07,2.584199905395508,1170.0,-0.739745020866394,4.1159800900913985e-08,6.850190175100579e-07,25.041000366210938,0.25,1884,2523104761763333980,4056731,39.42449938,26.01394847,0.0011154999956488,0.0010902900248765,56119.4142644,16.70680046081543,0.002032000105828,16.705400466918945,0.0008919999818317,16.790599822998047,0.0025329999625682,262144069,524416,0,14,1376.4000244140625,6226.75,0.0044619902037084,0.0043611698783934,1.0881400108337402,1.067989945411682,7.481840133666992,0.4247489869594574,0.7059370279312134,0.9971129894256592,0.9971129894256592,1.2703700065612793,0.1589449942111969,0.0008436259813606,0.1577170044183731,1.088979959487915,0.8373209834098816,0.0007538190111517,1.5313900121327606e-06,0.0007548059802502,6.729289907525526e-07,0.8689860105514526,2.5,0.000697850016877,1.7677300547802588e-06,2.722450017929077,660.0,0.3773179948329925,6.999589885481329e-08,1.4816299653830356e-06,25.017499923706055,0.25,1884,2523108760109451100,4071626,39.42449822,26.01394738,0.0014701699838042,0.0015395600348711,56051.8582931,16.58180046081543,0.0032959999516606,16.591299057006836,0.0007619999814778,16.684200286865234,0.0054999999701976,262144069,524416,0,12,1376.4200439453125,6226.75,0.0058806999586522,0.0061582401394844,0.8085709810256958,0.7691010236740112,-70.44770050048828,1.2189699411392212,-0.8875979781150818,0.9976739883422852,0.9976739883422852,1.244979977607727,0.1020039990544319,-0.0018139899475499,0.1061799973249435,1.1963599920272827,0.7599049806594849,0.0008458489901386,2.7882699669135036e-06,0.0008384599932469,6.389749955815205e-07,0.8405370116233826,2.0,0.0007697260007262,4.233309937262675e-06,2.9909000396728516,860.0,-0.1413449943065643,2.4392900854763866e-07,3.448029929131735e-06,25.05430030822754,0.25,0.0069863416207037,,,,,,,,,,,,,,,,,
PSO J023740.539+260119.866,-999,-999,-999,139220394189017182,946363000055519,164583146839402,0,17564786841914,13922,1,1857,55,0.143865625508004,946363,38320,3,1343750144,160,39.41891642,26.02218504,0.0010000000474974,0.0010000000474974,39.41891642,26.02218504,0.0010000000474974,0.0010000000474974,56076.72247685,-999.0,0.6942087684149233,0.5706134522702986,0.4387191287646426,45.157670054161336,10.110080496137911,150.8911453502889,-31.0186912878088,-999,1,0,0,0,0,0,0,1121594000006507,1,0,2066,2523116944169633810,4102114,39.41891642,26.02218246,0.4499930143356323,0.422652006149292,55882.7709466,24.68160057067871,0.8117499947547913,24.96109962463379,0.0333410017192363,-999.0,-999.0,35651585,4,196608,8,1448.56005859375,560.4039916992188,1.799970030784607,1.6906100511550903,1.2744499444961548,1.2163200378417969,-14.234700202941896,0.406697005033493,-999.0,0.9991329908370972,0.9991329908370972,1.3974599838256836,-999.0,-999.0,-999.0,-999.0,-999.0,4.868040264227602e-07,3.951629992116068e-07,3.763319966765266e-07,1.2547100247672915e-08,0.902191996574402,3.25,-999.0,-999.0,-999.0,946.0,-999.0,1.4766100342455957e-08,5.5702201962049e-07,24.974300384521484,0.25,2066,2523169177951275026,4296700,39.41891671,26.02218508,0.1973980069160461,0.1850219964981079,56195.1524026,23.37809944152832,0.3635309934616089,23.047300338745117,0.0114240003749728,-999.0,-999.0,35651585,4,196608,6,1448.56005859375,560.4039916992188,0.7895920276641846,0.7400850057601929,1.2917100191116333,1.239359974861145,-84.36710357666016,0.1927080005407333,-999.0,0.9996520280838012,0.9996520280838012,1.377879977226257,-999.0,-999.0,-999.0,-999.0,-999.0,1.6172100458788918e-06,5.879060154256877e-07,2.19312005356187e-06,2.5053900287730357e-08,0.884194016456604,3.0,-999.0,-999.0,-999.0,1360.0,-999.0,2.1789499982105553e-08,6.685160087727127e-07,24.99839973449707,0.25,2066,2523103828950124562,4053256,39.41890193,26.0221879,0.0545931011438369,0.0508452989161014,56152.0322447,22.742300033569336,0.1288720071315765,22.53260040283203,0.0085119996219873,22.739500045776367,0.2053589969873428,35651585,0,196608,13,1448.739990234375,560.4429931640625,0.2183720022439956,0.2033810019493103,0.9531970024108888,0.9423609972000122,-62.907501220703125,0.2961150109767914,0.0232305992394685,0.9982370138168336,0.9982370138168336,1.1267999410629272,0.1376000046730041,-0.0140747996047139,0.1326469928026199,0.8362389802932739,0.5671849846839905,2.9044699658697937e-06,3.743039940218296e-07,3.523419991324772e-06,2.9990300021154326e-08,0.856685996055603,2.25,2.9121799798303982e-06,5.980439823360939e-07,2.09060001373291,1530.0,2.269619941711426,2.1266099992089952e-08,6.568150183738908e-07,25.03459930419922,0.25,2066,2523104764179253266,4056740,39.41891671,26.02218411,0.1818660050630569,0.1704200059175491,56077.0392398,23.06209945678711,0.4134239852428436,-999.0,0.0214300006628036,-999.0,-999.0,35651585,4,196608,14,1448.56005859375,560.4039916992188,0.7274630069732666,0.6816790103912354,1.1025099754333496,1.0705000162124634,8.7633695602417,0.4794700145721435,-999.0,0.9977329969406128,0.9977329969406128,1.1265499591827393,-999.0,-999.0,-999.0,-999.0,-999.0,2.1636099063471192e-06,8.944859928305959e-07,-1.0078699688165216e-06,2.1598900445951585e-08,0.8753520250320435,2.5,-999.0,-999.0,-999.0,780.0,-999.0,4.9831101023301017e-08,1.5555899608443724e-06,25.006099700927734,0.25,2066,2523108762525370386,4071635,39.41891641,26.02218504,0.1720259934663772,0.1619649976491928,56076.6176255,22.58139991760254,0.4900949895381927,22.161399841308594,0.0093179997056722,-999.0,-999.0,35651585,4,196608,14,1448.56005859375,560.4039916992188,0.6881049871444702,0.6478610038757324,0.7792750000953674,0.7470399737358093,-63.531700134277344,1.2145600318908691,-999.0,0.9988830089569092,0.9988830089569092,1.2566299438476562,-999.0,-999.0,-999.0,-999.0,-999.0,3.3685300877550617e-06,1.6509000033693155e-06,4.959380021318793e-06,4.620930127430256e-08,0.8405370116233826,2.0,-999.0,-999.0,-999.0,970.0,-999.0,1.4608400533688837e-07,3.4567499369586585e-06,25.045499801635746,0.25,0.0166445116760424,,,,,,,,,,,,,,,,,
PSO J023743.622+260101.678,-999,-999,-999,139220394317661121,946363000055653,164583146839536,0,17564786920026,13922,1,1857,55,0.233052076057579,946363,38320,3,404226048,48,39.43175852,26.01713285,0.0010000000474974,0.0010000000474974,39.43175852,26.01713285,0.0010000000474974,0.0010000000474974,56076.72247685,-999.0,0.6941107323867918,0.5707936047105322,0.4386398887550334,45.16720516059806,10.101678823082928,150.90580892844173,-31.017805684442877,-999,2,0,0,0,0,0,0,1121594000006596,1,0,1856,2523116944169633600,4102114,39.43175841,26.01713027,0.1700920015573501,0.1597570031881332,55882.7709466,23.597400665283203,0.3068310022354126,24.497900009155273,0.0269370004534721,-999.0,-999.0,35651585,4,196608,8,1282.4300537109375,487.5419921875,0.6803669929504395,0.639028012752533,1.271980047225952,1.2048200368881226,-14.970100402832031,0.4255670011043548,-999.0,0.9991170167922974,0.9991170167922974,1.2554700374603271,-999.0,-999.0,-999.0,-999.0,-999.0,1.3214599903221824e-06,4.054649878071359e-07,5.765400032942125e-07,1.5530099872762548e-08,0.9003080129623413,3.25,-999.0,-999.0,-999.0,946.0,-999.0,1.6242399425436815e-08,5.620850060950033e-07,24.974300384521484,0.25,1856,2523169177951274816,4296700,39.43175882,26.01713286,0.0731265023350715,0.0685416013002395,56195.1524026,22.774999618530273,0.134671002626419,22.29780006408691,0.0080890003591775,-999.0,-999.0,35651585,4,196608,11,1282.4300537109375,487.5419921875,0.2925060093402862,0.2741659879684448,1.3051199913024902,1.247099995613098,89.12989807128906,0.1583680063486099,-999.0,0.9996600151062012,0.9996600151062012,1.4072799682617188,-999.0,-999.0,-999.0,-999.0,-999.0,2.818429948092671e-06,3.7955999232508475e-07,4.3739501052186824e-06,3.5381798824118966e-08,0.8797730207443237,3.0,-999.0,-999.0,-999.0,1360.0,-999.0,2.2712200120622583e-08,6.637960154876055e-07,24.99839973449707,0.25,1856,2523103828950124352,4053256,39.43176613,26.01713714,0.0547146014869213,0.0509583987295627,56152.0322447,22.55579948425293,0.12915900349617,22.396099090576172,0.0079929996281862,22.62070083618164,0.1708000004291534,35651585,0,196608,10,1282.3199462890625,487.60101318359375,0.218858003616333,0.2038329988718032,0.9548630118370056,0.9451640248298644,-52.14059829711914,0.3024320006370544,0.3629109859466553,0.998317003250122,0.998317003250122,1.1853100061416626,0.1093159988522529,0.0045291702263057,0.1348679959774017,0.6828609704971313,0.7743909955024719,3.449009909672895e-06,4.454699933376105e-07,3.995230144937523e-06,3.193520115019055e-08,0.8527560234069824,2.25,3.248650045861723e-06,5.548710078073782e-07,1.7071499824523926,1530.0,0.9098330140113832,2.212440008975136e-08,6.629330187024607e-07,25.03459930419922,0.25,1856,2523104764179253056,4056740,39.43175739,26.01711272,0.0667511969804763,0.0625500977039337,56077.0392398,22.00909996032715,0.1517409980297088,22.345600128173828,0.0110769998282194,-999.0,-999.0,35651585,0,196608,14,1282.449951171875,487.2659912109375,0.2670040130615234,0.2502000033855438,1.0916600227355957,1.057770013809204,7.077829837799072,0.5109260082244873,-0.0368834994733333,0.9966369867324828,0.9966369867324828,1.213670015335083,0.0966115966439247,0.0101530002430081,0.2159699946641922,-999.0,-0.5366790294647217,5.706529918825254e-06,8.65913989400724e-07,4.185460056760348e-06,4.636369865806955e-08,0.8689860105514526,2.5,-999.0,-999.0,-999.0,780.0,-2.087049961090088,4.6650900031863785e-08,1.5414799463542297e-06,25.006099700927734,0.25,1856,2523108762525370176,4071635,39.43175852,26.01713285,0.2064509987831115,0.1943760067224502,56076.6176255,22.661500930786133,0.5881680250167847,21.92770004272461,0.0083670001477003,-999.0,-999.0,35651585,4,196608,13,1282.4300537109375,487.5419921875,0.8258020281791687,0.7775049805641174,0.7779009938240051,0.7471460103988647,-63.08620071411133,1.2127900123596191,-999.0,0.9988909959793092,0.9988909959793092,1.3502899408340454,-999.0,-999.0,-999.0,-999.0,-999.0,3.1290899187297327e-06,1.8404299453322892e-06,6.150440185592743e-06,5.1459899452765974e-08,0.8355630040168762,2.0,-999.0,-999.0,-999.0,970.0,-999.0,1.648540006726762e-07,3.4151501040469157e-06,25.045499801635746,0.25,0.0101818828304222,,,,,,,,,,,,,,,,,
PSO J023745.415+260048.999,-999,-999,-999,139210394392166888,946363000055737,164583146839620,0,17564786923882,13921,1,1857,55,0.0412932671991114,946363,38320,3,1343750144,160,39.43923317,26.01361088,0.0010000000474974,0.0010000000474974,39.43923317,26.01361088,0.0010000000474974,0.0010000000474974,56106.49697917,-999.0,0.6940570846355821,0.5709012791711722,0.4385846471410914,45.17257111242199,10.096236566409956,150.9146590380223,-31.017803592653607,-999,2,0,0,0,0,0,0,1121594000006652,1,0,1706,2523116944169633450,4102114,39.43923654,26.013622,0.95939701795578,0.901103973388672,55882.7709466,-999.0,1.7306699752807615,-999.0,0.018385000526905,-999.0,-999.0,35651585,4,196608,9,1185.6800537109375,436.9670104980469,3.837589979171753,3.604419946670532,1.2706400156021118,1.1992700099945068,-15.119199752807615,0.4369960129261017,-999.0,0.9984210133552552,0.9984210133552552,1.2581499814987185,-999.0,-999.0,-999.0,-999.0,-999.0,-2.1829200136380683e-07,3.77790996708427e-07,-1.162650050900993e-06,2.137510080046923e-08,0.904075026512146,3.25,-999.0,-999.0,-999.0,946.0,-999.0,8.479760005286607e-09,5.734580099669984e-07,24.974300384521484,0.25,1706,2523169177951274666,4296700,39.43923702,26.01362458,1.104889988899231,1.0356199741363523,56195.1524026,25.570999145507812,2.0347800254821777,-999.0,0.0149870002642273,-999.0,-999.0,35651585,4,196608,8,1185.6800537109375,436.9670104980469,4.419559955596924,4.142449855804443,1.3084399700164795,1.2478400468826294,86.04399871826172,0.145015001296997,-999.0,0.998998999595642,0.998998999595642,1.469059944152832,-999.0,-999.0,-999.0,-999.0,-999.0,2.1458200194501842e-07,4.366270047739818e-07,-1.1903099448318244e-06,1.7839500543459508e-08,0.8974570035934448,3.0,-999.0,-999.0,-999.0,1360.0,-999.0,1.678889915979198e-08,6.677599913018639e-07,24.99839973449707,0.25,1706,2523103828950124202,4053256,39.43921612,26.0136101,0.0599215999245643,0.0558078996837139,56152.0322447,22.810800552368164,0.1414500027894973,22.42889976501465,0.0081150000914931,22.721099853515625,0.2031289935111999,35667969,0,196608,12,1185.93994140625,436.7550048828125,0.2396859973669052,0.2232310026884079,0.9565830230712892,0.9463300108909608,-45.4640007019043,0.3041059970855713,0.0006355619989335,0.9980279803276062,0.9980279803276062,1.1429400444030762,0.1545110046863556,-0.0149988997727632,0.1233820021152496,0.7778329849243164,0.8345159888267517,2.7269300062471302e-06,3.857250021610526e-07,3.876580194628332e-06,3.145740024024235e-08,0.8724049925804138,2.25,2.961779955512611e-06,6.016219913362875e-07,1.9445799589157104,1530.0,3.4159700870513916,1.715429931437029e-08,6.7566702455224e-07,25.03459930419922,0.25,1706,2523104764179252906,4056740,39.43923705,26.01362364,0.0984561964869499,0.0922596976161003,56077.0392398,22.4330997467041,0.223813995718956,23.519800186157227,0.019022999331355,-999.0,-999.0,35651585,4,196608,14,1185.6800537109375,436.9670104980469,0.3938240110874176,0.3690379858016968,1.0853699445724487,1.0503599643707275,6.188720226287842,0.5292500257492065,-999.0,0.9973049759864808,0.9973049759864808,1.159749984741211,-999.0,-999.0,-999.0,-999.0,-999.0,3.861679942929186e-06,8.6429798784593e-07,1.4192900152920629e-06,2.6998600688443733e-08,0.8849009871482849,2.5,-999.0,-999.0,-999.0,780.0,-999.0,3.885719834784141e-08,1.5281400465028128e-06,25.006099700927734,0.25,1706,2523108762525370026,4071635,39.43923672,26.01362458,0.0742437988519668,0.0699016004800796,56076.6176255,21.70549964904785,0.2115170061588287,21.11280059814453,0.0057489997707307,-999.0,-999.0,35651585,4,196608,15,1185.6800537109375,436.9670104980469,0.2969749867916107,0.2796060144901275,0.7767900228500366,0.7469689846038818,-62.88690185546875,1.2017899751663208,-999.0,0.9974820017814636,0.9974820017814636,1.2518500089645386,-999.0,-999.0,-999.0,-999.0,-999.0,7.5474399636732414e-06,1.596410015736183e-06,1.3028599823883267e-05,7.489710185382138e-08,0.8455110192298889,2.0,-999.0,-999.0,-999.0,970.0,-999.0,1.619430065602501e-07,3.4746599339996465e-06,25.045499801635746,0.25,0.0118986477780155,,,,,,,,,,,,,,,,,
PSO J023745.415+260048.999,-999,-999,-999,139210394392166888,946363000055737,164583146839620,0,17564786923882,13921,1,1857,55,0.0412932671991114,946363,38320,3,1343750144,160,39.43923317,26.01361088,0.0010000000474974,0.0010000000474974,39.43923317,26.01361088,0.0010000000474974,0.0010000000474974,56106.49697917,-999.0,0.6940570846355821,0.5709012791711722,0.4385846471410914,45.17257111242199,10.096236566409956,150.9146590380223,-31.017803592653607,-999,2,0,0,0,0,0,0,1121788000006948,0,0,1610,2523116941485278794,4102104,39.43923261,26.01360859,0.9054340124130248,0.8433610200881958,55907.0427922,-999.0,1.766690015792847,-999.0,0.0277839992195367,-999.0,-999.0,35651585,4,0,8,1185.739990234375,6221.77001953125,3.621740102767944,3.3734500408172607,1.2509900331497192,1.1895099878311155,-32.6348991394043,0.4072889983654022,-999.0,0.9991049766540528,0.9991049766540528,1.276479959487915,-999.0,-999.0,-999.0,-999.0,-999.0,-2.1301700314779737e-07,3.7633398619618674e-07,-6.07930019214109e-07,1.6890599141561324e-08,0.8930360078811646,3.0,-999.0,-999.0,-999.0,774.0,-999.0,1.2673900151582984e-08,5.719400064663205e-07,24.99959945678711,0.25,1610,2523169164261066314,4296649,39.43923475,26.01360929,3.228260040283203,3.059540033340454,56143.7089132,-999.0,6.290830135345459,-999.0,0.0259840004146099,-999.0,-999.0,35651585,4,0,8,1185.739990234375,6221.77001953125,12.913000106811523,12.238200187683104,1.2713299989700315,1.2390600442886353,88.98639678955078,0.0924718976020813,-999.0,0.9989590048789978,0.9989590048789978,1.5620499849319458,-999.0,-999.0,-999.0,-999.0,-999.0,-6.858709866719438e-08,4.3146999928467267e-07,-5.632800252897141e-07,1.4636300171844141e-08,0.8891630172729492,2.75,-999.0,-999.0,-999.0,940.0,-999.0,8.457430311636926e-09,7.065900149427762e-07,25.016799926757812,0.25,1610,2523103827071075914,4053249,39.43922473,26.01359663,0.0617439001798629,0.0583742000162601,56073.3648704,22.860200881958008,0.1461289972066879,22.472900390625,0.0094170002266764,22.910999298095703,0.2230039983987808,35651585,0,0,13,1185.8399658203125,6221.56982421875,0.2469750046730041,0.2334969937801361,0.978340983390808,0.960470974445343,-63.369998931884766,0.2633759975433349,0.0065052499994635,0.9983659982681274,0.9983659982681274,1.1759799718856812,0.1573729962110519,-0.0063982000574469,0.1232649981975555,0.7222070097923279,0.7886679768562317,2.605720055726124e-06,3.807699897606654e-07,3.722630026459228e-06,3.505779844203971e-08,0.8606160283088684,2.25,2.4865300929377554e-06,5.545040266952128e-07,1.8055200576782229,1170.0,2.7211599349975586,2.5047400598054992e-08,6.884329764034192e-07,25.041000366210938,0.25,1610,2523104761763333706,4056731,39.43923256,26.01361088,0.1019899994134903,0.0985556989908218,56119.4142644,22.44029998779297,0.2230159938335418,23.525400161743164,0.0206129997968673,-999.0,-999.0,35651585,4,0,14,1185.739990234375,6221.77001953125,0.4079610109329223,0.3942239880561828,1.08010995388031,1.0584700107574463,7.337860107421875,0.4601840078830719,-999.0,0.997596025466919,0.997596025466919,1.1564899682998655,-999.0,-999.0,-999.0,-999.0,-999.0,3.8361599763447884e-06,8.555239787710889e-07,1.412019969393441e-06,2.9105299503839888e-08,0.8817179799079895,2.5,-999.0,-999.0,-999.0,660.0,-999.0,5.1796398281567235e-08,1.4733899433849729e-06,25.017499923706055,0.25,1610,2523108760109450826,4071626,39.43923317,26.01360985,0.0810626968741417,0.0767149999737739,56051.8582931,21.818700790405273,0.2347320020198822,21.2283992767334,0.006448000203818,-999.0,-999.0,35651585,4,0,16,1185.739990234375,6221.77001953125,0.3242509961128235,0.3068599998950958,0.8025569915771484,0.7642210125923157,-71.36270141601562,1.2285499572753906,-999.0,0.9983159899711608,0.9983159899711608,1.255660057067871,-999.0,-999.0,-999.0,-999.0,-999.0,6.800350092817098e-06,1.5962599491103902e-06,1.1711899787769651e-05,7.551909675385104e-08,0.8554580211639404,2.0,-999.0,-999.0,-999.0,860.0,-999.0,2.2224300266771027e-07,3.423670023039449e-06,25.05430030822754,0.25,0.0118986477780155,,,,,,,,,,,,,,,,,
PSO J023744.591+260113.493,-999,-999,-999,139220394357875061,946363000055701,164583146839584,0,17564786928162,13922,1,1857,55,0.005303361458055,946363,38320,3,404226048,48,39.43579995,26.02041494,0.0010000000474974,0.0010000000474974,39.43579995,26.02041494,0.0010000000474974,0.0010000000474974,56076.72247685,-999.0,0.694051061576219,0.5708266014980152,0.438691366392307,45.17175032115414,10.103663638138762,150.90778248955016,-31.013212047658826,-999,2,0,0,0,0,0,0,1121594000006628,1,0,1776,2523116944169633520,4102114,39.43579995,26.0204124,0.1301860064268112,0.1222760006785392,55882.7709466,23.48550033569336,0.2348439991474151,22.779699325561523,0.0122100003063678,-999.0,-999.0,35651585,4,196608,10,1230.0999755859375,534.7730102539062,0.5207430124282837,0.4891029894351959,1.2714899778366089,1.202739953994751,-14.91189956665039,0.4311600029468536,-999.0,0.9982820153236388,0.9982820153236388,1.3256700038909912,-999.0,-999.0,-999.0,-999.0,-999.0,1.464940055484476e-06,3.440320028857969e-07,2.8060999284207355e-06,3.4261798731449744e-08,0.9097260236740112,3.25,-999.0,-999.0,-999.0,946.0,-999.0,1.0525200266897627e-08,5.652199774885958e-07,24.974300384521484,0.25,1776,2523169177951274736,4296700,39.43580042,26.02041494,0.1265140026807785,0.1185820028185844,56195.1524026,23.104400634765625,0.2329909950494766,22.390600204467773,0.0084429997950792,-999.0,-999.0,35651585,4,196608,8,1230.0999755859375,534.7730102539062,0.5060570240020752,0.4743280112743377,1.3040200471878052,1.2458900213241575,87.6250991821289,0.1548919975757599,-999.0,0.9990249872207642,0.9990249872207642,1.3169900178909302,-999.0,-999.0,-999.0,-999.0,-999.0,2.0807599412364652e-06,4.847980221711623e-07,4.0155300666810945e-06,3.390119829305149e-08,0.8974570035934448,3.0,-999.0,-999.0,-999.0,1360.0,-999.0,2.1684199325022743e-08,6.615829875045165e-07,24.99839973449707,0.25,1776,2523103828950124272,4053256,39.43578712,26.02042014,0.052030399441719,0.0484585016965866,56152.0322447,22.710599899291992,0.1228220015764236,21.813100814819336,0.0061110001988708,21.589799880981445,0.0992790013551712,35667969,0,196608,13,1230.260009765625,534.844970703125,0.2081210017204284,0.1938340067863464,0.9560409784317015,0.9457719922065736,-48.70610046386719,0.3025349974632263,2.2493599945336908e-20,0.9978209733963012,0.9978209733963012,1.181980013847351,0.2150709927082061,-0.009105909615755,0.1475329995155334,1.210360050201416,0.9099400043487548,2.9906700547144283e-06,3.6732100738845475e-07,6.835120075265877e-06,4.177070067612476e-08,0.8645449876785278,2.25,8.396230441576336e-06,8.335720167451655e-07,3.025899887084961,1530.0,9.24979019165039,1.9291700681378643e-08,6.654149729001801e-07,25.03459930419922,0.25,1776,2523104764179252976,4056740,39.43579066,26.02045968,0.0749386027455329,0.0702221989631652,56077.0392398,22.011999130249023,0.1703529953956604,21.822900772094727,0.0087069999426603,21.881500244140625,0.1997999995946884,35651585,0,196608,13,1230.219970703125,535.4310302734375,0.2997539937496185,0.2808879911899566,1.088260054588318,1.0537699460983276,6.590010166168213,0.5208150148391724,0.0981730967760086,0.996263027191162,0.996263027191162,1.1262600421905518,0.2024839967489242,-0.0387245006859302,0.2078530043363571,0.8148639798164368,0.5674319863319397,5.690939815394813e-06,9.6946803296305e-07,6.773790119041223e-06,5.898240118540343e-08,0.8658030033111572,2.5,6.417809800041141e-06,1.2822799817513442e-06,2.0371599197387695,780.0,1.6537799835205078,3.9380299909907996e-08,1.547090050735278e-06,25.006099700927734,0.25,1776,2523108762525370096,4071635,39.43580012,26.02041494,0.1797669976949691,0.1692530065774917,56076.6176255,22.672300338745117,0.5121470093727112,21.799699783325195,0.0078880004584789,-999.0,-999.0,35651585,4,196608,15,1230.0999755859375,534.7730102539062,0.7190669775009155,0.677012026309967,0.7771779894828796,0.7469879984855652,-63.033599853515625,1.2020200490951538,-999.0,0.9968309998512268,0.9968309998512268,1.280959963798523,-999.0,-999.0,-999.0,-999.0,-999.0,3.0981200325186364e-06,1.58669001848466e-06,6.920230134710437e-06,5.4585399311690714e-08,0.8455110192298889,2.0,-999.0,-999.0,-999.0,970.0,-999.0,1.701720009350538e-07,3.4605800465215e-06,25.045499801635746,0.25,0.0146980480310068,,,,,,,,,,,,,,,,,
PSO J023743.924+260059.774,-999,-999,-999,139220394330000498,946363000019889,164583146802608,0,17564786930981,13922,1,1857,55,0.199676955304739,946363,38320,3,436527104,52,39.43301721,26.01660405,0.0010000000474974,0.0010000000474974,39.43297971,26.0165917,0.006620000116527,0.007139999885112,55903.47278935,1.3595999479293823,0.6941017662594745,0.5708110301426975,0.4386314009996435,45.168092674160434,10.100822219935717,150.90723625157446,-31.01777508063613,-999,6,52,2,11,11,12,16,1121594000004847,1,1,1832,2523116944169633576,4102114,39.43302768,26.01664766,0.0546570010483264,0.0513360984623432,55882.7709466,22.205400466918945,0.0985969975590705,22.288999557495117,0.0097399996593594,22.35420036315918,0.1460359990596771,195035141,655360,196608,6,1266.010009765625,480.5830078125,0.2186280041933059,0.2053440064191818,1.2717599868774414,1.203879952430725,-14.996800422668455,0.4275070130825043,-0.8681300282478333,0.9976890087127686,0.9976890087127686,1.30826997756958,0.2221750020980835,-0.0282758008688688,0.2197950035333633,0.964380979537964,0.8425480127334595,4.762719981954433e-06,4.695880022609345e-07,4.409449957165634e-06,4.29487982955834e-08,0.8946580290794373,3.25,4.1524599510012195e-06,6.064090030122316e-07,2.410949945449829,946.0,-0.166033998131752,1.4889099730908129e-08,5.640520157612627e-07,24.974300384521484,0.25,1832,2523169177951274792,4296700,39.43300675,26.01661288,0.0150741003453731,0.0159967001527547,56195.1524026,20.812400817871097,0.0235929992049932,20.852699279785156,0.0041579999960958,20.930200576782227,0.0340240001678466,262144069,524416,196608,12,1266.280029296875,480.0450134277344,0.0602964013814926,0.0639866963028907,1.305649995803833,1.247249960899353,88.5988998413086,0.156138002872467,0.7110660076141357,0.9986429810523988,0.9986429810523988,1.4423099756240845,0.1951150000095367,-0.0127373998984694,0.2240069955587387,0.8911120295524597,0.7661719918251038,1.7180600480060093e-05,4.053480040511204e-07,1.6554600733797997e-05,6.883389858103328e-08,0.8974570035934448,3.0,1.5414099834742956e-05,5.244550038696616e-07,2.2277801036834717,1360.0,0.3704249858856201,2.1769299252127897e-08,6.644179961767804e-07,24.99839973449707,0.25,1832,2523103828950124328,4053256,39.43298562,26.01659521,0.0043857698328793,0.0043900101445615,56152.0322447,19.54010009765625,0.0089480001479387,19.542699813842773,0.0021480000577867,19.643800735473633,0.0143719995394349,262144069,524416,196608,12,1266.550048828125,479.7879943847656,0.0175430998206138,0.0175599996000528,0.9551270008087158,0.9453750252723694,-50.995399475097656,0.3027069866657257,0.6602470278739929,0.9983530044555664,0.9983530044555664,1.1737300157546997,0.1179940029978752,-0.0049593499861657,0.1214450001716613,0.9003040194511414,0.7137629985809326,5.545530075323768e-05,4.962150228493556e-07,5.532490104087629e-05,1.1883899730946724e-07,0.8606160283088684,2.25,5.040740143158473e-05,7.244510129567061e-07,2.250760078430176,1530.0,0.4395720064640045,2.1420099471924914e-08,6.651420108028105e-07,25.03459930419922,0.25,1832,2523104764179253032,4056740,39.43298562,26.01659359,0.0066565000452101,0.0064501999877393,56077.0392398,18.95709991455078,0.0113460002467036,18.93269920349121,0.0023010000586509,19.04700088500977,0.0170040000230073,262144069,524416,196608,13,1266.56005859375,479.781005859375,0.0266260001808404,0.0258007999509573,1.090620040893555,1.0565500259399414,6.927090167999268,0.5139399766921997,0.6346799731254578,0.9971799850463868,0.9971799850463868,1.1778899431228638,0.1626079976558685,-0.0041641797870397,0.1579300016164779,0.9399949908256532,0.8092870116233826,9.488010255154222e-05,1.076499984264956e-06,9.703409887151793e-05,2.2323800408230457e-07,0.8658030033111572,2.5,8.73339013196528e-05,1.4849999843136177e-06,2.349989891052246,780.0,0.4751499891281128,4.5373599988352e-08,1.5392399745906005e-06,25.006099700927734,0.25,1832,2523108762525370152,4071635,39.43297866,26.01659436,0.0064089698716998,0.0065630702301859,56076.6176255,18.66160011291504,0.0144530003890395,18.595600128173828,0.001803999999538,18.75429916381836,0.0234619993716478,262144069,524416,196608,14,1266.6400146484375,479.7789916992187,0.0256358999758958,0.0262522995471954,0.7777209877967834,0.7471179962158203,-63.054500579833984,1.2109899520874023,0.0763602033257484,0.9983620047569276,0.9983620047569276,1.3648899793624878,0.1057669967412948,-0.0040339599363505,0.1105370000004768,0.8394889831542969,0.7243710160255432,0.0001245500025106,1.8000799855144578e-06,0.0001323629985563,2.387259883107618e-07,0.8455110192298889,2.0,0.0001143609988503,2.683140110093518e-06,2.098720073699951,970.0,1.7722100019454956,1.6402600522269497e-07,3.4255899663548917e-06,25.045499801635746,0.25,0.0100919165912844,,,,,,,,,,,,,,,,,
PSO J023743.924+260059.774,-999,-999,-999,139220394330000498,946363000019889,164583146802608,0,17564786930981,13922,1,1857,55,0.199676955304739,946363,38320,3,436527104,52,39.43301721,26.01660405,0.0010000000474974,0.0010000000474974,39.43297971,26.0165917,0.006620000116527,0.007139999885112,55903.47278935,1.3595999479293823,0.6941017662594745,0.5708110301426975,0.4386314009996435,45.168092674160434,10.100822219935717,150.90723625157446,-31.01777508063613,-999,6,52,2,11,11,12,16,1121788000005465,0,1,-999,-999,-999,-999.0,-999.0,-999.0,-999.0,-999.0,-999.0,-999.0,-999.0,-999.0,-999.0,-999.0,-999,-999,-999,-999,-999.0,-999.0,-999.0,-999.0,-999.0,-999.0,-999.0,-999.0,-999.0,-999.0,-999.0,-999.0,-999.0,-999.0,-999.0,-999.0,-999.0,-999.0,-999.0,-999.0,-999.0,-999.0,-999.0,-999.0,-999.0,-999.0,-999.0,-999.0,-999.0,-999.0,-999.0,-999.0,-999,-999,-999,-999.0,-999.0,-999.0,-999.0,-999.0,-999.0,-999.0,-999.0,-999.0,-999.0,-999.0,-999,-999,-999,-999,-999.0,-999.0,-999.0,-999.0,-999.0,-999.0,-999.0,-999.0,-999.0,-999.0,-999.0,-999.0,-999.0,-999.0,-999.0,-999.0,-999.0,-999.0,-999.0,-999.0,-999.0,-999.0,-999.0,-999.0,-999.0,-999.0,-999.0,-999.0,-999.0,-999.0,-999.0,-999.0,1729,2523103827071076033,4053249,39.43305505,26.01638553,0.0271688997745513,0.0256862007081508,56073.3648704,21.23789978027344,0.064300000667572,21.599599838256836,0.0062989997677505,-999.0,-999.0,35651713,0,0,2,1265.6600341796875,6261.77001953125,0.1086760014295578,0.1027449965476989,0.978556990623474,0.9594020247459412,-66.6272964477539,0.2650400102138519,-0.1739570051431656,0.647741973400116,0.647741973400116,1.2280499935150146,0.1970259994268417,-0.0018019200069829,0.0538019984960556,-999.0,0.6222569942474365,1.1610500223468987e-05,7.465620228686021e-07,8.320729648403358e-06,5.2413199114198505e-08,0.4833590090274811,2.25,-999.0,-999.0,-999.0,1170.0,-1.3595999479293823,3.4752599020748676e-08,6.869390176689194e-07,25.041000366210938,0.25,-999,-999,-999,-999.0,-999.0,-999.0,-999.0,-999.0,-999.0,-999.0,-999.0,-999.0,-999.0,-999.0,-999,-999,-999,-999,-999.0,-999.0,-999.0,-999.0,-999.0,-999.0,-999.0,-999.0,-999.0,-999.0,-999.0,-999.0,-999.0,-999.0,-999.0,-999.0,-999.0,-999.0,-999.0,-999.0,-999.0,-999.0,-999.0,-999.0,-999.0,-999.0,-999.0,-999.0,-999.0,-999.0,-999.0,-999.0,-999,-999,-999,-999.0,-999.0,-999.0,-999.0,-999.0,-999.0,-999.0,-999.0,-999.0,-999.0,-999.0,-999,-999,-999,-999,-999.0,-999.0,-999.0,-999.0,-999.0,-999.0,-999.0,-999.0,-999.0,-999.0,-999.0,-999.0,-999.0,-999.0,-999.0,-999.0,-999.0,-999.0,-999.0,-999.0,-999.0,-999.0,-999.0,-999.0,-999.0,-999.0,-999.0,-999.0,-999.0,-999.0,-999.0,-999.0,0.0100919165912844,,,,,,,,,,,,,,,,,
PSO J023743.928+260059.080,-999,-999,-999,139220394330030060,946363000055669,164583146839552,0,17564786930999,13922,1,1857,55,0.537958330044484,946363,38320,3,1075314688,128,39.43303688,26.01641135,0.0010000000474974,0.0010000000474974,39.43303688,26.01641135,0.0010000000474974,0.0010000000474974,56055.50605324,-999.0,0.694102263090534,0.570812599692771,0.4386285722619758,45.16808508635483,10.1006348435823,150.9073871021475,-31.017910920208063,-999,3,0,0,0,0,0,0,1121788000006922,0,0,1729,2523116941485278913,4102104,39.43306978,26.01640839,0.297309011220932,0.2769269943237304,55907.0427922,23.47949981689453,0.5801100134849548,24.86090087890625,0.034961000084877,-999.0,-999.0,35651585,4,131072,0,1265.4599609375,6262.1298828125,1.1892399787902832,1.1077100038528442,1.2492899894714355,1.1889100074768066,-33.043800354003906,0.4082410037517547,-999.0,0.5266559720039368,0.4353370070457458,1.3263399600982666,-999.0,-999.0,-999.0,-999.0,-999.0,1.4729799886481487e-06,8.544910201635503e-07,4.126920032376802e-07,1.4428300332269828e-08,0.4885169863700866,3.0,-999.0,-999.0,-999.0,774.0,-999.0,1.6480200315527327e-08,5.708359935852059e-07,24.99959945678711,0.25,1729,2523169164261066433,4296649,39.43294755,26.01640065,0.0343214012682437,0.0325277000665664,56143.7089132,21.696699142456055,0.0668810009956359,22.205900192260746,0.0093219997361302,-999.0,-999.0,35651585,0,131072,4,1267.0699462890625,6262.009765625,0.1372860074043274,0.1301109939813614,1.271630048751831,1.240280032157898,-87.59329986572266,0.0999730974435806,-2.534000032028416e-06,0.7242410182952881,0.7242410182952881,1.439769983291626,0.1761859953403473,0.0031986199319362,0.0828251019120216,-999.0,0.6404659748077393,7.609110070916358e-06,5.089070214125968e-07,4.760359843203332e-06,4.4375401131446786e-08,0.5261319875717163,2.75,-999.0,-999.0,-999.0,940.0,-4.70536994934082,9.811209622512251e-09,7.108189947757637e-07,25.016799926757812,0.25,-999,-999,-999,-999.0,-999.0,-999.0,-999.0,-999.0,-999.0,-999.0,-999.0,-999.0,-999.0,-999.0,-999,-999,-999,-999,-999.0,-999.0,-999.0,-999.0,-999.0,-999.0,-999.0,-999.0,-999.0,-999.0,-999.0,-999.0,-999.0,-999.0,-999.0,-999.0,-999.0,-999.0,-999.0,-999.0,-999.0,-999.0,-999.0,-999.0,-999.0,-999.0,-999.0,-999.0,-999.0,-999.0,-999.0,-999.0,1729,2523104761763333825,4056731,39.43300397,26.01625285,0.0580640994012355,0.0561088994145393,56119.4142644,21.58139991760254,0.1269659996032714,22.08580017089844,0.0106220003217458,-999.0,-999.0,35651585,0,131072,13,1266.3199462890625,6259.85986328125,0.23225699365139,0.2244359999895095,1.0835100412368774,1.0624899864196775,7.395780086517334,0.4452109932899475,-0.1416130065917968,0.616087019443512,0.616087019443512,1.148859977722168,0.2226420044898986,0.0535583011806011,0.0520143993198871,-999.0,0.4734449982643127,8.461420293315314e-06,1.0743100347099244e-06,5.317369868862443e-06,5.64807010050572e-08,0.4742819964885711,2.5,-999.0,-999.0,-999.0,660.0,-1.4698100090026855,6.500440008494479e-08,1.47562002439372e-06,25.017499923706055,0.25,1729,2523108760109450945,4071626,39.43289779,26.01641431,0.0548278987407684,0.0518871992826461,56051.8582931,20.180599212646484,0.1587640047073364,20.07159996032715,0.0037849999498575,-999.0,-999.0,35651585,0,131072,1,1267.699951171875,6262.2001953125,0.2193119972944259,0.2075490057468414,0.8051409721374512,0.7663210034370422,-70.96209716796875,1.224429965019226,0.093978501856327,0.7500209808349609,0.7500209808349609,1.4633500576019287,0.1382479965686798,-0.0012511699460446,0.0814915969967842,-999.0,0.7237820029258728,3.0744398827664554e-05,4.881109816778917e-06,3.3991600503213704e-05,1.2865500309544586e-07,0.5222269892692566,2.0,-999.0,-999.0,-999.0,860.0,1.6747699975967407,2.3754300570999479e-07,3.4248998872499214e-06,25.05430030822754,0.25,0.009994014684588,,,,,,,,,,,,,,,,,
PSO J023742.303+260048.414,-999,-999,-999,139210394262576705,946363000019294,164583146802013,0,17564786950312,13921,1,1857,55,0.137533133977589,946363,38320,3,436527104,52,39.42626593,26.01344858,0.0010000000474974,0.0010000000474974,39.42625793,26.01344265,0.0046100001782178,0.0050200000405311,55899.91452546,2.4272000789642334,0.6941873482334622,0.570744905741161,0.4385820084352607,45.16126508061652,10.099715647839917,150.9027009864131,-31.02336979848431,-999,10,63,8,10,16,13,16,1121594000004806,1,1,1943,2523116944169633687,4102114,39.42626336,26.01345759,0.0147654004395008,0.0143705001100897,55882.7709466,20.467300415039062,0.0216390006244182,20.354799270629883,0.0039969999343156,20.635299682617188,0.0318210013210773,262144005,524416,196608,6,1353.5699462890625,434.7009887695313,0.059061799198389,0.0574820004403591,1.2729599475860596,1.208899974822998,-14.847299575805664,0.4171589910984039,0.3477649986743927,0.9991049766540528,0.9991049766540528,1.3189899921417236,0.2186570018529892,-0.0059899501502513,0.2171580046415329,0.9863970279693604,0.8566740155220032,2.3610100470250472e-05,5.10896995820076e-07,2.618590042402502e-05,1.0466300182088163e-07,0.9059590101242064,3.25,2.0224899344611913e-05,6.435719797082129e-07,2.4659900665283203,946.0,0.93893301486969,2.05256007745902e-08,5.620939873551833e-07,24.974300384521484,0.25,1943,2523169177951274903,4296700,39.42626107,26.0134497,0.0047815800644457,0.0050826901569962,56195.1524026,19.359899520874023,0.0076310001313686,19.307199478149418,0.0020409999415278,19.482200622558594,0.0107270004227757,262144069,524416,196608,10,1353.6099853515625,434.5499877929687,0.0191262997686862,0.020330699160695,1.3028899431228638,1.2462999820709229,-88.46530151367188,0.1681990027427673,0.5178899765014648,0.9997029900550842,0.9997029900550842,1.6759599447250366,0.1983889937400818,0.0002297339960932,0.2089560031890869,0.9845070242881776,0.8720059990882874,6.547090015374124e-05,4.995790163775382e-07,6.872440280858427e-05,1.40248999969117e-07,0.884194016456604,3.0,5.8497600548435e-05,6.27498025096429e-07,2.4612700939178467,1360.0,0.6466010212898254,2.2836799118408635e-08,6.678459953946003e-07,24.99839973449707,0.25,1943,2523103828950124439,4053256,39.42626747,26.01344675,0.0022216599900275,0.002226989949122,56152.0322447,18.8257999420166,0.0046109999530017,18.808900833129883,0.0015320000238716,18.919200897216797,0.0066550001502037,262144069,524416,196608,14,1353.52001953125,434.5050048828125,0.0088866297155618,0.0089079495519399,0.9537699818611144,0.9441159963607788,-57.38349914550781,0.3011949956417084,0.6018490195274353,0.9994519948959352,0.9994519948959352,1.4749699831008911,0.1194650009274482,-0.0021978600416332,0.119378000497818,0.9212729930877686,0.7729820013046265,0.0001070729995262,4.937249968861579e-07,0.0001087569980882,1.6661999779898906e-07,0.848825991153717,2.25,9.825029701460152e-05,6.538110142173537e-07,2.303179979324341,1530.0,0.5217429995536804,2.5166499995066264e-08,6.634789997406187e-07,25.03459930419922,0.25,1943,2523104764179253143,4056740,39.42627073,26.01344425,0.00431464985013,0.0041970401071012,56077.0392398,18.543800354003903,0.0073239998891949,18.519899368286133,0.0019020000472664,18.677000045776367,0.0109040001407265,262144069,524416,196608,15,1353.47998046875,434.4849853515625,0.0172585994005203,0.01678810082376,1.0962899923324585,1.0632200241088867,7.77292013168335,0.4974730014801025,0.7601590156555176,0.9978830218315125,0.9978830218315125,1.200260043144226,0.1594869941473007,0.0003865020116791,0.1559620052576065,0.9188830256462096,0.8026779890060425,0.0001388240052619,1.0168099606744363e-06,0.0001419220061507,2.699800063510338e-07,0.8658030033111572,2.5,0.0001228030014317,1.3390000503932242e-06,2.2972099781036377,780.0,0.3052709996700287,5.3552199119621946e-08,1.5334900353991543e-06,25.006099700927734,0.25,1943,2523108762525370263,4071635,39.42625967,26.01344924,0.0048337099142372,0.0050197299569845,56076.6176255,18.33340072631836,0.0109569998458027,18.31170082092285,0.0015829999465495,18.483400344848633,0.0187279991805553,262144069,524416,196608,14,1353.6199951171875,434.5429992675781,0.0193348005414009,0.0200788993388414,0.7787050008773804,0.7472689747810364,-63.223899841308594,1.2208800315856934,0.6851230263710022,0.999105989933014,0.999105989933014,1.2770899534225464,0.0979837998747825,0.0005523380241356,0.1034879982471466,0.8585540056228638,0.7257230281829834,0.0001685150054981,1.8464400000084424e-06,0.0001719120045891,2.720630050134787e-07,0.8405370116233826,2.0,0.000146777005284,2.748869974311674e-06,2.1463799476623535,970.0,0.4054819941520691,1.5227800531647517e-07,3.3917299333552364e-06,25.045499801635746,0.25,0.0059591336178483,,,,,,,,,,,,,,,,,
PSO J023742.303+260048.414,-999,-999,-999,139210394262576705,946363000019294,164583146802013,0,17564786950312,13921,1,1857,55,0.137533133977589,946363,38320,3,436527104,52,39.42626593,26.01344858,0.0010000000474974,0.0010000000474974,39.42625793,26.01344265,0.0046100001782178,0.0050200000405311,55899.91452546,2.4272000789642334,0.6941873482334622,0.570744905741161,0.4385820084352607,45.16126508061652,10.099715647839917,150.9027009864131,-31.02336979848431,-999,10,63,8,10,16,13,16,1121788000005435,0,1,1845,2523116941485279029,4102104,39.42626439,26.01345803,0.0143681997433304,0.0143219996243715,55907.0427922,20.50790023803711,0.0218620002269744,20.4148006439209,0.0045119998976588,20.656099319458008,0.0319150015711784,262144005,524416,0,6,1353.56005859375,6219.7001953125,0.057473000138998,0.0572880990803241,1.2474100589752195,1.188230037689209,-33.51350021362305,0.409292995929718,0.3746879994869232,0.9996860027313232,0.9996860027313232,1.305690050125122,0.2004750072956085,-0.0042911898344755,0.1978130042552948,0.9948959946632384,0.8468639850616455,2.2742000510334037e-05,4.97196992910176e-07,2.4779199520708065e-05,1.1180100045748986e-07,0.8930360078811646,3.0,1.9841399989672936e-05,6.332300017675152e-07,2.4872400760650635,774.0,0.8877260088920593,1.922120063113653e-08,5.711020207854745e-07,24.99959945678711,0.25,1845,2523169164261066549,4296649,39.4262639,26.01344792,0.004638509824872,0.0048416201025247,56143.7089132,19.37170028686523,0.0075520002283155,19.33320045471191,0.0024830000475049,19.484399795532227,0.0109679996967315,262144069,524416,0,10,1353.5899658203125,6219.5498046875,0.0185540001839399,0.0193665008991956,1.2721699476242063,1.2412899732589722,-83.8280029296875,0.1079550012946128,0.5386090278625488,0.9996280074119568,0.9996280074119568,1.8449699878692627,0.1849080026149749,-0.0004991950117982,0.1926369965076446,1.0136499404907229,0.8562080264091492,6.476399721577764e-05,4.890849822913879e-07,6.710110028507188e-05,1.6660500534726452e-07,0.8812710046768188,2.75,5.8378500398248434e-05,6.402780172720668e-07,2.5341200828552246,940.0,0.6149179935455322,1.0556200358280421e-08,7.145520157791907e-07,25.016799926757812,0.25,1845,2523103827071076149,4053249,39.42626967,26.01344566,0.0021489900536835,0.0021842299029231,56073.3648704,18.826799392700195,0.004420000128448,18.815399169921875,0.0017480000387877,18.940099716186523,0.0062660002149641,262144069,524416,0,15,1353.5,6219.5,0.0085959397256374,0.0087369196116924,0.9789149761199952,0.9581000208854676,-69.70089721679688,0.2668710052967071,-0.988336980342865,0.9992020130157472,0.9992020130157472,2.0229499340057373,0.1186110004782676,-0.0031785001046955,0.1194949969649314,0.88571697473526,0.766730010509491,0.0001069720019586,4.727660041226045e-07,0.0001081000009435,1.8891799413722765e-07,0.848825991153717,2.25,9.637379844207317e-05,6.03862986281456e-07,2.214289903640747,1170.0,-0.0146182002499699,4.171570111566325e-08,6.853759941805038e-07,25.041000366210938,0.25,1845,2523104761763333941,4056731,39.42627147,26.01344477,0.0042361700907349,0.0041643800213932,56119.4142644,18.560699462890625,0.0073589999228715,18.527700424194336,0.0020630001090466,18.673999786376953,0.0109559996053576,262144069,524416,0,15,1353.469970703125,6219.47998046875,0.0169447008520364,0.0166576001793146,1.0871700048446655,1.0668400526046753,7.463200092315674,0.4290159940719604,0.6839519739151001,0.9979889988899232,0.9979889988899232,1.292930006980896,0.1613630056381225,0.0007443290087394,0.158500999212265,0.9286620020866394,0.8042790293693542,0.0001366890064673,1.005889998850762e-06,0.0001409079995937,2.90748999987045e-07,0.8658030033111572,2.5,0.0001231450005434,1.349190029031888e-06,2.32165002822876,660.0,0.4070760011672973,7.242090305226156e-08,1.479589968766959e-06,25.017499923706055,0.25,1845,2523108760109451061,4071626,39.4262621,26.01344568,0.0051160198636353,0.0053579797968268,56051.8582931,18.36079978942871,0.0112549997866153,18.33049964904785,0.001698000007309,18.502099990844727,0.0190580002963542,262144069,524416,0,15,1353.5999755859375,6219.509765625,0.0204640999436378,0.0214319005608558,0.8078510165214539,0.7685179710388184,-70.5541000366211,1.2201100587844849,0.6873340010643005,0.9990540146827698,0.9990540146827698,1.2712700366973877,0.1031799986958503,0.0008302489877678,0.1092260032892227,0.896914005279541,0.7484710216522217,0.0001643129944568,1.8492600020181271e-06,0.0001689700002316,2.8684499397968466e-07,0.8355630040168762,2.0,0.000144260993693,2.749279929048498e-06,2.2422800064086914,860.0,0.4024760127067566,2.46224999500555e-07,3.437550049056881e-06,25.05430030822754,0.25,0.0059591336178483,,,,,,,,,,,,,,,,,
PSO J023742.410+260056.365,-999,-999,-999,139210394266599379,946363000019324,164583146802043,0,17564786950473,13921,1,1857,55,0.731361000548453,946363,38320,3,436285440,52,39.42671395,26.01570724,0.0010000000474974,0.0010000000474974,39.42671159,26.0156572,0.123259998857975,0.123259998857975,55480.32282407,2.0195000171661377,0.6941697344720731,0.5707396358984862,0.4386167435899306,45.162360543962976,10.10169234169918,150.90192200746833,-31.021219260672986,-999,6,2,0,1,1,0,0,1121594000004808,1,0,1936,2523116944169633680,4102114,39.42671904,26.01569783,0.2344039976596832,0.2201620042324066,55882.7709466,23.802499771118164,0.4228459894657135,22.46080017089844,0.0105419997125864,-999.0,-999.0,35651585,4,196608,5,1347.6500244140625,466.9570007324219,0.9376180171966552,0.8806489706039429,1.2728699445724487,1.2085599899291992,-14.858099937438965,0.4178600013256073,-999.0,0.9984179735183716,0.9984179735183716,1.199679970741272,-999.0,-999.0,-999.0,-999.0,-999.0,1.0940000265691197e-06,4.625950111858401e-07,3.764389930438483e-06,3.9683101249465835e-08,0.902191996574402,3.25,-999.0,-999.0,-999.0,946.0,-999.0,2.0103300357732223e-08,5.596199912361044e-07,24.974300384521484,0.25,1936,2523169177951274896,4296700,39.42665866,26.01565426,0.0774198025465011,0.0725656971335411,56195.1524026,22.767000198364254,0.1425770074129104,22.3794002532959,0.008399000391364,22.654699325561523,0.1827339977025985,35651585,0,196608,10,1348.43994140625,466.2919921875,0.3096790015697479,0.2902620136737823,1.3030500411987305,1.2463699579238892,-88.64459991455078,0.1674789935350418,0.3088540136814117,0.9996169805526732,0.9996169805526732,1.324489951133728,0.1413819938898086,0.0806611999869346,0.2384559959173202,0.8986790180206299,1.0083199739456177,2.839270109689096e-06,4.04815011734172e-07,4.057339992868947e-06,3.407719972869927e-08,0.8930360078811646,3.0,3.1487400065088877e-06,5.7537999964552e-07,2.2467000484466553,1360.0,1.0176299810409546,2.3758200740076063e-08,6.656080131506315e-07,24.99839973449707,0.25,1936,2523103828950124432,4053256,39.42670638,26.01571404,0.0462260991334915,0.0430526994168758,56152.0322447,22.58340072631836,0.1091210022568702,22.18600082397461,0.0072559998370707,22.366100311279297,0.1510549932718277,35651585,0,196608,12,1347.81005859375,467.1499938964844,0.1849039942026138,0.1722099930047989,0.9538519978523254,0.9442070126533508,-56.962501525878906,0.3012939989566803,0.0265638008713722,0.9975289702415466,0.9975289702415466,1.188349962234497,0.1072800010442733,0.0478136986494064,0.1902579963207245,0.904380977153778,0.727292001247406,3.3624698971834732e-06,3.669150032692414e-07,4.8485399020137265e-06,3.5180701019044136e-08,0.8724049925804138,2.25,4.107249878870789e-06,6.204210194482584e-07,2.260950088500977,1530.0,2.217869997024536,2.4541199294958463e-08,6.604129794141045e-07,25.03459930419922,0.25,1936,2523104764179253136,4056740,39.42680294,26.01564443,0.0706418976187706,0.066195897758007,56077.0392398,22.097299575805664,0.1605850011110305,21.77779960632324,0.0085279997438192,22.09630012512207,0.2123560011386871,35651585,0,196608,15,1346.5699462890625,466.1629943847656,0.2825669944286346,0.2647829949855804,1.0958399772644043,1.062690019607544,7.703609943389893,0.4987829923629761,0.4233250021934509,0.9965270161628724,0.9965270161628724,1.1511499881744385,0.1289359927177429,0.0740344002842903,0.1975290030241012,0.8077570199966431,0.4050120115280151,5.260989837552188e-06,8.448379844594456e-07,7.0613300522381905e-06,6.022119691806438e-08,0.8689860105514526,2.5,5.266039806883782e-06,1.1182800108144877e-06,2.019390106201172,780.0,0.8006659746170044,5.2213000145684425e-08,1.5397699826280586e-06,25.006099700927734,0.25,1936,2523108762525370256,4071635,39.42671909,26.01570043,0.1554470062255859,0.146356001496315,56076.6176255,22.42250061035156,0.4428609907627105,21.982500076293945,0.008581000380218,-999.0,-999.0,35651585,4,196608,13,1347.6500244140625,466.9570007324219,0.6217870116233826,0.5854219794273376,0.778639018535614,0.7472590208053589,-63.21269989013672,1.2202099561691284,-999.0,0.9974460005760192,0.9974460005760192,1.303699970245361,-999.0,-999.0,-999.0,-999.0,-999.0,3.8994398892100435e-06,1.7269099998884483e-06,5.847769898537081e-06,5.0177700217091115e-08,0.8504840135574341,2.0,-999.0,-999.0,-999.0,970.0,-999.0,1.578559931658674e-07,3.3902499581017764e-06,25.045499801635746,0.25,0.0080900321969721,,,,,,,,,,,,,,,,,
PSO J023742.410+260056.365,-999,-999,-999,139210394266599379,946363000019324,164583146802043,0,17564786950473,13921,1,1857,55,0.731361000548453,946363,38320,3,436285440,52,39.42671395,26.01570724,0.0010000000474974,0.0010000000474974,39.42671159,26.0156572,0.123259998857975,0.123259998857975,55480.32282407,2.0195000171661377,0.6941697344720731,0.5707396358984862,0.4386167435899306,45.162360543962976,10.10169234169918,150.90192200746833,-31.021219260672986,-999,6,2,0,1,1,0,0,1121788000005437,0,0,1833,2523116941485279017,4102104,39.42670828,26.01571662,0.2253739982843399,0.2099229991436004,55907.0427922,23.868499755859375,0.4397499859333038,22.78969955444336,0.0134690003469586,-999.0,-999.0,35651585,4,0,5,1347.7900390625,6252.22021484375,0.9014970064163208,0.8396940231323242,1.24753999710083,1.1882699728012085,-33.4822998046875,0.4092249870300293,-999.0,0.991824984550476,0.9912319779396056,1.202669978141785,-999.0,-999.0,-999.0,-999.0,-999.0,1.0294199910276802e-06,4.526870043264353e-07,2.7804098863271065e-06,3.745039833802366e-08,0.8421949744224548,3.0,-999.0,-999.0,-999.0,774.0,-999.0,1.9276299667581043e-08,5.708459980269254e-07,24.99959945678711,0.25,1833,2523169164261066537,4296649,39.42667623,26.01566488,0.0733074024319648,0.0694762021303176,56143.7089132,22.78580093383789,0.1428519934415817,22.149200439453125,0.0090819997712969,22.35029983520508,0.162551999092102,35651585,0,0,10,1348.239990234375,6251.47021484375,0.2932299971580505,0.2779049873352051,1.272130012512207,1.241230010986328,-84.06390380859375,0.1074580028653144,0.0060958201065659,0.998529016971588,0.998529016971588,1.5657999515533447,0.1735450029373169,0.0587920993566513,0.2663429975509643,1.045330047607422,0.7966499924659729,2.7905700790142873e-06,3.986390026966547e-07,5.0156299948866945e-06,4.554970089998278e-08,0.8812710046768188,2.75,4.167529823462246e-06,6.774379812668485e-07,2.6133201122283936,940.0,2.742579936981201,1.0612500211948372e-08,7.144329856600962e-07,25.016799926757812,0.25,1833,2523103827071076137,4053249,39.42668967,26.01571597,0.0482463017106056,0.0456131994724273,56073.3648704,22.636199951171875,0.1141839995980262,22.279699325561523,0.0086160004138946,22.496299743652344,0.1698250025510788,35651585,0,0,12,1348.0400390625,6252.18017578125,0.1929849982261657,0.1824530065059662,0.9788900017738342,0.9581850171089172,-69.52429962158203,0.2667570114135742,0.0567244999110698,0.9958580136299132,0.9958580136299132,1.2142599821090698,0.1093759983777999,0.0456706993281841,0.1872150003910064,0.9034680128097534,0.5461739897727966,3.2025900509324856e-06,3.656849969502219e-07,4.447480023372918e-06,3.8319299733302614e-08,0.8606160283088684,2.25,3.643159971034038e-06,6.187009944369493e-07,2.2586700916290283,1170.0,1.90542995929718,4.184769863968541e-08,6.8546000875358e-07,25.041000366210938,0.25,1833,2523104761763333929,4056731,39.42680311,26.01564516,0.0765829011797905,0.0740042030811309,56119.4142644,22.15570068359375,0.1674599945545196,21.912200927734375,0.0098059996962547,22.238000869750977,0.2322340011596679,35651585,0,0,15,1346.5699462890625,6251.16015625,0.306331992149353,0.2960169911384582,1.0868799686431885,1.066499948501587,7.457670211791992,0.4302990138530731,0.6543610095977783,0.9966549873352052,0.9966549873352052,1.1186699867248535,0.1253609955310821,0.0747281983494758,0.1971489936113357,0.7776780128479004,0.500531017780304,4.98570989293512e-06,8.349049949174514e-07,6.239100002858322e-06,6.118040118963108e-08,0.8689860105514526,2.5,4.621469997800887e-06,1.0732600230767275e-06,1.944200038909912,660.0,0.4477120041847229,7.315080097214377e-08,1.4789800388825824e-06,25.017499923706055,0.25,1833,2523108760109451049,4071626,39.42670885,26.0157179,0.1458300054073333,0.1380079984664917,56051.8582931,22.33889961242676,0.4222770035266876,22.101499557495117,0.0096389995887875,-999.0,-999.0,35651585,4,0,13,1347.7900390625,6252.22021484375,0.5833190083503723,0.5520340204238892,0.8076670169830322,0.7683699727058411,-70.5813980102539,1.2204099893569946,-999.0,0.9978049993515016,0.9978049993515016,1.2438299655914309,-999.0,-999.0,-999.0,-999.0,-999.0,4.211579835100565e-06,1.7784500414563809e-06,5.240960035735043e-06,5.051819940149471e-08,0.8554580211639404,2.0,-999.0,-999.0,-999.0,860.0,-999.0,2.4680900878593093e-07,3.4348900044278707e-06,25.05430030822754,0.25,0.0080900321969721,,,,,,,,,,,,,,,,,
PSO J023742.908+260102.944,-999,-999,-999,139220394287841554,946363000019515,164583146802234,0,17564786951775,13922,1,1857,55,0.0166446464291258,946363,38320,3,1375809536,164,39.42884874,26.01747074,0.0010000000474974,0.0010000000474974,39.42878554,26.01748453,0.152329996228218,0.152329996228218,55890.28766204,-999.0,0.6941382693248689,0.5707558777445132,0.4386454047163449,45.16473840292043,10.102846725654873,150.9028575697906,-31.018735307433545,-999,1,1,0,1,0,0,0,1121594000004821,1,0,1906,2523116944169633650,4102114,39.42884874,26.01747074,1.0954899787902832,1.0289299488067627,55882.7709466,25.295799255371097,1.9761699438095093,23.60810089111328,0.0178800001740455,-999.0,-999.0,35651585,4,196608,3,1320.0799560546875,492.468994140625,4.381969928741455,4.115729808807373,1.2725000381469729,1.2069799900054932,-14.906700134277344,0.4211179912090301,-999.0,0.9977980256080629,0.9977980256080629,1.1686999797821045,-999.0,-999.0,-999.0,-999.0,-999.0,2.765009980976174e-07,5.464149808176444e-07,1.3085000318824314e-06,2.3396200532488365e-08,0.8946580290794373,3.25,-999.0,-999.0,-999.0,946.0,-999.0,1.9572999221395552e-08,5.580869810728473e-07,24.974300384521484,0.25,1906,2523169177951274866,4296700,39.42887485,26.01746355,0.103752002120018,0.0972469002008438,56195.1524026,23.14310073852539,0.1910710036754608,22.91710090637207,0.0107589997351169,23.17099952697754,0.2714099884033203,35651585,0,196608,11,1319.739990234375,492.3280029296875,0.415008008480072,0.3889870047569275,1.3039300441741943,1.246709942817688,-89.62229919433594,0.1635179966688156,0.585660994052887,0.9996659755706788,0.9996659755706788,1.337649941444397,0.1499470025300979,0.005154020152986,0.2375530004501342,0.8911120295524597,0.8211150169372559,2.0079201021871995e-06,3.836549922198174e-07,2.4725500225031283e-06,2.66021000783212e-08,0.8996679782867432,3.0,1.956999994945363e-06,5.311509880812082e-07,2.2277801036834717,1360.0,0.5451350212097168,2.4511800589266386e-08,6.631549922531121e-07,24.99839973449707,0.25,1906,2523103828950124402,4053256,39.42884857,26.01747353,0.5713589787483215,0.5321339964866638,56152.0322447,25.329700469970703,1.3487399816513062,23.456899642944336,0.0130279995501041,-999.0,-999.0,35651585,4,196608,12,1320.0799560546875,492.468994140625,2.2854299545288086,2.1285400390625,0.9542639851570128,0.9446290135383606,-54.91279983520508,0.3017759919166565,-999.0,0.9978870153427124,0.9978870153427124,1.203719973564148,-999.0,-999.0,-999.0,-999.0,-999.0,2.6799901320373465e-07,3.614609909163846e-07,1.5039800018712413e-06,1.9593800359984925e-08,0.8684750199317932,2.25,-999.0,-999.0,-999.0,1530.0,-999.0,2.3919799474469986e-08,6.586139988939976e-07,25.03459930419922,0.25,1906,2523104764179253106,4056740,39.42884913,26.01747239,1.1213200092315674,1.0507400035858154,56077.0392398,-999.0,2.5490100383758545,-999.0,0.0227439999580383,-999.0,-999.0,35651585,4,196608,15,1320.0799560546875,492.468994140625,4.485260009765625,4.202970027923584,1.0941100120544434,1.0606600046157837,7.441400051116943,0.5037999749183655,-999.0,0.996097981929779,0.996097981929779,1.1776299476623535,-999.0,-999.0,-999.0,-999.0,-999.0,-3.2888598866520624e-07,8.383340173168108e-07,-8.948069876169029e-07,2.0351400564777578e-08,0.8689860105514526,2.5,-999.0,-999.0,-999.0,780.0,-999.0,5.024390148378188e-08,1.5445100416400237e-06,25.006099700927734,0.25,1906,2523108762525370226,4071635,39.42884882,26.01747333,0.2927390038967132,0.2756179869174957,56076.6176255,-999.0,0.8339980244636536,22.80900001525879,0.012555000372231,-999.0,-999.0,35651585,4,196608,14,1320.0799560546875,492.468994140625,1.1709500551223757,1.10247004032135,0.778328001499176,0.7472119927406311,-63.1599006652832,1.217079997062683,-999.0,0.9955859780311584,0.9955859780311584,1.3298699855804443,-999.0,-999.0,-999.0,-999.0,-999.0,-1.962750047823647e-06,1.6369300510632456e-06,2.7314199542161077e-06,3.4293400119622675e-08,0.8355630040168762,2.0,-999.0,-999.0,-999.0,970.0,-999.0,1.651920058520773e-07,3.3885000902955653e-06,25.045499801635746,0.25,0.0098974945527525,,,,,,,,,,,,,,,,,
PSO J023741.846+260125.136,-999,-999,-999,139220394243618936,946363000055567,164583146839450,0,17564786962908,13922,1,1857,55,0.376571531758245,946363,38320,3,1343750144,160,39.42436211,26.0236489,0.0010000000474974,0.0010000000474974,39.42436211,26.0236489,0.0010000000474974,0.0010000000474974,56076.72247685,-999.0,0.6941458724942784,0.5706723124110387,0.4387420877310439,45.16285661484597,10.109943798411864,150.8954092054377,-31.01512238110634,-999,1,0,0,0,0,0,0,1121594000006538,1,0,1974,2523116944169633718,4102114,39.42436205,26.02364729,0.3805080056190491,0.3573890030384063,55882.7709466,24.086999893188477,0.6864039897918701,-999.0,0.0145420003682374,-999.0,-999.0,35651585,4,196608,4,1378.0799560546875,581.447998046875,1.522029995918274,1.4295599460601809,1.2738300561904907,1.213610053062439,-14.15310001373291,0.4142389893531799,-999.0,0.9979490041732788,0.9979490041732788,1.3363800048828125,-999.0,-999.0,-999.0,-999.0,-999.0,8.417699746132712e-07,5.777949922958214e-07,-1.8582300072012004e-06,2.7023000725989732e-08,0.8965409994125366,3.25,-999.0,-999.0,-999.0,946.0,-999.0,1.6709099881495604e-08,5.562779961110209e-07,24.974300384521484,0.25,1974,2523169177951274934,4296700,39.42438926,26.02364168,0.1057019978761673,0.0990741997957229,56195.1524026,22.96739959716797,0.1946610063314438,23.12170028686523,0.0118220001459121,23.386899948120117,0.3891629874706268,35651585,0,196608,8,1377.72998046875,581.3300170898438,0.4228059947490692,0.3962959945201874,1.289489984512329,1.238010048866272,-86.52469635009766,0.1884540021419525,-0.1587709933519363,0.9996650218963624,0.9996650218963624,1.379670023918152,0.260013997554779,0.0232775993645191,0.1144659966230392,0.8911120295524597,0.6246539950370789,2.3607799448654987e-06,4.595530072037946e-07,2.04788989321969e-06,2.4210100590948972e-08,0.8996679782867432,3.0,1.6041100252550675e-06,6.242610197659815e-07,2.2277801036834717,1360.0,-1.4092199802398682,2.2345499672837832e-08,6.679489956695761e-07,24.99839973449707,0.25,1974,2523103828950124470,4053256,39.42436185,26.02365004,0.2848969995975494,0.2653380036354065,56152.0322447,24.480199813842773,0.6725239753723145,-999.0,0.0290649998933076,-999.0,-999.0,35651585,4,196608,12,1378.0799560546875,581.447998046875,1.13959002494812,1.0613499879837036,0.9545270204544068,0.9434959888458252,-58.135799407958984,0.2961300015449524,-999.0,0.9978979825973512,0.9978979825973512,1.133430004119873,-999.0,-999.0,-999.0,-999.0,-999.0,5.860280225533643e-07,3.941179897992697e-07,-2.721089913393371e-07,7.908870003348056e-09,0.8684750199317932,2.25,-999.0,-999.0,-999.0,1530.0,-999.0,2.2545300737419893e-08,6.575850193257793e-07,25.03459930419922,0.25,1974,2523104764179253174,4056740,39.4243624,26.0236489,0.3848319947719574,0.360612004995346,56077.0392398,23.824499130249023,0.8748130202293396,-999.0,0.0202290005981922,-999.0,-999.0,35651585,4,196608,13,1378.0799560546875,581.447998046875,1.539330005645752,1.4424500465393066,1.0979000329971311,1.0650999546051023,8.022290229797363,0.4928170144557953,-999.0,0.9963759779930116,0.9963759779930116,1.182129979133606,-999.0,-999.0,-999.0,-999.0,-999.0,1.0720500540628564e-06,9.378459822073636e-07,-1.1311500429656007e-06,2.2881900818561007e-08,0.872169017791748,2.5,-999.0,-999.0,-999.0,780.0,-999.0,4.9826901715732674e-08,1.5565999547106912e-06,25.006099700927734,0.25,1974,2523108762525370294,4071635,39.42436211,26.02364984,0.4524599909782409,0.4259969890117645,56076.6176255,23.6427001953125,1.2890299558639526,22.10409927368164,0.0090749999508261,-999.0,-999.0,35651585,4,196608,14,1378.0799560546875,581.447998046875,1.809839963912964,1.7039899826049805,0.7783120274543762,0.7468339800834656,-63.48379898071289,1.1993000507354736,-999.0,0.9956219792366028,0.9956219792366028,1.3023099899291992,-999.0,-999.0,-999.0,-999.0,-999.0,1.2674099707510322e-06,1.6337299939550576e-06,5.228389909461839e-06,4.744610038187602e-08,0.8355630040168762,2.0,-999.0,-999.0,-999.0,970.0,-999.0,1.583979951647052e-07,3.451430075074313e-06,25.045499801635746,0.25,0.0163583383196344,,,,,,,,,,,,,,,,,
PSO J023741.374+260110.776,-999,-999,-999,139220394223904147,946363000055550,164583146839433,0,17564786963696,13922,1,1857,55,0.482606356481655,946363,38320,3,1343750144,160,39.42239486,26.01966013,0.0010000000474974,0.0010000000474974,39.42239486,26.01966013,0.0010000000474974,0.0010000000474974,56076.72247685,-999.0,0.6941890592119715,0.570667873621835,0.4386795277720758,45.1598860274208,10.106706062973476,150.89574381769887,-31.019475915491235,-999,1,0,0,0,0,0,0,1121594000006528,1,0,2008,2523116944169633752,4102114,39.42239485,26.01965848,0.241359993815422,0.2266950011253357,55882.7709466,23.855899810791016,0.4353930056095123,23.789100646972656,0.0194349996745586,-999.0,-999.0,35651585,4,196608,6,1403.5699462890625,524.0269775390625,0.9654409885406494,0.9067819714546204,1.2736599445343018,1.211959958076477,-14.716899871826172,0.4112769961357116,-999.0,0.9978939890861512,0.9978939890861512,1.2911399602890017,-999.0,-999.0,-999.0,-999.0,-999.0,1.0414299822514297e-06,4.53431994174025e-07,1.107550019696646e-06,2.1524799720396004e-08,0.8965409994125366,3.25,-999.0,-999.0,-999.0,946.0,-999.0,1.7023099374569032e-08,5.56855013655877e-07,24.974300384521484,0.25,2008,2523169177951274968,4296700,39.42239516,26.0196611,0.1908340007066726,0.1788689941167831,56195.1524026,23.66830062866211,0.3514420092105865,23.381099700927734,0.0133220003917813,-999.0,-999.0,35651585,4,196608,10,1403.5699462890625,524.0269775390625,0.7633339762687683,0.7154729962348938,1.3006999492645264,1.245129942893982,-86.66780090332031,0.1760800033807754,-999.0,0.9988759756088256,0.9988759756088256,1.3556699752807615,-999.0,-999.0,-999.0,-999.0,-999.0,1.2378900464682374e-06,4.350470135250362e-07,1.612770006431674e-06,2.1484700241103383e-08,0.8974570035934448,3.0,-999.0,-999.0,-999.0,1360.0,-999.0,2.396049936237432e-08,6.643049914600851e-07,24.99839973449707,0.25,2008,2523103828950124504,4053256,39.42239091,26.01965904,0.0648194029927253,0.060369499027729,56152.0322447,22.811899185180664,0.1530119925737381,23.617799758911133,0.0140300001949071,23.429500579833984,0.3512749969959259,35651585,0,196608,11,1403.6199951171875,523.9959716796875,0.2592769861221313,0.2414779961109161,0.9531559944152832,0.9432690143585204,-60.94169998168945,0.3000459969043731,-0.0043247700668871,0.9979289770126344,0.9979289770126344,1.1435400247573853,0.0776884034276008,0.0161990001797676,0.0807647034525871,0.6828609704971313,0.265172004699707,2.72426996161812e-06,4.168460066011903e-07,1.2968499731869088e-06,1.8194700857065985e-08,0.8645449876785278,2.25,1.542370000606752e-06,5.417949751063134e-07,1.7071499824523926,1530.0,-2.853450059890747,2.2364799789897916e-08,6.561299983331992e-07,25.03459930419922,0.25,2008,2523104764179253208,4056740,39.42239517,26.01966013,0.1421490013599395,0.1332020014524459,56077.0392398,22.85429954528809,0.3231369853019714,25.473899841308594,0.0467830002307891,-999.0,-999.0,35651585,4,196608,15,1403.5699462890625,524.0269775390625,0.5685930252075195,0.5328080058097839,1.0995700359344482,1.0670599937438965,8.285810470581055,0.4879890084266662,-999.0,0.996632993221283,0.996632993221283,1.1374599933624268,-999.0,-999.0,-999.0,-999.0,-999.0,2.6198599698545877e-06,8.465739824714547e-07,2.346630054717025e-07,1.0978100206671117e-08,0.8753520250320435,2.5,-999.0,-999.0,-999.0,780.0,-999.0,4.985379931099487e-08,1.5516400253545726e-06,25.006099700927734,0.25,2008,2523108762525370328,4071635,39.42239486,26.01966107,0.087184302508831,0.08208529651165,56076.6176255,21.83799934387207,0.2483839988708496,20.948299407958984,0.0053289998322725,-999.0,-999.0,35651585,4,196608,14,1403.5699462890625,524.0269775390625,0.3487370014190674,0.328341007232666,0.7792239785194397,0.7473220229148865,-63.32849884033203,1.225119948387146,-999.0,0.9951540231704712,0.9951540231704712,1.326640009880066,-999.0,-999.0,-999.0,-999.0,-999.0,6.680610113107832e-06,1.65935000495665e-06,1.5159799659159034e-05,8.079099700353255e-08,0.830590009689331,2.0,-999.0,-999.0,-999.0,970.0,-999.0,1.549909995901544e-07,3.4156701076426543e-06,25.045499801635746,0.25,0.0130182414584256,,,,,,,,,,,,,,,,,
PSO J023742.482+260043.054,-999,-999,-999,139210394270084908,946363000055600,164583146839483,0,17564787621901,13921,1,1857,55,0.0888511157490789,946363,38320,3,1075314688,128,39.42700858,26.01195968,0.0010000000474974,0.0010000000474974,39.42700858,26.01195968,0.0010000000474974,0.0010000000474974,56043.9937037,-999.0,0.6941886388681021,0.5707612096659784,0.438558747726095,45.16144596853625,10.098096209680447,150.904201931989,-31.02436973988247,-999,1,0,0,0,0,0,0,1121788000006897,0,0,1830,2523116941485279014,4102104,39.42700809,26.01195755,0.530614972114563,0.4942379891872406,55907.0427922,25.05349922180176,1.0353399515151978,23.05030059814453,0.0151859996840357,-999.0,-999.0,35651585,4,131072,8,1343.949951171875,6198.08984375,2.122459888458252,1.9769599437713623,1.2476199865341189,1.1883000135421753,-33.46139907836914,0.4091790020465851,-999.0,0.9985219836235046,0.9985219836235046,1.1538900136947632,-999.0,-999.0,-999.0,-999.0,-999.0,3.45622993336292e-07,3.578360008305026e-07,2.187209929616074e-06,3.321610009265896e-08,0.8996679782867432,3.0,-999.0,-999.0,-999.0,774.0,-999.0,1.9313100452222898e-08,5.706759793611127e-07,24.99959945678711,0.25,1830,2523169164261066534,4296649,39.42699616,26.01195978,0.0881258025765419,0.083520196378231,56143.7089132,23.019500732421875,0.1717289984226226,22.599000930786133,0.0111720003187656,23.20039939880371,0.261557012796402,35651585,0,131072,11,1344.1300048828125,6198.10986328125,0.3525039851665497,0.3340809941291809,1.2720999717712402,1.241189956665039,-84.24359893798828,0.1070789992809295,-0.8675709962844849,0.9977989792823792,0.9977989792823792,1.4668099880218506,0.3018330037593841,-0.0095330104231834,0.148048996925354,0.8417890071868896,0.6348040103912354,2.250050101793022e-06,3.86397005058825e-07,3.3143398923130007e-06,3.7027199084604945e-08,0.8944240212440491,2.75,1.9047099613089813e-06,4.98191013775795e-07,2.1044700145721436,940.0,-0.1667439937591552,1.0655700322104168e-08,7.143419793465e-07,25.016799926757812,0.25,1830,2523103827071076134,4053249,39.4270085,26.01195959,0.332163006067276,0.3140349984169006,56073.3648704,24.88599967956543,0.7861279845237732,23.2096004486084,0.0132219996303319,-999.0,-999.0,35651585,4,131072,16,1343.949951171875,6198.08984375,1.3286499977111816,1.2561399936676023,0.9788709878921508,0.9582470059394836,-69.39089965820312,0.2666719853878021,-999.0,0.9966109991073608,0.9966109991073608,1.2069100141525269,-999.0,-999.0,-999.0,-999.0,-999.0,4.032590084079857e-07,3.170129900809116e-07,1.8885999679696397e-06,2.4970699286086532e-08,0.8684750199317932,2.25,-999.0,-999.0,-999.0,1170.0,-999.0,4.194659908307585e-08,6.855240144432173e-07,25.041000366210938,0.25,1830,2523104761763333926,4056731,39.42700809,26.01195985,0.2463369965553283,0.2380419969558715,56119.4142644,-999.0,0.5386509895324707,-999.0,0.0184289999306201,-999.0,-999.0,35651585,4,131072,15,1343.949951171875,6198.08984375,0.9853479862213136,0.9521690011024476,1.0867700576782229,1.0663700103759766,7.455560207366943,0.4307860136032104,-999.0,0.995881974697113,0.995881974697113,1.1898800134658811,-999.0,-999.0,-999.0,-999.0,-999.0,-1.548189970890235e-06,8.339309829352715e-07,-1.5937399666654528e-06,2.9371600263061737e-08,0.8753520250320435,2.5,-999.0,-999.0,-999.0,660.0,-999.0,7.342769947626948e-08,1.4787500504098716e-06,25.017499923706055,0.25,1830,2523108760109451046,4071626,39.42700866,26.01195883,6.146420001983643,5.816770076751709,56051.8582931,26.41629981994629,17.798099517822266,23.227699279785156,0.0161910001188516,-999.0,-999.0,35651585,4,131072,15,1343.949951171875,6198.08984375,24.5856990814209,23.267099380493164,0.8075460195541382,0.7682710289955139,-70.59940338134766,1.2206000089645386,-999.0,0.9968159794807434,0.9968159794807434,1.3368099927902222,-999.0,-999.0,-999.0,-999.0,-999.0,9.85082024840267e-08,1.7532599940750515e-06,1.85750002401619e-06,3.0075099743953615e-08,0.8703789710998535,2.0,-999.0,-999.0,-999.0,860.0,-999.0,2.471959987815353e-07,3.4331299048062647e-06,25.05430030822754,0.25,0.0044317716179215,,,,,,,,,,,,,,,,,
PSO J023744.255+260040.325,-999,-999,-999,139210394341984032,946363000053744,164583146836857,0,17564787624110,13921,1,1857,55,0.640972107314479,946363,38320,3,404226048,48,39.43439738,26.01120165,0.0010000000474974,0.0010000000474974,39.43439738,26.01120165,0.0010000000474974,0.0010000000474974,56067.90015046,-999.0,0.6941195096354926,0.5708544121791571,0.4385468577460935,45.16761364660961,10.095303759066775,150.91147472745743,-31.02195623270161,-999,4,0,0,0,0,0,0,1121594000005541,1,0,1809,2523116944169633553,4102114,39.43439733,26.01119884,0.1419190019369125,0.1332959979772567,55882.7709466,23.598100662231445,0.2560110092163086,23.318500518798828,0.0156479999423027,-999.0,-999.0,35651585,4,196608,10,1248.3299560546875,402.1099853515625,0.5676779747009277,0.5331860184669495,1.2715100049972534,1.2028599977493286,-15.024900436401367,0.4295949935913086,-999.0,0.9982759952545166,0.9982759952545166,1.2414400577545166,-999.0,-999.0,-999.0,-999.0,-999.0,1.3205200275479e-06,3.3806799137892085e-07,1.7083899592762464e-06,2.6733300018122463e-08,0.904075026512146,3.25,-999.0,-999.0,-999.0,946.0,-999.0,1.4895800148906346e-08,5.695060281141195e-07,24.974300384521484,0.25,1809,2523169177951274769,4296700,39.43439774,26.01120146,0.185697004199028,0.1740539968013763,56195.1524026,23.738800048828125,0.3419820070266723,23.081199645996097,0.0116029996424913,-999.0,-999.0,35651585,4,196608,11,1248.3299560546875,402.1099853515625,0.7427870035171509,0.6962149739265442,1.306249976158142,1.2474100589752195,88.01629638671875,0.1536619961261749,-999.0,0.998619019985199,0.998619019985199,1.3247699737548828,-999.0,-999.0,-999.0,-999.0,-999.0,1.16004002848058e-06,3.967140003169334e-07,2.125819946741103e-06,2.4666400477713072e-08,0.8952469825744629,3.0,-999.0,-999.0,-999.0,1360.0,-999.0,1.8610800012197615e-08,6.695260026390315e-07,24.99839973449707,0.25,1809,2523103828950124305,4053256,39.43441175,26.01119566,0.0447008982300758,0.0416321009397506,56152.0322447,22.647199630737305,0.1055200025439262,22.21820068359375,0.0073640001937747,22.28919982910156,0.12813700735569,35667969,0,196608,15,1248.1400146484375,402.02301025390625,0.1788029968738556,0.1665280014276504,0.9554430246353148,0.945609986782074,-49.6869010925293,0.3030259907245636,7.723279850324616e-05,0.995926022529602,0.995926022529602,1.1869800090789795,0.1828559935092926,-0.0130158001556992,0.1639360040426254,0.8790609836578369,0.7798839807510376,3.170489890180761e-06,3.3455100378887437e-07,4.706790150521556e-06,3.46626016778373e-08,0.8645449876785278,2.25,4.4089401853852905e-06,5.649470153912262e-07,2.1976499557495117,1530.0,3.9528300762176514,2.109620034218551e-08,6.724549734826724e-07,25.03459930419922,0.25,1809,2523104764179253009,4056740,39.43428114,26.01114279,0.0757495015859603,0.0709820985794067,56077.0392398,22.17930030822754,0.1721960008144378,22.236299514770508,0.0105330003425478,22.50239944458008,0.3229700028896332,35651585,0,196608,15,1249.8399658203125,401.2789916992187,0.3029980063438415,0.2839280068874359,1.0895400047302246,1.0552699565887451,6.770989894866943,0.517100989818573,-0.3471640050411224,0.9973049759864808,0.9973049759864808,1.1173100471496582,0.1536130011081695,0.0009561280021443,0.1632709950208664,0.8284019827842712,0.542153000831604,4.878590061707655e-06,8.400759838878002e-07,4.629030172509374e-06,4.875870018850038e-08,0.8817179799079895,2.5,3.6228100270818686e-06,1.17006004529685e-06,2.071000099182129,780.0,-0.9401050209999084,4.7241400125130895e-08,1.5240000266203424e-06,25.006099700927734,0.25,1809,2523108762525370129,4071635,39.43439744,26.01120146,0.1045740023255348,0.0984582975506782,56076.6176255,22.04319953918457,0.2979269921779632,21.471500396728516,0.0067810001783072,-999.0,-999.0,35651585,4,196608,14,1248.3299560546875,402.1099853515625,0.4182969927787781,0.3938330113887787,0.7775120139122009,0.7470849752426147,-63.01750183105469,1.2089099884033203,-999.0,0.9961739778518676,0.9961739778518676,1.2453900575637815,-999.0,-999.0,-999.0,-999.0,-999.0,5.529950158233987e-06,1.6475199799970142e-06,9.362730452266987e-06,6.349179670905869e-08,0.8455110192298889,2.0,-999.0,-999.0,-999.0,970.0,-999.0,1.5494599381327134e-07,3.428619947953848e-06,25.045499801635746,0.25,0.0069321786617959,,,,,,,,,,,,,,,,,
PSO J023744.255+260040.325,-999,-999,-999,139210394341984032,946363000053744,164583146836857,0,17564787624110,13921,1,1857,55,0.640972107314479,946363,38320,3,404226048,48,39.43439738,26.01120165,0.0010000000474974,0.0010000000474974,39.43439738,26.01120165,0.0010000000474974,0.0010000000474974,56067.90015046,-999.0,0.6941195096354926,0.5708544121791571,0.4385468577460935,45.16761364660961,10.095303759066775,150.91147472745743,-31.02195623270161,-999,4,0,0,0,0,0,0,1121788000006087,0,0,1711,2523116941485278895,4102104,39.43439377,26.01120185,0.1252900063991546,0.1167009994387626,55907.0427922,23.5802001953125,0.2444670051336288,23.49220085144043,0.0186139997094869,-999.0,-999.0,35651585,4,0,10,1248.3800048828125,6187.14990234375,0.5011619925498962,0.4668050110340118,1.2496600151062012,1.189039945602417,-32.954898834228516,0.408037006855011,-999.0,0.999185025691986,0.999185025691986,1.2452499866485596,-999.0,-999.0,-999.0,-999.0,-999.0,1.3425400311462e-06,3.282059992670838e-07,1.4557999747921713e-06,2.7099099852989642e-08,0.9018779993057252,3.0,-999.0,-999.0,-999.0,774.0,-999.0,1.5664399555248565e-08,5.710720074603159e-07,24.99959945678711,0.25,1711,2523169164261066415,4296649,39.43439591,26.01120255,0.12882000207901,0.1220880001783371,56143.7089132,23.433000564575195,0.2510290145874023,22.741100311279297,0.0119279995560646,-999.0,-999.0,35651585,4,0,11,1248.3800048828125,6187.14990234375,0.5152810215950012,0.4883509874343872,1.2715400457382202,1.2400200366973877,-88.39340209960938,0.0982486978173255,-999.0,0.9980199933052064,0.9980199933052064,1.3639299869537354,-999.0,-999.0,-999.0,-999.0,-999.0,1.5373899486803566e-06,3.859300079511741e-07,2.9076500140945427e-06,3.4681100657962816e-08,0.8865320086479187,2.75,-999.0,-999.0,-999.0,940.0,-999.0,9.499990127892488e-09,7.098460059751233e-07,25.016799926757812,0.25,1711,2523103827071076015,4053249,39.43440533,26.01120475,0.0446723997592926,0.0422343015670776,56073.3648704,22.69569969177246,0.1057260036468505,22.370100021362305,0.0089819999411702,22.496999740600582,0.1290059983730316,35667969,0,0,16,1248.22998046875,6187.16015625,0.1786890029907226,0.1689369976520538,0.9785000085830688,0.9596449732780457,-65.95490264892578,0.2646769881248474,0.0021190599072724,0.9970009922981262,0.9970009922981262,1.2185300588607788,0.1944150030612945,-0.015429999679327,0.1451649963855743,0.7648850083351135,0.7012659907341003,3.031879941772786e-06,3.2054700227490684e-07,4.092250037501799e-06,3.6757100474460465e-08,0.8606160283088684,2.25,3.640720024122857e-06,4.69675995873331e-07,1.9122099876403809,1170.0,3.0730199813842773,3.263329872993381e-08,6.872650146760861e-07,25.041000366210938,0.25,1711,2523104761763333807,4056731,39.43427688,26.0111408,0.082582801580429,0.0798019990324974,56119.4142644,22.243200302124023,0.1805790066719055,22.332199096679688,0.011897999793291,22.599899291992188,0.3302240073680877,35651585,0,0,15,1249.8900146484375,6186.240234375,0.3303320109844208,0.3192090094089508,1.0828100442886353,1.061669945716858,7.383699893951416,0.4482640027999878,-0.2797810137271881,0.9974420070648192,0.9974420070648192,1.1196399927139282,0.1597719937562942,0.0093692997470498,0.1554320007562637,0.7776780128479004,0.6349989771842957,4.599739895638777e-06,8.306170116156864e-07,4.237640041537816e-06,5.042119965992242e-08,0.8849009871482849,2.5,3.311620048407349e-06,1.0935799537037385e-06,1.944200038909912,660.0,-1.0808099508285522,6.231159943581588e-08,1.4751600474482984e-06,25.017499923706055,0.25,1711,2523108760109450927,4071626,39.43439434,26.01120311,0.1242559999227523,0.1175910010933876,56051.8582931,22.214399337768555,0.3598060011863708,21.73150062561035,0.0081289997324347,-999.0,-999.0,35651585,4,0,14,1248.3800048828125,6187.14990234375,0.4970229864120483,0.4703660011291504,0.8045309782028198,0.7658259868621826,-71.05560302734375,1.2253999710083008,-999.0,0.9966830015182496,0.9966830015182496,1.250480055809021,-999.0,-999.0,-999.0,-999.0,-999.0,4.72309011456673e-06,1.6993900544548524e-06,7.369059858319815e-06,5.990300167013629e-08,0.8455110192298889,2.0,-999.0,-999.0,-999.0,860.0,-999.0,2.339360065661822e-07,3.4246099858137313e-06,25.05430030822754,0.25,0.0069321786617959,,,,,,,,,,,,,,,,,
PSO J023744.177+260010.258,-999,-999,-999,139200394340583951,946363000055678,164583146839561,0,17564787628486,13920,1,1857,55,0.462416002957538,946363,38320,3,1343750144,160,39.43407197,26.00284956,0.0010000000474974,0.0010000000474974,39.43407197,26.00284956,0.0010000000474974,0.0010000000474974,55977.84087963,-999.0,0.6941721192830371,0.5708910700496196,0.4384158470535676,45.16468418127472,10.087459994263648,150.9157009149532,-31.029487975833188,-999,2,0,0,0,0,0,0,1121594000006612,1,0,1817,2523116944169633561,4102114,39.43405483,26.00284956,0.105223998427391,0.098830297589302,55882.7709466,23.243000030517575,0.1898140013217926,22.27050018310547,0.0096570001915097,22.26460075378418,0.1622920036315918,35667969,0,196608,10,1252.8299560546875,281.8840026855469,0.4208950102329254,0.3953210115432739,1.2715699672698977,1.2031199932098389,-15.017800331115724,0.4290629923343658,4.617700000153491e-09,0.9984689950942992,0.9984689950942992,1.2565300464630127,0.2726280093193054,0.0121454000473022,0.2791309952735901,1.4102200269699097,1.066849946975708,1.8315299712412525e-06,3.476509959909891e-07,4.4853100007458124e-06,4.3316699560591594e-08,0.9097260236740112,3.25,4.509970040089684e-06,7.319350174839201e-07,3.525559902191162,946.0,5.8603901863098145,1.7780600103378674e-08,5.749470233240572e-07,24.974300384521484,0.25,1817,2523169177951274777,4296700,39.43405891,26.00282887,2.0082499980926514,1.8823399543762207,56195.1524026,-999.0,3.698430061340332,-999.0,0.0116189997643232,-999.0,-999.0,35651585,4,196608,14,1252.780029296875,281.5469970703125,8.03300952911377,7.529339790344238,1.3061000108718872,1.2473700046539309,88.1603012084961,0.1542769968509674,-999.0,0.999710977077484,0.999710977077484,1.4793699979782104,-999.0,-999.0,-999.0,-999.0,-999.0,-1.0471200084793965e-07,3.872679883443198e-07,-1.980399929379928e-06,2.30106991239154e-08,0.8952469825744629,3.0,-999.0,-999.0,-999.0,1360.0,-999.0,1.5190799729225546e-08,6.771809921701788e-07,24.99839973449707,0.25,1817,2523103828950124313,4053256,39.43405839,26.00282907,1.2172600030899048,1.1336899995803833,56152.0322447,-999.0,2.8734500408172607,-999.0,0.0147810000926256,-999.0,-999.0,35651585,4,196608,14,1252.780029296875,281.5469970703125,4.869040012359619,4.5347700119018555,0.9553620219230652,0.9455509781837464,-50.01580047607422,0.3029449880123138,-999.0,0.998350977897644,0.998350977897644,1.1937899589538574,-999.0,-999.0,-999.0,-999.0,-999.0,-1.1889800077824478e-07,3.416469951389445e-07,-1.0521699778109903e-06,1.5552000576235514e-08,0.856685996055603,2.25,-999.0,-999.0,-999.0,1530.0,-999.0,2.2461000170892476e-08,6.806490091548767e-07,25.03459930419922,0.25,1817,2523104764179253017,4056740,39.43405896,26.00282793,0.2845729887485504,0.2666630148887634,56077.0392398,-999.0,0.64690101146698,-999.0,0.0120639996603131,-999.0,-999.0,35651585,4,196608,13,1252.780029296875,281.5469970703125,1.1382900476455688,1.0666500329971311,1.0897300243377686,1.055500030517578,6.798419952392578,0.5165429711341858,-999.0,0.9971449971199036,0.9971449971199036,1.1330900192260742,-999.0,-999.0,-999.0,-999.0,-999.0,-1.4456700228038244e-06,9.352049801236716e-07,-3.1803199362911982e-06,3.8367698351748913e-08,0.8658030033111572,2.5,-999.0,-999.0,-999.0,780.0,-999.0,5.3048001547040264e-08,1.502010036347201e-06,25.006099700927734,0.25,1817,2523108762525370137,4071635,39.4340586,26.00282887,0.2564179897308349,0.2414219975471496,56076.6176255,-999.0,0.7305229902267456,24.167200088500977,0.0234670005738735,-999.0,-999.0,35651585,4,196608,13,1252.780029296875,281.5469970703125,1.025670051574707,0.96568500995636,0.7775629758834839,0.7470930218696594,-63.0265998840332,1.2094199657440186,-999.0,0.9977779984474182,0.9977779984474182,1.3150800466537476,-999.0,-999.0,-999.0,-999.0,-999.0,-2.2822200662631076e-06,1.6672099718562094e-06,7.818709946150193e-07,1.834779972398337e-08,0.8455110192298889,2.0,-999.0,-999.0,-999.0,970.0,-999.0,1.397200009023436e-07,3.4109500575141283e-06,25.045499801635746,0.25,0.0073532646478562,,,,,,,,,,,,,,,,,
PSO J023744.177+260010.258,-999,-999,-999,139200394340583951,946363000055678,164583146839561,0,17564787628486,13920,1,1857,55,0.462416002957538,946363,38320,3,1343750144,160,39.43407197,26.00284956,0.0010000000474974,0.0010000000474974,39.43407197,26.00284956,0.0010000000474974,0.0010000000474974,55977.84087963,-999.0,0.6941721192830371,0.5708910700496196,0.4384158470535676,45.16468418127472,10.087459994263648,150.9157009149532,-31.029487975833188,-999,2,0,0,0,0,0,0,1121788000006926,0,0,1715,2523116941485278899,4102104,39.43407716,26.00286628,0.0967170968651771,0.0900866016745567,55907.0427922,23.26849937438965,0.1887149959802627,22.558900833129883,0.0121109997853636,22.28610038757324,0.1525440067052841,35667969,0,0,10,1252.5400390625,6067.1201171875,0.3868690133094787,0.3603470027446747,1.2495700120925903,1.1890000104904177,-32.97650146484375,0.4080869853496551,1.823129980316196e-09,0.9990299940109252,0.9990299940109252,1.2613600492477417,0.2216510027647018,0.0114676998928189,0.2453420013189315,1.330940008163452,1.0162099599838257,1.788989948181552e-06,3.3760798601178976e-07,3.438969997660024e-06,4.1650199733567206e-08,0.8974570035934448,3.0,4.421489848027704e-06,6.744700158378691e-07,3.3273398876190186,774.0,6.012829780578613,1.6396199953305768e-08,5.777720275546017e-07,24.99959945678711,0.25,1715,2523169164261066419,4296649,39.43407197,26.00282862,8.557220458984375,8.109999656677246,56143.7089132,28.01420021057129,16.675199508666992,-999.0,0.0155870001763105,-999.0,-999.0,35651585,4,0,14,1252.6400146484375,6066.56982421875,34.22890090942383,32.439998626708984,1.2715599536895752,1.2400799989700315,-88.21150207519531,0.0986419022083282,-999.0,0.9996340274810792,0.9996340274810792,1.5222899913787842,-999.0,-999.0,-999.0,-999.0,-999.0,2.2610400662870234e-08,3.770340128994576e-07,-1.5654300113965292e-06,2.439970003820235e-08,0.8839020133018494,2.75,-999.0,-999.0,-999.0,940.0,-999.0,7.84346010362924e-09,7.107680062290456e-07,25.016799926757812,0.25,1715,2523103827071076019,4053249,39.43407028,26.00282991,0.954048991203308,0.901980996131897,56073.3648704,-999.0,2.2579400539398193,-999.0,0.0159239992499351,-999.0,-999.0,35651585,4,0,14,1252.6400146484375,6066.56982421875,3.816190004348755,3.607919931411743,0.9785140156745912,0.9595839977264404,-66.12689971923828,0.2647680044174194,-999.0,0.9986649751663208,0.9986649751663208,1.2058199644088743,-999.0,-999.0,-999.0,-999.0,-999.0,-1.5018899546248576e-07,3.391170082522877e-07,-1.1785300557676235e-06,1.8766600717867732e-08,0.848825991153717,2.25,-999.0,-999.0,-999.0,1170.0,-999.0,3.08688008487934e-08,6.87751025907346e-07,25.041000366210938,0.25,1715,2523104761763333811,4056731,39.43406982,26.0028302,0.3079360127449035,0.2975679934024811,56119.4142644,-999.0,0.6733480095863342,-999.0,0.0133600002154707,-999.0,-999.0,35651585,4,0,13,1252.6400146484375,6066.56982421875,1.2317500114440918,1.190269947052002,1.0829299688339231,1.06181001663208,7.385739803314209,0.4477519989013672,-999.0,0.9979889988899232,0.9979889988899232,1.1150200366973877,-999.0,-999.0,-999.0,-999.0,-999.0,-1.3672799923369894e-06,9.206580102727456e-07,-3.032829908988788e-06,4.0517601718192964e-08,0.872169017791748,2.5,-999.0,-999.0,-999.0,660.0,-999.0,6.274959929442049e-08,1.4798299616813892e-06,25.017499923706055,0.25,1715,2523108760109450931,4071626,39.43407043,26.00282919,0.2183140069246292,0.20660500228405,56051.8582931,-999.0,0.6321679949760437,23.452899932861328,0.017960999161005,-999.0,-999.0,35651585,4,0,14,1252.6400146484375,6066.56982421875,0.8732560276985168,0.8264200091362,0.8046659827232361,0.7659350037574768,-71.03500366210938,1.225190043449402,-999.0,0.9990749955177308,0.9990749955177308,1.3548799753189087,-999.0,-999.0,-999.0,-999.0,-999.0,-2.633270014484878e-06,1.664669980527833e-06,1.509509957031696e-06,2.7111900280374357e-08,0.8455110192298889,2.0,-999.0,-999.0,-999.0,860.0,-999.0,2.1844900288670033e-07,3.420859911784646e-06,25.05430030822754,0.25,0.0073532646478562,,,,,,,,,,,,,,,,,
PSO J023746.079+260036.000,-999,-999,-999,139210394420142575,946363000020808,164583146803527,0,17564787633519,13921,1,1857,55,0.733792406258911,946363,38320,3,436527104,52,39.44199601,26.01000023,0.0010000000474974,0.0010000000474974,39.44198617,26.00999656,0.0118199996650218,0.0107699995860457,55922.3828588,0.9643999934196472,0.6940510173821214,0.5709522026272957,0.4385279553071637,45.173813180747274,10.092030702515263,150.9191751689643,-31.019854274324004,-999,10,47,5,10,12,11,9,1121594000004908,1,1,1660,2523116944169633404,4102114,39.44199117,26.00997611,0.0330793000757694,0.0310693997889757,55882.7709466,21.57309913635254,0.0596720017492771,21.46619987487793,0.0066680000163614,21.622400283813477,0.0865539982914924,195035141,524288,196608,6,1150.06005859375,384.4469909667969,0.1323170065879821,0.1242780014872551,1.2701400518417358,1.1972299814224243,-15.169599533081056,0.4412049949169159,0.2919450104236603,0.9977949857711792,0.9977949857711792,1.3351800441741943,0.2317720055580139,0.037195898592472,0.2225019931793213,0.964380979537964,0.729233980178833,8.526480087311938e-06,5.087949830340222e-07,9.408419828105252e-06,6.273599950645803e-08,0.8946580290794373,3.25,8.148160304699559e-06,7.052580031086109e-07,2.410949945449829,946.0,1.0538599491119385,6.340100000556958e-09,5.782559924227826e-07,24.974300384521484,0.25,1660,2523169177951274620,4296700,39.44199511,26.01000225,0.0139560000970959,0.0147096002474427,56195.1524026,20.68239974975586,0.0217259991914033,20.809999465942383,0.0040770000778138,20.863100051879883,0.0328529998660087,262144069,524416,196608,14,1150.02001953125,384.7860107421875,0.0558237992227077,0.0588385015726089,1.3097399473190308,1.2480100393295288,84.96849822998047,0.1400980055332183,-0.4696089923381805,0.9988610148429872,0.9988610148429872,1.3764100074768066,0.1866900026798248,-0.0026281299069523,0.1925500035285949,0.8911120295524597,0.7453240156173706,1.9365799744264223e-05,4.207439872061514e-07,1.7218799257534556e-05,7.02013025488668e-08,0.904088020324707,3.0,1.6397500075981952e-05,5.387129817790992e-07,2.2277801036834717,1360.0,-0.7231159806251526,1.344340017084278e-08,6.711770197398437e-07,24.99839973449707,0.25,1660,2523103828950124156,4053256,39.44199732,26.00999895,0.0076230699196457,0.0076894401572644,56152.0322447,20.215200424194336,0.0153550002723932,20.240400314331055,0.0029619999695569,20.361600875854492,0.0248230006545782,262144069,524416,196608,12,1149.97998046875,384.7349853515625,0.0304921995848417,0.0307576991617679,0.9572880268096924,0.946698009967804,-43.20840072631836,0.304731011390686,-0.8608949780464172,0.9980360269546508,0.9980360269546508,1.1642800569534302,0.1135789975523948,-0.003371570026502,0.1202590018510818,0.8157780170440674,0.7118970155715942,2.9780900149489753e-05,4.572889906739875e-07,2.9096700018271804e-05,8.618290081585657e-08,0.8724049925804138,2.25,2.602339918666985e-05,6.459709993578144e-07,2.03944993019104,1530.0,-0.1752360016107559,1.4578899865114181e-08,6.813380082348885e-07,25.03459930419922,0.25,1660,2523104764179252860,4056740,39.4419965,26.0100057,0.0164285004138946,0.0159441996365785,56077.0392398,20.05270004272461,0.0275500006973743,20.116100311279297,0.003967999946326,20.2278995513916,0.0421460010111331,262144069,524416,196608,13,1150.0,384.8489990234375,0.0657137036323547,0.0637767985463142,1.0830700397491455,1.047629952430725,5.877170085906982,0.5359969735145569,-0.9890270233154296,0.9967830181121826,0.9967830181121826,1.1863399744033811,0.1495829969644546,-0.002114679897204,0.1511809974908828,0.831833004951477,0.7326160073280334,3.4587301342980936e-05,9.52886978211609e-07,3.262449899921194e-05,1.2944299498940381e-07,0.8817179799079895,2.5,2.9433900635922328e-05,1.240529968526971e-06,2.079580068588257,780.0,-0.0137524995952844,3.7180701184524885e-08,1.5187399640126389e-06,25.006099700927734,0.25,1660,2523108762525369980,4071635,39.44198968,26.00998934,0.0161828994750976,0.0152364997193217,56076.6176255,19.92099952697754,0.0461039990186691,19.92490005493164,0.0033269999548792,20.07110023498535,0.0694499984383583,195035141,655488,196608,12,1150.0799560546875,384.6000061035156,0.0647315979003906,0.060945700854063,0.7764610052108765,0.7469819784164429,-62.80989837646485,1.1977399587631226,0.9212070107460022,0.9959020018577576,0.9959020018577576,1.3393499851226809,0.1053609997034072,-0.0030628100503236,0.10521200299263,0.6968479752540588,0.6331580281257629,3.904819823219441e-05,1.8002899651037296e-06,3.8907000998733565e-05,1.294280025376793e-07,0.8355630040168762,2.0,3.400510104256682e-05,2.3616400994797004e-06,1.7421200275421145,970.0,0.0989138036966323,1.603980024356133e-07,3.486379910100368e-06,25.045499801635746,0.25,0.0129659127804579,,,,,,,,,,,,,,,,,
PSO J023746.079+260036.000,-999,-999,-999,139210394420142575,946363000020808,164583146803527,0,17564787633519,13921,1,1857,55,0.733792406258911,946363,38320,3,436527104,52,39.44199601,26.01000023,0.0010000000474974,0.0010000000474974,39.44198617,26.00999656,0.0118199996650218,0.0107699995860457,55922.3828588,0.9643999934196472,0.6940510173821214,0.5709522026272957,0.4385279553071637,45.173813180747274,10.092030702515263,150.9191751689643,-31.019854274324004,-999,10,47,5,10,12,11,9,1121788000005523,0,1,1571,2523116941485278755,4102104,39.44198679,26.00997657,0.03053729981184,0.0284438002854585,55907.0427922,21.603900909423828,0.0595850013196468,21.54170036315918,0.0075810002163052,21.662200927734375,0.0799390003085136,195035141,524288,0,6,1150.1199951171875,6169.4501953125,0.1221499964594841,0.1137749999761581,1.2517600059509275,1.1897799968719482,-32.457000732421875,0.4068639874458313,0.2564060091972351,0.9989460110664368,0.9989460110664368,1.344630002975464,0.2138320058584213,0.0310289002954959,0.2008309960365295,0.8879680037498474,0.6586729884147644,8.288019671454094e-06,4.938380016028532e-07,8.776730282988865e-06,6.65379005226896e-08,0.8974570035934448,3.0,7.854409886931535e-06,6.278770001699741e-07,2.2199199199676514,774.0,1.1349300146102903,1.0973599806618496e-08,5.724330094381003e-07,24.99959945678711,0.25,1571,2523169164261066275,4296649,39.44200053,26.01000152,0.0137034999206662,0.0141401002183556,56143.7089132,20.71500015258789,0.021756999194622,20.782400131225582,0.004838999826461,20.891300201416016,0.0335160009562969,262144069,524416,0,14,1149.969970703125,6169.7998046875,0.0548141002655029,0.0565603002905845,1.2712600231170654,1.238450050354004,87.54309844970703,0.0891757011413574,-0.5873399972915649,0.9982860088348388,0.9982860088348388,1.4918500185012815,0.1750510036945343,-0.0030061099678277,0.1802169978618621,0.8942890167236328,0.7955800294876099,1.8793400158756413e-05,4.088940102064953e-07,1.766280001902487e-05,8.547760188548638e-08,0.8944240212440491,2.75,1.597720074641984e-05,5.354909831112309e-07,2.235719919204712,940.0,-0.5426939725875854,7.86218024018126e-09,7.047310077723523e-07,25.016799926757812,0.25,1571,2523103827071075875,4053249,39.44199846,26.00999804,0.0076547698117792,0.0077943801879882,56073.3648704,20.22450065612793,0.0153219997882843,20.266199111938477,0.0034090001136064,20.37619972229004,0.0244859997183084,262144069,524416,0,12,1149.97998046875,6169.72998046875,0.0306190997362136,0.0311775002628564,0.978285014629364,0.9609100222587584,-61.7577018737793,0.2626279890537262,-0.3659519851207733,0.9980430006980896,0.9980430006980896,1.214169979095459,0.1130520030856132,-0.0032772799022495,0.1186320036649704,0.791471004486084,0.6993200182914734,2.9524600904551335e-05,4.523679990597884e-07,2.8412099709385075e-05,9.685270185855188e-08,0.8724049925804138,2.25,2.5675599317764863e-05,6.287029918894405e-07,1.9786800146102903,1170.0,-0.9040820002555848,2.0686300672423386e-08,6.89104012963071e-07,25.041000366210938,0.25,1571,2523104761763333667,4056731,39.44199552,26.01000748,0.0162038002163171,0.0159283000975847,56119.4142644,20.07110023498535,0.0276480000466108,20.12829971313477,0.004311999771744,20.234800338745117,0.0422159992158412,262144005,524416,0,13,1150.010009765625,6169.85986328125,0.0648154988884925,0.0637134984135627,1.07860004901886,1.0566799640655518,7.313360214233398,0.4668180048465729,0.9370650053024292,0.9956030249595642,0.9956030249595642,1.1831799745559692,0.1510989964008331,-0.0020714600104838,0.1540320068597793,0.8354499936103821,0.7405350208282471,3.400619971216656e-05,9.402110094924864e-07,3.2261101296171546e-05,1.3912000440541308e-07,0.8753520250320435,2.5,2.924739965237677e-05,1.2346999938017689e-06,2.0886199474334717,660.0,0.0789586976170539,4.5940200976701824e-08,1.472399958402093e-06,25.017499923706055,0.25,1571,2523108760109450787,4071626,39.44199428,26.00998936,0.0159034002572298,0.0150504000484943,56051.8582931,19.931299209594727,0.0460509993135929,19.96310043334961,0.0035999999381601,20.19389915466309,0.0716999992728233,195035141,655488,0,13,1150.030029296875,6169.60986328125,0.0636136978864669,0.0602018013596534,0.8014320135116577,0.7633039951324463,-71.54070281982422,1.2303500175476074,-0.6825469732284546,0.9950900077819824,0.9950900077819824,1.3639099597930908,0.106013000011444,-0.0033942800946533,0.1074540019035339,0.6676430106163025,0.5965909957885742,3.867789928335697e-05,1.7811699990488703e-06,3.756400110432878e-05,1.3524700648304133e-07,0.830590009689331,2.0,3.0369199521373957e-05,2.1774699234811123e-06,1.6691099405288696,860.0,-0.4089890122413635,2.1557700335961274e-07,3.423140015001991e-06,25.05430030822754,0.25,0.0129659127804579,,,,,,,,,,,,,,,,,
PSO J023745.333+260023.628,-999,-999,-999,139200394388948419,946363000020484,164583146803203,0,17564787635120,13920,1,1857,55,0.789371012513871,946363,38320,3,436527232,52,39.43889149,26.00656338,0.0010000000474974,0.0010000000474974,39.43888148,26.00656066,0.0115099996328353,0.0127400001510977,55943.00462963,1.345900058746338,0.6941022630000938,0.5709312978153853,0.4384740604334405,45.17003162783615,10.08963697744991,150.91815526093842,-31.024193300056,-999,10,45,1,8,15,12,9,1121594000004888,1,1,1715,2523116944169633459,4102114,39.43882418,26.00648772,0.0774220004677772,0.072717897593975,55882.7709466,22.807199478149418,0.1396629959344864,22.823699951171875,0.0124599998816847,23.2593994140625,0.2952800095081329,195035141,655360,196608,8,1191.0799560546875,334.23699951171875,0.309688001871109,0.2908720076084137,1.2707200050354004,1.1995799541473389,-15.11139965057373,0.4363589882850647,-0.0171588994562625,0.9981060028076172,0.9981060028076172,1.2581499814987185,0.1553850024938583,-0.0792590975761413,0.1758130043745041,0.964380979537964,0.8360850214958191,2.7359399155102437e-06,3.821089933353506e-07,2.694670001801569e-06,3.3574700353256055e-08,0.9116089940071106,3.25,1.8040400391328149e-06,5.326970153873845e-07,2.410949945449829,946.0,-2.3832900524139404,1.1107499808815646e-08,5.768479809376004e-07,24.974300384521484,0.25,1715,2523169177951274675,4296700,39.43888848,26.00655293,0.0241132993251085,0.0226015001535415,56195.1524026,21.37849998474121,0.0444069989025592,21.6033992767334,0.0058749997988343,21.556900024414062,0.0687690004706382,195035141,655488,196608,12,1190.25,335.13800048828125,0.0964531973004341,0.0904057025909423,1.30826997756958,1.2478100061416626,86.18440246582031,0.1456460058689117,-0.5622410178184509,0.998826026916504,0.998826026916504,1.3718600273132324,0.1923139989376068,0.0282310005277395,0.2040559947490692,0.8911120295524597,0.6983889937400818,1.020010040519992e-05,4.529590000856843e-07,8.291590347653255e-06,4.8714898781554445e-08,0.8974570035934448,3.0,8.654489647597075e-06,5.95159974636772e-07,2.2277801036834717,1360.0,-0.5795149803161621,1.3769500206706198e-08,6.740210096722876e-07,24.99839973449707,0.25,1715,2523103828950124211,4053256,39.43889357,26.00656925,0.006583500187844,0.006594100035727,56152.0322447,20.254899978637695,0.0132529996335506,20.239200592041016,0.0029599999543279,20.352100372314453,0.0212949998676776,262144069,524416,196608,15,1190.1800537109375,335.3689880371094,0.0263340007513761,0.026376400142908,0.9565020203590392,0.946283996105194,-45.73860168457031,0.3040330111980438,0.4148040115833282,0.9981619715690612,0.9981619715690612,1.111299991607666,0.1210400015115737,-0.0023380699567496,0.1226589977741241,0.857213020324707,0.7238309979438782,2.8711599952657707e-05,3.805209871643456e-07,2.9128799724276178e-05,8.623030112175911e-08,0.8684750199317932,2.25,2.625190063554328e-05,5.590209752881492e-07,2.1430299282073975,1530.0,0.8154680132865906,1.7210599168038243e-08,6.809610226810037e-07,25.03459930419922,0.25,1715,2523104764179252915,4056740,39.43888914,26.00656275,0.0119682000949978,0.0116889998316764,56077.0392398,19.72800064086914,0.0200720001012086,19.715999603271484,0.0032999999821186,19.850400924682617,0.0307509992271661,262144005,524416,196608,14,1190.239990234375,335.2929992675781,0.0478728003799915,0.0467559993267059,1.085669994354248,1.0507099628448486,6.229440212249756,0.5283809900283813,-0.7899720072746277,0.9965749979019164,0.9965749979019164,1.1027400493621826,0.1497029960155487,0.0046467301435768,0.1555909961462021,0.8752729892730713,0.7256619930267334,4.6646098780911416e-05,9.362769901599676e-07,4.716320108855143e-05,1.556350071041379e-07,0.8817179799079895,2.5,4.167290171608329e-05,1.2814899719160169e-06,2.1881799697875977,780.0,-0.2663469910621643,4.3631398938259736e-08,1.5114100051505377e-06,25.006099700927734,0.25,1715,2523108762525370035,4071635,39.4388915,26.0065638,0.0145794004201889,0.0148366000503301,56076.6176255,19.56130027770996,0.0324539989233017,19.444400787353516,0.0026660000439733,19.548099517822266,0.0502239987254142,262144005,655488,196608,13,1190.2099609375,335.29400634765625,0.0583176016807556,0.0593462996184825,0.7768430113792419,0.7469769716262817,-62.89659881591797,1.2023099660873413,0.0438910983502864,0.9974510073661804,0.9974510073661804,1.289080023765564,0.093472696840763,-0.0018652499420568,0.1146790012717247,0.8450449705123901,0.7016239762306213,5.4386400734074414e-05,1.765060005709529e-06,6.05669010838028e-05,1.614859996834639e-07,0.8504840135574341,2.0,5.5049000366125256e-05,2.764789996945183e-06,2.112610101699829,970.0,2.015130043029785,1.5312799916955558e-07,3.452669943726505e-06,25.045499801635746,0.25,0.0100155524219625,,,,,,,,,,,,,,,,,
PSO J023745.333+260023.628,-999,-999,-999,139200394388948419,946363000020484,164583146803203,0,17564787635120,13920,1,1857,55,0.789371012513871,946363,38320,3,436527232,52,39.43889149,26.00656338,0.0010000000474974,0.0010000000474974,39.43888148,26.00656066,0.0115099996328353,0.0127400001510977,55943.00462963,1.345900058746338,0.6941022630000938,0.5709312978153853,0.4384740604334405,45.17003162783615,10.08963697744991,150.91815526093842,-31.024193300056,-999,10,45,1,8,15,12,9,1121788000005509,0,1,1619,2523116941485278803,4102104,39.43883185,26.0064906,0.070831798017025,0.0659758001565933,55907.0427922,22.825199127197266,0.1382070034742355,23.015199661254883,0.0149429999291896,23.08449935913086,0.2248249948024749,195035141,655360,0,8,1190.97998046875,6119.27001953125,0.2833270132541656,0.2639040052890777,1.250880002975464,1.1894700527191162,-32.66130065917969,0.4073520004749298,-0.0389051996171474,0.998740017414093,0.998740017414093,1.2732700109481812,0.1626870036125183,-0.0725547969341278,0.1712989956140518,0.8879680037498474,0.9096450209617616,2.6909299322142033e-06,3.719059975537675e-07,2.258939957755502e-06,3.3756300865661615e-08,0.8974570035934448,3.0,2.119410055456683e-06,4.7649601242483186e-07,2.2199199199676514,774.0,-2.065190076828003,1.3109399787936128e-08,5.732080126108485e-07,24.99959945678711,0.25,1619,2523169164261066323,4296649,39.43889147,26.00655209,0.022308999672532,0.0211430992931127,56143.7089132,21.38610076904297,0.0434730015695095,21.54800033569336,0.006885000038892,21.57379913330078,0.0647339969873428,195035141,655488,0,12,1190.22998046875,6120.14990234375,0.0892361998558044,0.0845725983381271,1.271340012550354,1.2391400337219238,89.1709976196289,0.0928867980837822,-0.6153320074081421,0.9977579712867736,0.9977579712867736,1.4204299449920654,0.1954759955406189,0.0276209004223346,0.1729889959096908,0.8417890071868896,0.7894899845123291,1.0128599569725338e-05,4.403210027703608e-07,8.725920451979619e-06,6.007979891364812e-08,0.8944240212440491,2.75,8.520960363966879e-06,5.515959742297127e-07,2.1044700145721436,940.0,-0.5024759769439697,8.332809997568802e-09,7.069079970278835e-07,25.016799926757812,0.25,1619,2523103827071075923,4053249,39.43889552,26.00656939,0.0064385100267827,0.0065237800590693,56073.3648704,20.27379989624023,0.0128800002858042,20.27090072631836,0.0034159999340772,20.378999710083008,0.0208870004862546,262144069,524416,0,16,1190.1600341796875,6120.3798828125,0.0257539991289377,0.0260950997471809,0.978348970413208,0.9604169726371764,-63.557899475097656,0.2634660005569458,0.6283419728279114,0.998166024684906,0.998166024684906,1.126139998435974,0.1204250007867813,-0.003022959921509,0.1233490034937858,0.8476420044898987,0.7291529774665833,2.821589987433981e-05,3.634089864590351e-07,2.828979995683767e-05,9.664400124620445e-08,0.8684750199317932,2.25,2.5610199372749776e-05,5.34926982709294e-07,2.119110107421875,1170.0,0.484061986207962,2.537150045611725e-08,6.883420269332419e-07,25.041000366210938,0.25,1619,2523104761763333715,4056731,39.43888761,26.00656296,0.0118314996361732,0.0116956001147627,56119.4142644,19.74839973449707,0.020185999572277,19.739599227905273,0.0036059999838471,19.864700317382812,0.0308759994804859,262144005,524416,0,14,1190.260009765625,6120.27978515625,0.0473261997103691,0.0467825010418891,1.080299973487854,1.0586899518966677,7.34099006652832,0.4593400061130523,-0.8165990114212036,0.9970170259475708,0.9970170259475708,1.0929700136184692,0.1519729942083358,0.0044712601229548,0.1586589962244033,0.8731129765510559,0.7212799787521362,4.577610161504708e-05,9.240440022040276e-07,4.6146800741553307e-05,1.663880055957634e-07,0.8817179799079895,2.5,4.1124698327621445e-05,1.2697900046987345e-06,2.1827800273895264,660.0,-0.2319220006465912,5.240210043666593e-08,1.4741599443368614e-06,25.017499923706055,0.25,1619,2523108760109450835,4071626,39.438892,26.00656469,0.0154223004356026,0.0159409008920192,56051.8582931,19.612300872802734,0.033620998263359,19.50900077819824,0.0029209998901933,19.62529945373535,0.0512150004506111,262144005,655488,0,14,1190.2099609375,6120.31982421875,0.0616891011595726,0.0637637972831726,0.8026990294456482,0.7643359899520874,-71.34049987792969,1.2283300161361694,0.1905110031366348,0.997310996055603,0.997310996055603,1.291540026664734,0.1001980006694793,-0.0020677999127656,0.1208079978823661,0.8407430052757263,0.7260090112686157,5.1888098823837936e-05,1.744539986248128e-06,5.706839874619618e-05,1.667019944306958e-07,0.8455110192298889,2.0,5.126999894855544e-05,2.625780098242103e-06,2.1018600463867188,860.0,1.3090699911117554,2.2078600636632473e-07,3.4238000807818025e-06,25.05430030822754,0.25,0.0100155524219625,,,,,,,,,,,,,,,,,
PSO J023744.832+260036.584,-999,-999,-999,139210394368272757,946363000020275,164583146802994,0,17564787636040,13921,1,1857,55,0.187229309405414,946363,38320,3,436285440,52,39.43695872,26.01018237,0.0010000000474974,0.0010000000474974,39.43680289,26.01016235,0.1216700002551078,0.1216700002551078,55810.50894676,0.0820000022649765,0.694101685885873,0.5708886067041666,0.4385305558176809,45.16937043957484,10.093641748180223,150.91427205853185,-31.021872089836933,-999,8,2,0,0,2,0,0,1121594000004876,1,0,1754,2523116944169633498,4102114,39.43687317,26.01016191,0.8446909785270691,0.7933679819107056,55882.7709466,-999.0,1.5237499475479126,25.93939971923828,0.0523159988224506,-999.0,-999.0,35651585,4,196608,10,1216.2900390625,387.1589965820313,3.378770112991333,3.1734700202941895,1.2710700035095217,1.2010300159454346,-15.07409954071045,0.4333800077438354,-999.0,0.9984250068664552,0.9984250068664552,1.2736999988555908,-999.0,-999.0,-999.0,-999.0,-999.0,-2.2034899416212286e-07,3.357569937634253e-07,1.5284500420875704e-07,7.996200146465071e-09,0.902191996574402,3.25,-999.0,-999.0,-999.0,946.0,-999.0,1.2295900297942808e-08,5.728110181735246e-07,24.974300384521484,0.25,1754,2523169177951274714,4296700,39.43696172,26.01021022,0.079907901585102,0.0748978033661842,56195.1524026,22.849599838256836,0.147158995270729,22.089099884033203,0.0073480000719428,22.15719985961914,0.1413670033216476,35667969,0,196608,11,1215.1500244140625,387.8169860839844,0.3196310102939605,0.2995910048484802,1.3073899745941162,1.2476500272750854,86.95939636230469,0.1490830034017563,5.7447298473789494e-08,0.999023973941803,0.999023973941803,1.412019968032837,0.3526360094547272,-0.0745417028665542,0.246845006942749,1.185230016708374,0.935122013092041,2.631210008985363e-06,3.872069953558821e-07,5.300859811541159e-06,3.895080169513676e-08,0.8974570035934448,3.0,4.978639935870888e-06,7.038129865577503e-07,2.963079929351806,1360.0,5.426569938659668,1.6614499998013343e-08,6.706230237796262e-07,24.99839973449707,0.25,1754,2523103828950124250,4053256,39.43687175,26.01017371,0.0340346992015838,0.0316982008516788,56152.0322447,22.24760055541992,0.0803420022130012,22.07010078430176,0.006878999993205,22.17169952392578,0.1230949983000755,35667969,0,196608,13,1216.31005859375,387.2879943847656,0.1361390054225921,0.1267929971218109,0.956013023853302,0.9459919929504396,-47.47990036010742,0.3035790026187897,0.0016456899465993,0.9977689981460572,0.9977689981460572,1.1744799613952637,0.1458580046892166,-0.0258809998631477,0.1196229979395866,0.8763939738273621,0.8078910112380981,4.581020220939536e-06,3.6804800629397505e-07,5.394670097302878e-06,3.7109199269025346e-08,0.8645449876785278,2.25,4.912630174658261e-06,6.047180249879602e-07,2.1909799575805664,1530.0,3.1476800441741943,1.907029911762947e-08,6.759939878975274e-07,25.03459930419922,0.25,1754,2523104764179252954,4056740,39.43695573,26.01012439,0.0521574988961219,0.0488747991621494,56077.0392398,21.74099922180176,0.1185659989714622,22.11590003967285,0.0099649997428059,22.404199600219727,0.2776289880275726,35651585,0,196608,14,1215.22998046875,386.593994140625,0.2086299955844879,0.1954990029335022,1.0872900485992432,1.0526200532913208,6.453470230102539,0.5236539840698242,-7.757479761494324e-05,0.9964420199394226,0.9964420199394226,1.1039799451828003,0.1376630067825317,-0.0274275001138448,0.1124430000782013,0.7747690081596375,0.4294289946556091,7.304619884962449e-06,8.660799721837975e-07,5.171819793758914e-06,5.153809823355005e-08,0.8689860105514526,2.5,3.965620180679252e-06,1.1009700529029942e-06,1.9369200468063352,780.0,-3.951770067214966,4.4168501744934474e-08,1.5205099543891265e-06,25.006099700927734,0.25,1754,2523108762525370074,4071635,39.43697755,26.01018508,0.058551900088787,0.0551275014877319,56076.6176255,21.448299407958984,0.166811004281044,21.0447998046875,0.0055709998123347,21.388399124145508,0.1935119926929474,35651585,0,196608,15,1214.949951171875,387.4540100097656,0.2342070043087005,0.2205100059509277,0.7771279811859131,0.7470239996910095,-62.948699951171875,1.2051199674606323,0.011154499836266,0.99617201089859,0.99617201089859,1.2664400339126587,0.1357689946889877,-0.0155841996893286,0.14580799639225,0.6418949961662292,0.7577610015869141,9.565020263835322e-06,1.5955599792505382e-06,1.3870499969925731e-05,7.727920348088446e-08,0.830590009689331,2.0,1.0107900379807688e-05,1.956000005520764e-06,1.604740023612976,970.0,2.5378201007843018,1.55685000891026e-07,3.447230028541526e-06,25.045499801635746,0.25,0.0084774313136082,,,,,,,,,,,,,,,,,
PSO J023744.832+260036.584,-999,-999,-999,139210394368272757,946363000020275,164583146802994,0,17564787636040,13921,1,1857,55,0.187229309405414,946363,38320,3,436285440,52,39.43695872,26.01018237,0.0010000000474974,0.0010000000474974,39.43680289,26.01016235,0.1216700002551078,0.1216700002551078,55810.50894676,0.0820000022649765,0.694101685885873,0.5708886067041666,0.4385305558176809,45.16937043957484,10.093641748180223,150.91427205853185,-31.021872089836933,-999,8,2,0,0,2,0,0,1121788000005498,0,0,1650,2523116941485278834,4102104,39.43688117,26.01015699,0.7859219908714294,0.7320420145988464,55907.0427922,-999.0,1.5334899425506592,-999.0,0.0767050012946128,-999.0,-999.0,35651585,4,0,10,1216.18994140625,6172.080078125,3.1436901092529297,2.9281699657440186,1.2503399848937988,1.1892800331115725,-32.78929901123047,0.4076530039310455,-999.0,0.9987959861755372,0.9987959861755372,1.2907700538635254,-999.0,-999.0,-999.0,-999.0,-999.0,-2.128309972704301e-07,3.2637399272061884e-07,-7.976019844591066e-08,6.118030082546966e-09,0.8996679782867432,3.0,-999.0,-999.0,-999.0,774.0,-999.0,1.4128000103141858e-08,5.715180009246978e-07,24.99959945678711,0.25,1650,2523169164261066354,4296649,39.43693166,26.01019908,0.0700976029038429,0.066434197127819,56143.7089132,22.80030059814453,0.1365980058908462,22.01449966430664,0.00853499956429,22.09939956665039,0.1224849969148635,35667969,0,0,11,1215.5699462890625,6172.68017578125,0.2803910076618194,0.2657369971275329,1.2714200019836426,1.2395399808883667,-89.77860260009766,0.0952230989933013,1.2028399609675944e-08,0.999455988407135,0.999455988407135,1.508080005645752,0.2972019910812378,-0.075202502310276,0.2358849942684173,1.099679946899414,0.8839790225028992,2.7533799311640905e-06,3.76104992483306e-07,5.678050001733936e-06,4.8464301016792894e-08,0.8865320086479187,2.75,5.250779850030085e-06,6.431420160879497e-07,2.749190092086792,940.0,5.699319839477539,8.953949581780307e-09,7.081409876263933e-07,25.016799926757812,0.25,1650,2523103827071075954,4053249,39.43688388,26.01016178,0.0328967012465,0.0311014000326395,56073.3648704,22.266199111938477,0.077855996787548,22.11240005493164,0.0079770004376769,22.22529983520508,0.1182989999651908,35651585,0,0,14,1216.1600341796875,6172.1201171875,0.1315869987010955,0.1244049966335296,0.9784089922904968,0.9600790143013,-64.66130065917969,0.2640079855918884,0.0593414008617401,0.9966440200805664,0.9966440200805664,1.2319999933242798,0.1416720002889633,-0.0215146001428365,0.1145190000534057,0.8371660113334656,0.6704710125923157,4.5032898015051614e-06,3.506100085814978e-07,5.188239811104722e-06,4.1387600901998673e-08,0.8684750199317932,2.25,4.676060143538052e-06,5.531740043807076e-07,2.0929200649261475,1170.0,1.8856600522994995,2.873420079652078e-08,6.87864996962162e-07,25.041000366210938,0.25,1650,2523104761763333746,4056731,39.43694836,26.01012377,0.0559046007692813,0.0540222004055976,56119.4142644,21.788000106811523,0.1222440004348754,22.290599822998047,0.011672000400722,22.418399810791016,0.279803991317749,35651585,0,0,14,1215.3199462890625,6171.56982421875,0.2236189991235733,0.2160889953374862,1.0813599824905396,1.059939980506897,7.35867977142334,0.4546859860420227,-0.0002139510033885,0.9975249767303468,0.9975249767303468,1.0952800512313845,0.1362870037555694,-0.0307362005114555,0.1090800017118454,0.7776780128479004,0.4891600012779236,6.995199782977579e-06,8.55118003073585e-07,4.403269940667087e-06,5.1397101685779496e-08,0.872169017791748,2.5,3.914240096491994e-06,1.0952200000247103e-06,1.944200038909912,660.0,-3.701950073242187,5.664620061907044e-08,1.4742099665454589e-06,25.017499923706055,0.25,1650,2523108760109450866,4071626,39.43698189,26.01017966,0.0539273992180824,0.0510350987315177,56051.8582931,21.376300811767575,0.1561570018529892,20.986000061035156,0.0057669999077916,21.275800704956055,0.1758880019187927,35651585,0,0,16,1214.9000244140625,6172.39013671875,0.2157099992036819,0.2041399925947189,0.8034759759902954,0.7649679780006409,-71.21890258789062,1.2270900011062622,0.0125820999965071,0.9968550205230712,0.9968550205230712,1.2990100383758545,0.1292369961738586,-0.0239407997578382,0.1573020070791244,0.6676430106163025,0.7394229769706726,1.0220500371360686e-05,1.5959999473125208e-06,1.4641899724665564e-05,8.443859655926644e-08,0.8405370116233826,2.0,1.1211500350327697e-05,1.9719600459211506e-06,1.6691099405288696,860.0,2.49537992477417,2.2768699636799286e-07,3.4241099911014317e-06,25.05430030822754,0.25,0.0084774313136082,,,,,,,,,,,,,,,,,
PSO J023744.033+260027.968,-999,-999,-999,139200394334689874,946363000019930,164583146802649,0,17564787636753,13920,1,1857,55,0.242946907172861,946363,38320,3,436527104,52,39.43347112,26.00776898,0.0010000000474974,0.0010000000474974,39.43346484,26.0077622,0.0073299999348819,0.0080599999055266,55890.73565972,1.030900001525879,0.6941491325619343,0.5708598353577842,0.4384929077405902,45.1657147112548,10.092297594906118,150.91247342551142,-31.02539131021314,-999,10,54,3,10,13,12,16,1121594000004849,1,1,1826,2523116944169633570,4102114,39.43343015,26.00773595,0.0513897016644477,0.048267301172018,55882.7709466,22.468000411987305,0.0927029997110366,22.111299514770508,0.0089750001206994,22.179000854492188,0.1224910020828247,195035141,655360,196608,10,1260.8699951171875,352.25201416015625,0.2055590003728866,0.1930689960718155,1.271690011024475,1.203580021858215,-15.005000114440918,0.4281130135059356,0.0782968029379844,0.998438000679016,0.998438000679016,1.3508399724960327,0.2176630049943924,-0.0211881007999181,0.2507970035076141,1.2004499435424805,0.8104180097579956,3.739379963008105e-06,3.466500118065597e-07,5.193699962546816e-06,4.661189834109791e-08,0.904075026512146,3.25,4.879590051132254e-06,5.977050250294269e-07,3.0011401176452637,946.0,1.7606600522994995,1.7060699519788614e-08,5.709400170417211e-07,24.974300384521484,0.25,1826,2523169177951274786,4296700,39.43347072,26.00776871,0.0233903992921113,0.0246892999857664,56195.1524026,21.241500854492188,0.0360580012202262,21.22669982910156,0.0049390001222491,21.34079933166504,0.0548029989004135,262144005,524416,196608,11,1260.3499755859375,352.68499755859375,0.09356140345335,0.0987569987773895,1.3058500289916992,1.2473000288009644,88.40390014648438,0.1553130000829696,0.7581350207328796,0.9996700286865234,0.9996700286865234,1.330430030822754,0.1826039999723434,0.0161786004900932,0.2170969992876052,0.9330689907073976,0.7926089763641357,1.1572100447665434e-05,4.172659942014434e-07,1.173069995275e-05,5.7943701392559894e-08,0.8952469825744629,3.0,1.0560400369286072e-05,5.787420036540425e-07,2.332669973373413,1360.0,0.3079299926757812,1.7695599652256533e-08,6.726129981871054e-07,24.99839973449707,0.25,1826,2523103828950124322,4053256,39.43347151,26.00776925,0.0048680701293051,0.0048723500221967,56152.0322447,19.784500122070312,0.0098750004544854,19.803699493408203,0.002422000048682,19.91349983215332,0.0156890004873275,262144069,524416,196608,13,1260.3399658203125,352.69000244140625,0.019472200423479,0.019489400088787,0.95523202419281,0.945455014705658,-50.553001403808594,0.3028140068054199,0.975077986717224,0.9980720281600952,0.9980720281600952,1.2287700176239014,0.1193960011005401,0.0002913629868999,0.1187890022993087,0.861981987953186,0.7252740263938904,4.42790005763527e-05,4.372579951450462e-07,4.3501899199327454e-05,1.0537900152485237e-07,0.8606160283088684,2.25,3.931930041289888e-05,6.168929758132435e-07,2.1549599170684814,1530.0,0.0312401000410318,2.2386599241031035e-08,6.750530019417056e-07,25.03459930419922,0.25,1826,2523104764179253026,4056740,39.43347607,26.00777085,0.0067973299883306,0.0065502300858497,56077.0392398,19.070999145507812,0.0114320004358887,19.07830047607422,0.0024600001052021,19.19409942626953,0.0179420001804828,262144069,524416,196608,14,1260.2900390625,352.7300109863281,0.0271892994642257,0.0262008998543024,1.0902199745178225,1.056079983711243,6.868790149688721,0.5151159763336182,-0.9538670182228088,0.9973769783973694,0.9973769783973694,1.1188000440597534,0.155250996351242,0.0003548600070644,0.1538240015506744,0.9324060082435608,0.793615996837616,8.543169678887352e-05,9.766420134837972e-07,8.485680154990405e-05,2.0876099426914155e-07,0.8817179799079895,2.5,7.627189916092902e-05,1.3684499435839823e-06,2.3310201168060303,780.0,-0.0578511990606784,5.0610200474920937e-08,1.5152299965848217e-06,25.006099700927734,0.25,1826,2523108762525370146,4071635,39.43346724,26.00777063,0.0065354499965906,0.0067208399996161,56076.6176255,18.70709991455078,0.0147019997239112,18.69969940185547,0.0018919999711215,18.869800567626953,0.0252069998532533,262144069,524416,196608,15,1260.4000244140625,352.7130126953125,0.0261417999863624,0.0268833003938198,0.777649998664856,0.7471070289611816,-63.041900634765625,1.210279941558838,0.7939659953117371,0.997776985168457,0.997776985168457,1.2585099935531616,0.098694197833538,-0.0014738600002601,0.0999602004885673,0.8324769735336304,0.7040280103683472,0.0001194479991681,1.7561600316184922e-06,0.000120254997455,2.2754500150767853e-07,0.8405370116233826,2.0,0.0001028199985739,2.591739985291497e-06,2.0811901092529297,970.0,0.2611640095710754,1.477950064554534e-07,3.415319952182472e-06,25.045499801635746,0.25,0.0050894194160663,,,,,,,,,,,,,,,,,
PSO J023744.033+260027.968,-999,-999,-999,139200394334689874,946363000019930,164583146802649,0,17564787636753,13920,1,1857,55,0.242946907172861,946363,38320,3,436527104,52,39.43347112,26.00776898,0.0010000000474974,0.0010000000474974,39.43346484,26.0077622,0.0073299999348819,0.0080599999055266,55890.73565972,1.030900001525879,0.6941491325619343,0.5708598353577842,0.4384929077405902,45.1657147112548,10.092297594906118,150.91247342551142,-31.02539131021314,-999,10,54,3,10,13,12,16,1121788000005468,0,1,1724,2523116941485278908,4102104,39.43344848,26.00773717,0.0474855005741119,0.0442300997674465,55907.0427922,22.49959945678711,0.0926539972424507,22.21529960632324,0.01033900026232,22.278200149536133,0.1221359968185424,195035141,655360,0,10,1260.6400146484375,6137.259765625,0.1899420022964477,0.1769209951162338,1.2493900060653689,1.1889400482177734,-33.01860046386719,0.4081839919090271,0.0829712972044944,0.999642014503479,0.999642014503479,1.3645199537277222,0.1968239992856979,-0.0154697997495532,0.2217669934034347,1.1236000061035156,0.7839400172233582,3.6319700029707742e-06,3.365169902735943e-07,4.719279786513653e-06,4.879110093725104e-08,0.9018779993057252,3.0,4.453730070963502e-06,5.439620167635439e-07,2.8090100288391113,774.0,1.7337000370025637,1.6249899204012763e-08,5.709030119760428e-07,24.99959945678711,0.25,1724,2523169164261066428,4296649,39.43346457,26.00776419,0.0221450999379158,0.0229088999330997,56143.7089132,21.231399536132812,0.0348099991679191,21.15220069885254,0.0057379999198019,21.297100067138672,0.0528290010988712,262144005,524416,0,11,1260.4599609375,6137.64013671875,0.0885804966092109,0.0916356965899467,1.2716000080108645,1.240190029144287,-87.87779998779297,0.0993615016341209,0.4072380065917969,0.9995700120925904,0.9995700120925904,1.377869963645935,0.1714120060205459,0.0135859996080398,0.2028730064630508,0.94861501455307,0.7734889984130859,1.167980008176528e-05,4.0657499766894034e-07,1.2564300050144084e-05,7.209270336261397e-08,0.8812710046768188,2.75,1.099380006053252e-05,5.807900151921785e-07,2.371540069580078,940.0,0.828764021396637,9.701089709324153e-09,7.104749784048181e-07,25.016799926757812,0.25,1724,2523103827071076028,4053249,39.43347279,26.00776753,0.0046693999320268,0.0047310101799666,56073.3648704,19.785200119018555,0.0094069996848702,19.82889938354492,0.0027870000340044,19.936100006103516,0.0150319999083876,262144069,524416,0,14,1260.3299560546875,6137.669921875,0.0186775997281074,0.0189239997416734,0.978538990020752,0.9594770073890686,-66.42330169677734,0.2649280130863189,-0.5315709710121155,0.998063027858734,0.998063027858734,1.2339600324630735,0.11769899725914,-0.0007200289983302,0.1190389990806579,0.8370580077171326,0.7207810282707214,4.4250700739212334e-05,4.162509981142648e-07,4.250409983796999e-05,1.1846100278489757e-07,0.856685996055603,2.25,3.850990106002427e-05,5.788920134364162e-07,2.0926499366760254,1170.0,-0.6256099939346313,3.410429982864116e-08,6.870379820611561e-07,25.041000366210938,0.25,1724,2523104761763333820,4056731,39.43347584,26.00777161,0.0067264498211443,0.0065565900877118,56119.4142644,19.09339904785156,0.0115360002964735,19.09339904785156,0.0026769998949021,19.20789909362793,0.017799999564886,262144069,524416,0,14,1260.280029296875,6137.72998046875,0.0269057992845773,0.0262263994663953,1.0832500457763672,1.062190055847168,7.391409873962402,0.4463210105895996,0.954604983329773,0.9974669814109802,0.9974669814109802,1.1251100301742554,0.157256007194519,0.00032362100319,0.1570920050144195,0.922406017780304,0.7903339862823486,8.368080307263881e-05,9.653159622757812e-07,8.368609996978194e-05,2.2406699429211585e-07,0.8817179799079895,2.5,7.530499715358019e-05,1.3404099945546475e-06,2.306020021438598,660.0,0.0569254010915756,6.401560170843369e-08,1.4754499488844883e-06,25.017499923706055,0.25,1724,2523108760109450940,4071626,39.4334663,26.00776856,0.0067168199457228,0.0070242402143776,56051.8582931,18.721900939941406,0.014801999554038,18.69700050354004,0.0020099999383091,18.874799728393555,0.0250489991158247,262144069,524416,0,16,1260.4200439453125,6137.7001953125,0.0268673002719879,0.0280969999730587,0.8049100041389465,0.7661340236663818,-70.99749755859375,1.2247999906539917,0.6321009993553162,0.997660994529724,0.997660994529724,1.2735899686813354,0.1039900034666061,-0.0012056999839842,0.1057690009474754,0.8487589955329895,0.7058669924736023,0.0001178210004582,1.744049995977548e-06,0.0001205540029332,2.422889906483761e-07,0.8355630040168762,2.0,0.0001023509976221,2.563840098446235e-06,2.1219000816345215,860.0,0.4787720143795013,2.361839932518706e-07,3.4247900657646824e-06,25.05430030822754,0.25,0.0050894194160663,,,,,,,,,,,,,,,,,
PSO J023745.959+260011.990,-999,-999,-999,139200394415144561,946363000020758,164583146803477,0,17564787657562,13920,1,1857,55,0.0679739490784462,946363,38320,3,436527104,52,39.4414983,26.00333079,0.0010000000474974,0.0010000000474974,39.44149624,26.00331588,0.0217300001531839,0.0298999994993209,55847.82913194,1.1700999736785889,0.694095382917369,0.5709787478083167,0.4384231619839869,45.17127105104635,10.085820931535933,150.92234312400095,-31.02597433552446,-999,10,29,0,7,13,7,2,1121594000004907,1,1,1666,2523116944169633410,4102114,39.44143032,26.00332745,0.0899666026234626,0.0845002010464668,55882.7709466,23.068599700927734,0.1622920036315918,22.591800689697266,0.0111980000510811,22.684999465942383,0.1933130025863647,195035141,655360,196608,10,1157.3699951171875,288.71099853515625,0.3598659932613373,0.338001012802124,1.2702499628067017,1.1976499557495115,-15.15939998626709,0.4403409957885742,0.054298099130392,0.9988340139389038,0.9988340139389038,1.2833000421524048,0.3411479890346527,-0.0475031994283199,0.1538420021533966,1.1558400392532349,0.614359974861145,2.1505200038518524e-06,3.490119979687734e-07,3.3363799047947396e-06,3.735910070190585e-08,0.904075026512146,3.25,3.061940105908434e-06,5.919109753449447e-07,2.8896000385284424,946.0,1.9244500398635864,9.006369872111009e-09,5.807179945804819e-07,24.974300384521484,0.25,1666,2523169177951274626,4296700,39.44148441,26.00334545,0.0291280001401901,0.0273017007857561,56195.1524026,21.72920036315918,0.0536429993808269,21.73509979248047,0.0062429998070001,21.687999725341797,0.0735030025243759,195035141,655360,196608,14,1156.6800537109375,288.9320068359375,0.1165120005607605,0.1092069968581199,1.3094899654388428,1.247979998588562,85.16580200195312,0.1410129964351654,0.1761099994182586,0.998993992805481,0.998993992805481,1.3396300077438354,0.2153560072183609,-0.0023364399094134,0.2342530041933059,0.9483759999275208,0.6381719708442688,7.384489890682744e-06,3.961229992910376e-07,7.344339792325627e-06,4.584790147532659e-08,0.8974570035934448,3.0,7.670440027141012e-06,5.637970161842532e-07,2.3709399700164795,1360.0,1.3528300523757937,1.06354001161435e-08,6.769660103600472e-07,24.99839973449707,0.25,1666,2523103828950124162,4053256,39.44151061,26.00332358,0.0118514997884631,0.0110379001125693,56152.0322447,21.101900100708008,0.0279770009219646,20.8528995513916,0.0039269998669624,20.90489959716797,0.0396080017089843,262160391,524416,196608,13,1156.3299560546875,288.6130065917969,0.0474060997366905,0.0441516004502773,0.957161009311676,0.9466350078582764,-43.59590148925781,0.304621011018753,3.5617301108459294e-08,0.998308002948761,0.998308002948761,1.169819951057434,0.1411239951848983,-0.0060625500045716,0.1489810049533844,0.923337996006012,0.766277015209198,1.3159399713913444e-05,3.68153990848441e-07,1.6550999134778976e-05,6.499970339746143e-08,0.8527560234069824,2.25,1.577749935677275e-05,6.249139801184356e-07,2.308350086212158,1530.0,5.51131010055542,1.42690996796091e-08,6.854349976492813e-07,25.03459930419922,0.25,1666,2523104764179252866,4056740,39.44150745,26.00329798,0.0240707006305456,0.0225556995719671,56077.0392398,20.729700088500977,0.0547179989516735,20.514799118041992,0.0047670002095401,20.541900634765625,0.0779239982366561,262160391,524288,196608,12,1156.3800048828125,288.260986328125,0.0962824970483779,0.0902227982878685,1.0834800004959106,1.048110008239746,5.931910037994385,0.5347980260848999,0.0017456200439482,0.9965649843215942,0.9965649843215942,1.144469976425171,0.1757919937372207,-0.0146626997739076,0.1849009990692138,1.0419199466705322,0.7073850035667419,1.8540400560596023e-05,1.0144999578187708e-06,2.2599100702791475e-05,1.0773400305197357e-07,0.872169017791748,2.5,2.204150041507091e-05,1.7175600532937096e-06,2.604789972305298,780.0,3.1304099559783936,4.1761701652376366e-08,1.503780026723689e-06,25.006099700927734,0.25,1666,2523108762525369986,4071635,39.44148672,26.00333412,0.0292224008589983,0.0275132991373538,56076.6176255,20.587099075317383,0.0832530036568641,20.79560089111328,0.0049680001102387,21.00790023803711,0.1505430042743683,195035141,655360,196608,14,1156.6400146484375,288.76800537109375,0.1168889999389648,0.11005300283432,0.7765089869499207,0.7469679713249207,-62.82419967651367,1.198490023612976,-0.0367292985320091,0.9983670115470886,0.9983670115470886,1.3515299558639526,0.0880625024437904,0.0193294994533061,0.0685440003871917,0.6418949961662292,0.617097020149231,2.1143499907338992e-05,1.7602600337340846e-06,1.7447999198338948e-05,8.667409900908751e-08,0.8455110192298889,2.0,1.4349599950946867e-05,2.160219992219936e-06,1.604740023612976,970.0,-2.0887598991394043,1.5378199691440386e-07,3.4612201034178725e-06,25.045499801635746,0.25,0.0130420353401127,,,,,,,,,,,,,,,,,
PSO J023745.959+260011.990,-999,-999,-999,139200394415144561,946363000020758,164583146803477,0,17564787657562,13920,1,1857,55,0.0679739490784462,946363,38320,3,436527104,52,39.4414983,26.00333079,0.0010000000474974,0.0010000000474974,39.44149624,26.00331588,0.0217300001531839,0.0298999994993209,55847.82913194,1.1700999736785889,0.694095382917369,0.5709787478083167,0.4384231619839869,45.17127105104635,10.085820931535933,150.92234312400095,-31.02597433552446,-999,10,29,0,7,13,7,2,1121788000005521,0,1,1580,2523116941485278764,4102104,39.44143524,26.00332337,0.0826207995414733,0.0769566968083381,55907.0427922,23.090999603271484,0.1612100005149841,22.66990089416504,0.0127459997311234,22.682300567626953,0.1890140026807785,195035141,655360,0,10,1157.31005859375,6073.64990234375,0.330484002828598,0.3078269958496094,1.2516000270843506,1.1897300481796265,-32.492698669433594,0.4069499969482422,0.0494024008512496,0.9996359944343568,0.9996359944343568,1.2987500429153442,0.295769989490509,-0.0393463000655174,0.1359969973564148,1.1665300130844116,0.7371490001678467,2.106749889208004e-06,3.3962899692596693e-07,3.1049100925883977e-06,3.957550021027601e-08,0.8974570035934448,3.0,3.069669901378802e-06,5.802090186080022e-07,2.9163200855255127,774.0,1.9651000499725344,1.2293000395402489e-08,5.779689900009544e-07,24.99959945678711,0.25,1580,2523169164261066284,4296649,39.44149007,26.00333948,0.0264091007411479,0.0250288993120193,56143.7089132,21.71579933166504,0.0514630004763603,21.657499313354492,0.0072409999556839,21.832799911499023,0.0757379978895187,195035141,655360,0,14,1156.6300048828125,6073.8701171875,0.1056360006332397,0.1001159995794296,1.2712700366973877,1.2385599613189695,87.80780029296875,0.0897876024246215,0.8807250261306763,0.9985499978065492,0.9985499978065492,1.4329299926757812,0.1955990046262741,-0.0055766901932656,0.2192369997501373,0.8646140098571777,0.7550609707832336,7.476350219803862e-06,3.847530081202422e-07,7.888619620644022e-06,5.712459838491669e-08,0.8865320086479187,2.75,6.712310096190777e-06,5.083750238554785e-07,2.161530017852783,940.0,0.1500499993562698,7.388840206346003e-09,7.053350259411673e-07,25.016799926757812,0.25,1580,2523103827071075884,4053249,39.44151237,26.00332386,0.0112639004364609,0.0106491995975375,56073.3648704,21.098899841308594,0.0266580004245042,20.89620018005371,0.0045560002326965,20.97640037536621,0.0397959984838962,262160391,524416,0,14,1156.3199462890625,6073.6201171875,0.0450556017458438,0.0425966009497642,0.978293001651764,0.9608349800109864,-62.04940032958984,0.2627609968185425,3.965420091844862e-06,0.998317003250122,0.998317003250122,1.2023500204086304,0.1340200006961822,-0.0051183700561523,0.146245002746582,0.9059799909591676,0.7224310040473938,1.3196099644119386e-05,3.517839957112301e-07,1.5904399333521724e-05,7.246340061328739e-08,0.8527560234069824,2.25,1.477170008001849e-05,5.878520141777699e-07,2.2649500370025635,1170.0,4.613190174102783,2.1114500370345013e-08,6.886389769533707e-07,25.041000366210938,0.25,1580,2523104761763333676,4056731,39.44150653,26.00330153,0.0254682004451751,0.0246107000857591,56119.4142644,20.76099967956543,0.0556900016963481,20.55470085144043,0.0052479999139904,20.604799270629883,0.0811320021748542,262160391,655360,0,12,1156.3900146484375,6073.2998046875,0.1018730029463768,0.0984428003430366,1.0788700580596924,1.0570000410079956,7.317659854888916,0.4656369984149933,0.0015176100423559,0.9969589710235596,0.9969589710235596,1.140660047531128,0.1791940033435821,-0.014839700423181,0.1833849996328354,1.0388599634170532,0.684486985206604,1.801329926820472e-05,1.0031600368165527e-06,2.1782600015285425e-05,1.1431600199784953e-07,0.872169017791748,2.5,2.0800900529138744e-05,1.6876299469004152e-06,2.5971500873565674,660.0,3.1712899208068848,4.601290015671111e-08,1.475049998589384e-06,25.017499923706055,0.25,1580,2523108760109450796,4071626,39.44148575,26.00333879,0.0291664004325866,0.0276021007448434,56051.8582931,20.58690071105957,0.0844570025801658,20.733200073242188,0.0051330002024769,20.957199096679688,0.1460860073566436,195035141,655360,0,15,1156.6600341796875,6073.85009765625,0.1166659966111183,0.1104080006480217,0.8016409873962402,0.7634739875793457,-71.50749969482422,1.2300100326538086,-0.1687189936637878,0.9978619813919068,0.9978619813919068,1.3764499425888062,0.0949854031205177,0.0207024998962879,0.0791952013969421,0.6676430106163025,0.6797980070114136,2.1146399376448244e-05,1.7859599665825954e-06,1.8480599464965053e-05,9.486389984658673e-08,0.8455110192298889,2.0,1.503489966125926e-05,2.196389914388419e-06,1.6691099405288696,860.0,-1.376330018043518,2.081710022139305e-07,3.425459908612538e-06,25.05430030822754,0.25,0.0130420353401127,,,,,,,,,,,,,,,,,
PSO J023746.154+255959.468,-999,-999,-999,139200394423160385,946363000020847,164583146803566,0,17564787658562,13920,1,1857,45,0.428385062542171,946363,38320,3,444674048,53,39.44211588,25.99992321,0.0010000000474974,0.0010000000474974,39.44231174,25.99985223,0.0968699976801872,0.0968699976801872,56234.51204861,-999.0,0.6941077225391785,0.5710054636406688,0.43836882873213,45.1708806902002,10.082301501633491,150.92497898814906,-31.02870054939421,-999,4,1,0,0,1,0,0,1121594000004910,0,0,1658,2523116944169633402,4102114,39.44211558,25.99991054,0.3772000074386596,0.3542819917201996,55882.7709466,24.662200927734375,0.6804379820823669,23.8435001373291,0.0199280008673667,-999.0,-999.0,35651585,4,0,10,1148.530029296875,239.5030059814453,1.508800029754639,1.4171299934387207,1.2701200246810913,1.1971499919891355,-15.171600341796877,0.4413860142230987,-999.0,0.9991949796676636,0.9991949796676636,1.247599959373474,-999.0,-999.0,-999.0,-999.0,-999.0,4.955820145369216e-07,3.372130095158355e-07,1.0534299690334592e-06,2.0992400706631997e-08,0.8890079855918884,3.25,-999.0,-999.0,-999.0,946.0,-999.0,9.237529852157422e-09,5.827760105603375e-07,24.974300384521484,0.25,1658,2523169177951274618,4296700,39.44211603,25.99991321,0.1296810060739517,0.1215509995818138,56195.1524026,23.379600524902344,0.2388229966163635,23.465200424194336,0.0138480002060532,-999.0,-999.0,35651585,4,0,14,1148.530029296875,239.5030059814453,0.5187249779701233,0.4862020015716553,1.309790015220642,1.2480100393295288,84.92320251464844,0.1398880034685135,-999.0,0.999701976776123,0.999701976776123,1.3558599948883057,-999.0,-999.0,-999.0,-999.0,-999.0,1.6149200519066651e-06,3.856800105950242e-07,1.4924600009180722e-06,2.0667799915941032e-08,0.8665099740028381,3.0,-999.0,-999.0,-999.0,1360.0,-999.0,8.609720048013969e-09,6.799800189583038e-07,24.99839973449707,0.25,1658,2523103828950124154,4053256,39.44211952,25.99991204,0.0370462015271186,0.0345029011368751,56152.0322447,22.401199340820312,0.0874510034918785,21.94379997253418,0.0064900000579655,22.101600646972656,0.1103129982948303,35667969,0,0,14,1148.47998046875,239.4830017089844,0.1481849998235702,0.1380120068788528,0.9573180079460144,0.9467129707336426,-43.11759948730469,0.3047569990158081,6.774819780730468e-07,0.9992089867591858,0.9992089867591858,1.1971999406814575,0.1801069974899292,0.0097803100943565,0.1594910025596618,0.8662499785423279,0.7692199945449829,3.976780135417357e-06,3.477730103895738e-07,6.060230134607991e-06,3.933179826276501e-08,0.848825991153717,2.25,5.240479822532507e-06,5.78090009639709e-07,2.1656301021575928,1530.0,4.967710018157959,1.316250042293632e-08,6.881199965391716e-07,25.03459930419922,0.25,1658,2523104764179252858,4056740,39.44218394,25.99992616,0.0678377002477645,0.0635683014988899,56077.0392398,21.981300354003903,0.1542109996080398,21.776500701904297,0.0085230004042387,21.827699661254883,0.1820079982280731,35651585,0,0,13,1147.6500244140625,239.70199584960935,0.271351009607315,0.254272997379303,1.0829099416732788,1.0474400520324707,5.856470108032227,0.536450982093811,0.2097869962453842,0.9974179863929749,0.9974179863929749,1.2288999557495115,0.213356003165245,-0.0015175299486145,0.1973820030689239,0.8110380172729492,0.7826269865036011,5.854330083820969e-06,9.028020144796756e-07,7.069610092003131e-06,6.02566032625873e-08,0.8689860105514526,2.5,6.743779977114173e-06,1.2274199434614277e-06,2.027600049972534,780.0,1.2541500329971311,4.269870146345056e-08,1.4963500234443927e-06,25.006099700927734,0.25,1658,2523108762525369978,4071635,39.44211573,25.99991323,0.1025969982147216,0.0965967029333114,56076.6176255,21.99250030517578,0.2922939956188202,23.257400512695312,0.0154349999502301,-999.0,-999.0,35651585,4,0,13,1148.530029296875,239.5030059814453,0.4103879928588867,0.3863860070705414,0.7764490246772766,0.7469850182533264,-62.80649948120117,1.1975599527359009,-999.0,0.9990929961204528,0.9990929961204528,1.39342999458313,-999.0,-999.0,-999.0,-999.0,-999.0,5.794369826617185e-06,1.6936600104600077e-06,1.8072699958793237e-06,2.789509956357961e-08,0.8156690001487732,2.0,-999.0,-999.0,-999.0,970.0,-999.0,1.5200299685602658e-07,3.454109901213087e-06,25.045499801635746,0.25,0.0151869736037475,,,,,,,,,,,,,,,,,
PSO J023746.154+255959.468,-999,-999,-999,139200394423160385,946363000020847,164583146803566,0,17564787658562,13920,1,1857,45,0.428385062542171,946363,38320,3,444674048,53,39.44211588,25.99992321,0.0010000000474974,0.0010000000474974,39.44231174,25.99985223,0.0968699976801872,0.0968699976801872,56234.51204861,-999.0,0.6941077225391785,0.5710054636406688,0.43836882873213,45.1708806902002,10.082301501633491,150.92497898814906,-31.02870054939421,-999,4,1,0,0,1,0,0,1121788000005526,1,0,1568,2523116941485278752,4102104,39.44210217,25.99992286,0.3196850121021271,0.2977690100669861,55907.0427922,24.597900390625,0.623769998550415,23.617900848388672,0.0197240002453327,-999.0,-999.0,35651585,4,196608,10,1148.7099609375,6024.669921875,1.2787400484085083,1.1910799741744995,1.2517900466918943,1.1897900104522705,-32.45000076293945,0.4068470001220703,-999.0,0.9996910095214844,0.9996910095214844,1.2686599493026731,-999.0,-999.0,-999.0,-999.0,-999.0,5.258210080683057e-07,3.279909890352428e-07,1.2966499980393564e-06,2.5574900419655933e-08,0.8974570035934448,3.0,-999.0,-999.0,-999.0,774.0,-999.0,1.27693997598044e-08,5.826630058436422e-07,24.99959945678711,0.25,1568,2523169164261066272,4296649,39.44210426,25.99992355,0.1559340059757232,0.1477839946746826,56143.7089132,23.673900604248047,0.303864985704422,23.317100524902344,0.0155509999021887,-999.0,-999.0,35651585,4,196608,14,1148.7099609375,6024.669921875,0.6237360239028931,0.5911380052566528,1.2712600231170654,1.238420009613037,87.49189758300781,0.0890569016337394,-999.0,0.9989370107650756,0.9989370107650756,1.4429600238800049,-999.0,-999.0,-999.0,-999.0,-999.0,1.2315199455770198e-06,3.742160004094331e-07,1.7106000314015546e-06,2.660100051343761e-08,0.8839020133018494,2.75,-999.0,-999.0,-999.0,940.0,-999.0,6.9151600001760025e-09,7.050820158838178e-07,25.016799926757812,0.25,1568,2523103827071075872,4053249,39.44210975,25.99991947,0.0382765009999275,0.0361874997615814,56073.3648704,22.45039939880371,0.0905890017747879,22.046499252319336,0.0077390000224113,22.13260078430176,0.109105996787548,35667969,0,196608,14,1148.6099853515625,6024.60009765625,0.15310600399971,0.1447499990463256,0.9782829880714417,0.9609259963035583,-61.694801330566406,0.2626000046730041,7.694479791098274e-07,0.998661994934082,0.998661994934082,1.2137000560760498,0.1694580018520355,0.0225048996508121,0.1605499982833862,0.8499299883842468,0.7957659959793091,3.8005600799806416e-06,3.442879972226365e-07,5.512999905477045e-06,4.2663298671641314e-08,0.8527560234069824,2.25,5.092690116725862e-06,5.55644987798587e-07,2.1248199939727783,1170.0,4.942959785461426,2.0144600654248282e-08,6.883710170768609e-07,25.041000366210938,0.25,1568,2523104761763333664,4056731,39.44218165,25.99993106,0.0639892965555191,0.0618345998227596,56119.4142644,21.90800094604492,0.1399219930171966,21.64620018005371,0.0086759999394416,21.786300659179688,0.1792510002851486,35651585,0,196608,14,1147.6800537109375,6024.759765625,0.2559570074081421,0.2473389953374862,1.0785000324249268,1.0565600395202637,7.311739921569824,0.4672560095787048,0.2501510083675384,0.9975579977035522,0.9975579977035522,1.2142599821090698,0.2173579931259155,-0.0003279760130681,0.1821240037679672,0.839290976524353,0.7660729885101318,6.263319846766535e-06,8.763749974605162e-07,7.970819751790259e-06,6.91517030304567e-08,0.8785349726676941,2.5,7.006370196904754e-06,1.2558999742395829e-06,2.0982298851013184,660.0,1.1499799489974976,4.3636099178456795e-08,1.4765599871680024e-06,25.017499923706055,0.25,1568,2523108760109450784,4071626,39.44210273,25.99992412,0.1079910025000572,0.1021990031003952,56051.8582931,22.069700241088867,0.3127090036869049,23.14109992980957,0.0155579997226595,-999.0,-999.0,35651585,4,196608,14,1148.7099609375,6024.669921875,0.4319649934768677,0.4087980091571808,0.8013899922370911,0.7632700204849243,-71.54740142822266,1.2304099798202517,-999.0,0.9982720017433168,0.9982720017433168,1.4065300226211548,-999.0,-999.0,-999.0,-999.0,-999.0,5.396359938458772e-06,1.68748999840318e-06,2.011679953284329e-06,3.1298398539547634e-08,0.8405370116233826,2.0,-999.0,-999.0,-999.0,860.0,-999.0,2.0038700654367858e-07,3.4280399177077925e-06,25.05430030822754,0.25,0.0151869736037475,,,,,,,,,,,,,,,,,
PSO J023746.709+260022.071,-999,-999,-999,139200394448477943,946363000021146,164583146803865,0,17564787664365,13920,1,1857,55,0.727308534763109,946363,38320,3,1343750144,160,39.44462453,26.00613089,0.0010000000474974,0.0010000000474974,39.44462453,26.00613089,0.0010000000474974,0.0010000000474974,56042.51752315,-999.0,0.694047571976019,0.5710029579389737,0.4384673190320293,45.174876300925554,10.087618179298468,150.92372148719,-31.022175121290324,-999,2,1,0,0,0,1,0,1121594000004919,1,0,1609,2523116944169633353,4102114,39.44462415,26.00613181,0.9785140156745912,0.919059991836548,55882.7709466,25.628000259399418,1.7651599645614624,26.327699661254883,0.062560997903347,-999.0,-999.0,35651585,4,196608,9,1116.010009765625,329.0719909667969,3.914060115814209,3.6762399673461914,1.269670009613037,1.195289969444275,-15.21560001373291,0.4452269971370697,-999.0,0.9980109930038452,0.9980109930038452,1.2886300086975098,-999.0,-999.0,-999.0,-999.0,-999.0,2.0360400299068718e-07,3.5939399367634906e-07,1.0688400209346582e-07,6.686749820516979e-09,0.9153760075569152,3.25,-999.0,-999.0,-999.0,946.0,-999.0,4.4159698120438415e-09,5.823640094604343e-07,24.974300384521484,0.25,1609,2523169177951274569,4296700,39.44462465,26.00613442,0.8358309864997864,0.783424973487854,56195.1524026,-999.0,1.5392800569534302,-999.0,0.0489219985902309,-999.0,-999.0,35651585,4,196608,14,1116.010009765625,329.0719909667969,3.343319892883301,3.133690118789673,1.3110100030899048,1.248129963874817,83.97380065917969,0.1353999972343444,-999.0,0.9982979893684388,0.9982979893684388,1.3243099451065063,-999.0,-999.0,-999.0,-999.0,-999.0,-2.490959900569578e-07,3.834279880265967e-07,-1.1171100311457849e-07,5.465159880202464e-09,0.8974570035934448,3.0,-999.0,-999.0,-999.0,1360.0,-999.0,9.963749825203651e-09,6.746839744664612e-07,24.99839973449707,0.25,1609,2523103828950124105,4053256,39.44463024,26.00612996,0.0731531977653503,0.0681310966610908,56152.0322447,23.106000900268555,0.1726839989423751,23.84149932861328,0.0155520001426339,24.075000762939453,0.5494160056114197,35651585,0,196608,14,1115.93994140625,329.0039978027344,0.2926119863986969,0.2725239992141723,0.9579820036888124,0.947018027305603,-41.21580123901367,0.3053230047225952,-5.88294005865464e-06,0.9966729879379272,0.9966729879379272,1.1312299966812134,0.0691680014133453,-0.0115585997700691,0.134100005030632,0.6828609704971313,0.7594919800758362,2.0778600173798623e-06,3.588149866118329e-07,1.055360030477459e-06,1.641340041658168e-08,0.8684750199317932,2.25,8.511399869348679e-07,4.676300022765645e-07,1.7071499824523926,1530.0,-4.530550003051758,1.1455099979684746e-08,6.861159818072338e-07,25.03459930419922,0.25,1609,2523104764179252809,4056740,39.44462471,26.0061335,0.1518730074167251,0.142315000295639,56077.0392398,22.831899642944336,0.3452430069446563,23.177499771118164,0.0162480007857084,-999.0,-999.0,35651585,4,196608,14,1116.010009765625,329.0719909667969,0.6074920296669006,0.569258987903595,1.0808600187301636,1.0450199842453003,5.587100028991699,0.5424420237541199,-999.0,0.9949849843978882,0.9949849843978882,1.163280010223389,-999.0,-999.0,-999.0,-999.0,-999.0,2.6744598926597973e-06,9.233380069417764e-07,1.9453700588201173e-06,3.1608799133664434e-08,0.8817179799079895,2.5,-999.0,-999.0,-999.0,780.0,-999.0,3.5616601223864564e-08,1.509900016571919e-06,25.006099700927734,0.25,1609,2523108762525369929,4071635,39.44462436,26.00613444,0.1577530056238174,0.1485269963741302,56076.6176255,22.503700256347656,0.449429988861084,23.158100128173828,0.0147449998185038,-999.0,-999.0,35651585,4,196608,14,1116.010009765625,329.0719909667969,0.6310110092163086,0.5941060185432434,0.7762069702148438,0.7470539808273315,-62.73419952392578,1.193869948387146,-999.0,0.996425986289978,0.996425986289978,1.4036699533462524,-999.0,-999.0,-999.0,-999.0,-999.0,3.618469918365008e-06,1.626249968467164e-06,1.9803499071713304e-06,2.9200300843967852e-08,0.880325973033905,2.0,-999.0,-999.0,-999.0,970.0,-999.0,1.6089299492705322e-07,3.492639962132671e-06,25.045499801635746,0.25,0.0151773123005664,,,,,,,,,,,,,,,,,
PSO J023746.709+260022.071,-999,-999,-999,139200394448477943,946363000021146,164583146803865,0,17564787664365,13920,1,1857,55,0.727308534763109,946363,38320,3,1343750144,160,39.44462453,26.00613089,0.0010000000474974,0.0010000000474974,39.44462453,26.00613089,0.0010000000474974,0.0010000000474974,56042.51752315,-999.0,0.694047571976019,0.5710029579389737,0.4384673190320293,45.174876300925554,10.087618179298468,150.92372148719,-31.022175121290324,-999,2,1,0,0,0,1,0,1121788000005546,0,0,1517,2523116941485278701,4102104,39.44462111,26.00612628,0.7976930141448975,0.7430059909820557,55907.0427922,25.506999969482425,1.5564600229263306,-999.0,0.0572590008378028,-999.0,-999.0,35651585,4,0,9,1116.06005859375,6113.990234375,3.190769910812378,2.9720299243927,1.2524900436401367,1.1900399923324585,-32.28960037231445,0.4064570069313049,-999.0,0.9983890056610109,0.9983890056610109,1.3139899969100952,-999.0,-999.0,-999.0,-999.0,-999.0,2.2761099671697593e-07,3.542670015121985e-07,-1.4313700091861392e-07,8.195850220715784e-09,0.8974570035934448,3.0,-999.0,-999.0,-999.0,774.0,-999.0,9.728950089993305e-09,5.746480269408494e-07,24.99959945678711,0.25,1517,2523169164261066221,4296649,39.44462322,26.00612698,0.5793240070343018,0.5490469932556152,56143.7089132,-999.0,1.128909945487976,-999.0,0.0300249997526407,-999.0,-999.0,35651585,4,0,14,1116.06005859375,6113.990234375,2.317300081253052,2.196190118789673,1.2712299823760986,1.237820029258728,86.21420288085938,0.0860460996627807,-999.0,0.9975939989089966,0.9975939989089966,1.4022599458694458,-999.0,-999.0,-999.0,-999.0,-999.0,-3.295290014193597e-07,3.7200999258857337e-07,-4.218620119900152e-07,1.2666400373007036e-08,0.8891630172729492,2.75,-999.0,-999.0,-999.0,940.0,-999.0,7.239469912434515e-09,7.030009783193236e-07,25.016799926757812,0.25,1517,2523103827071075821,4053249,39.44462711,26.00612742,0.0747253969311714,0.0706472024321556,56073.3648704,23.142200469970703,0.1768520027399063,24.038999557495117,0.0193719994276762,24.066699981689453,0.7237730026245117,35651585,0,0,12,1115.989990234375,6113.97021484375,0.2989009916782379,0.2825889885425567,0.9782580137252808,0.9612990021705629,-60.147098541259766,0.2619200050830841,-1.8998199493580616e-06,0.9973390102386476,0.9973390102386476,1.1526199579238892,0.0622753016650676,-0.0148919997736811,0.1408690065145492,0.9054840207099916,0.6515820026397705,2.009599938901374e-06,3.554019940565923e-07,8.797970281193557e-07,1.7043200628563682e-08,0.8684750199317932,2.25,8.576440109209216e-07,6.207400247149053e-07,2.263710021972656,1170.0,-4.763800144195557,1.6673400438094177e-08,6.895149908814346e-07,25.041000366210938,0.25,1517,2523104761763333613,4056731,39.44462103,26.00612856,0.1553719937801361,0.1501400023698806,56119.4142644,22.82979965209961,0.3397440016269684,23.220199584960938,0.017909999936819,-999.0,-999.0,35651585,4,0,14,1116.06005859375,6113.990234375,0.6214900016784668,0.6005629897117615,1.0771600008010864,1.0549800395965576,7.290679931640625,0.473131000995636,-999.0,0.9958900213241576,0.9958900213241576,1.1656399965286257,-999.0,-999.0,-999.0,-999.0,-999.0,2.6795698886417085e-06,9.103670208787662e-07,1.8703899513639044e-06,3.3497901341661425e-08,0.8817179799079895,2.5,-999.0,-999.0,-999.0,660.0,-999.0,3.9937400941880696e-08,1.472030021432147e-06,25.017499923706055,0.25,1517,2523108760109450733,4071626,39.44462167,26.00612754,0.2146530002355575,0.2031410038471222,56051.8582931,22.854000091552734,0.6215689778327942,24.191499710083008,0.025237999856472,-999.0,-999.0,35651585,4,0,15,1116.06005859375,6113.990234375,0.858614981174469,0.8125640153884888,0.8003619909286499,0.7624310255050659,-71.71219635009766,1.2320599555969238,-999.0,0.996882975101471,0.996882975101471,1.4274100065231323,-999.0,-999.0,-999.0,-999.0,-999.0,2.6205600534012774e-06,1.6288599908875767e-06,7.645119808330492e-07,1.9294599695740544e-08,0.880325973033905,2.0,-999.0,-999.0,-999.0,860.0,-999.0,2.072520004503531e-07,3.4241099911014317e-06,25.05430030822754,0.25,0.0151773123005664,,,,,,,,,,,,,,,,,
PSO J023740.312+255948.429,-999,-999,-999,139190394179846620,946363000018445,164583146801164,0,17564787691541,13919,1,1857,45,0.849756369227317,946363,38320,3,444915712,53,39.41799654,25.99683344,0.0010000000474974,0.0010000000474974,39.41796876,25.99678605,0.0587200000882148,0.0705899968743324,55820.99340278,3.1839001178741455,0.6943683823157453,0.5707254051191727,0.4383207291376614,45.148795667852184,10.086216288027208,150.90402980733572,-31.04158098534204,-999,6,14,0,4,9,1,0,1121594000004751,0,1,2083,2523116944169633827,4102114,39.41799661,25.9968314,0.1139990016818046,0.107072003185749,55882.7709466,23.37739944458008,0.2056439965963363,23.006900787353516,0.0135559998452663,-999.0,-999.0,186646529,655364,0,10,1460.72998046875,195.36000061035156,0.4559960067272186,0.4282900094985962,1.274399995803833,1.2150499820709229,-14.636799812316896,0.4045009911060333,-999.0,0.966463029384613,0.966463029384613,1.2813400030136108,-999.0,-999.0,-999.0,-999.0,-999.0,1.6181500086531742e-06,3.327639888084377e-07,2.276299937875592e-06,3.085839850314187e-08,0.4821740090847015,3.25,-999.0,-999.0,-999.0,946.0,-999.0,2.068349935768765e-08,5.923300250287866e-07,24.974300384521484,0.25,2083,2523169177951275043,4296700,39.4179791,25.99678243,0.0410543009638786,0.0384801998734474,56195.1524026,22.07080078125,0.0756060034036636,22.03619956970215,0.0071709998883306,22.113300323486328,0.105224996805191,195035141,655360,0,10,1460.9599609375,194.6150054931641,0.1642169952392578,0.1539209932088852,1.2998900413513184,1.2446500062942505,-84.69840240478516,0.183008000254631,0.3242309987545013,0.9991549849510192,0.9991549849510192,1.311360001564026,0.2357040047645568,-0.0024512300733476,0.2492489963769912,0.8911120295524597,0.5667170286178589,5.390949809225276e-06,4.075889989962889e-07,5.5656200856901705e-06,3.9911700611128254e-08,0.8996679782867432,3.0,5.18395017934381e-06,5.454829761220026e-07,2.2277801036834717,1360.0,0.9858019948005676,1.7101399407692952e-08,6.852490059827687e-07,24.99839973449707,0.25,2083,2523103828950124579,4053256,39.41801248,25.9968327,0.0224344003945589,0.0208941996097564,56152.0322447,21.892099380493164,0.0529580004513263,21.333499908447266,0.0049000000581145,21.37170028686523,0.0604030005633831,262160391,524416,0,17,1460.52001953125,195.3370056152344,0.0897373035550117,0.0835767984390258,0.9524199962615968,0.942234992980957,-64.96659851074219,0.2993359863758087,2.42333996219378e-18,0.9978870153427124,0.9978870153427124,1.2417399883270264,0.1729319989681244,-0.0064967898651957,0.1977989971637725,0.967333972454071,0.7449110150337219,6.35542983218329e-06,3.365719862813421e-07,1.063109993992839e-05,5.2094101476996e-08,0.8409669995307922,2.25,1.0264199772791471e-05,6.199940116857761e-07,2.418339967727661,1530.0,8.735610008239746,2.8981599342614572e-08,6.88587022068532e-07,25.03459930419922,0.25,2083,2523104764179253283,4056740,39.4179096,25.99683019,0.0383418016135692,0.0359287001192569,56077.0392398,21.29640007019043,0.0871599987149238,20.685300827026367,0.0051569999195635,20.740800857543945,0.0934529975056648,262160391,655360,0,13,1461.8599853515625,195.31700134277344,0.1533669978380203,0.1437149941921234,1.1033799648284912,1.07151997089386,8.907679557800293,0.4769519865512848,4.76162010753893e-14,0.997065007686615,0.997065007686615,1.1868300437927246,0.2388499975204467,-0.0104473000392317,0.2396849989891052,1.1026099920272827,0.9043499827384948,1.100129975384334e-05,9.588690090822638e-07,1.9314000383019447e-05,9.959619973187729e-08,0.8785349726676941,2.5,1.8351300241192803e-05,1.7149900486401748e-06,2.7565300464630127,780.0,7.538290023803711,5.620880116907757e-08,1.4925500408935477e-06,25.006099700927734,0.25,2083,2523108762525370403,4071635,39.41799647,25.99683417,0.0815024971961975,0.0767356976866722,56076.6176255,21.64240074157715,0.2321960031986236,21.12829971313477,0.0057899998500943,-999.0,-999.0,186646529,655364,0,11,1460.72998046875,195.36000061035156,0.3260090053081512,0.3069429993629455,0.7798939943313599,0.7474409937858582,-63.418701171875,1.2330700159072876,-999.0,0.9977779984474182,0.9977779984474182,1.2278399467468262,-999.0,-999.0,-999.0,-999.0,-999.0,7.999319677765016e-06,1.8574099840407143e-06,1.2843799595430028e-05,7.436390347947963e-08,0.8455110192298889,2.0,-999.0,-999.0,-999.0,970.0,-999.0,1.312290009991557e-07,3.443260084168287e-06,25.045499801635746,0.25,0.0139922059084559,,,,,,,,,,,,,,,,,
PSO J023740.312+255948.429,-999,-999,-999,139190394179846620,946363000018445,164583146801164,0,17564787691541,13919,1,1857,45,0.849756369227317,946363,38320,3,444915712,53,39.41799654,25.99683344,0.0010000000474974,0.0010000000474974,39.41796876,25.99678605,0.0587200000882148,0.0705899968743324,55820.99340278,3.1839001178741455,0.6943683823157453,0.5707254051191727,0.4383207291376614,45.148795667852184,10.086216288027208,150.90402980733572,-31.04158098534204,-999,6,14,0,4,9,1,0,1121788000005385,1,1,1980,2523116941485279164,4102104,39.41799069,25.99683633,0.1085769981145858,0.1011329963803291,55907.0427922,23.444400787353516,0.2118559926748275,23.023099899291992,0.0149980001151561,-999.0,-999.0,35651585,532484,196608,10,1460.800048828125,5980.419921875,0.4343090057373047,0.4045340120792389,1.2451399564743042,1.1873899698257446,-34.112300872802734,0.4105739891529083,-999.0,0.9708189964294434,0.9708189964294434,1.368749976158142,-999.0,-999.0,-999.0,-999.0,-999.0,1.521339981991332e-06,3.2230499869001505e-07,2.2426700070354855e-06,3.3634599105880625e-08,0.565883994102478,3.0,-999.0,-999.0,-999.0,774.0,-999.0,1.5941299835731115e-08,5.933659963375248e-07,24.99959945678711,0.25,1980,2523169164261066684,4296649,39.41799816,25.99676349,0.0385016985237598,0.0364895015954971,56143.7089132,22.08629989624023,0.0750269964337349,21.93680000305176,0.0082350000739097,22.041500091552734,0.1025580018758773,195035141,655360,196608,10,1460.72998046875,5979.35986328125,0.154007002711296,0.1459580063819885,1.2731800079345703,1.242110013961792,-79.17330169677734,0.1178330034017562,0.0341694988310337,0.9989380240440368,0.9989380240440368,1.437749981880188,0.2368749976158142,-0.0002983419981319,0.2411749958992004,0.9332979917526244,0.5869960188865662,5.314780082699144e-06,3.987539969330101e-07,6.099340225773631e-06,5.023009919113974e-08,0.8865320086479187,2.75,5.538529876503162e-06,5.680229833160411e-07,2.333240032196045,940.0,2.118069887161255,1.9597499179013766e-09,7.198909770522732e-07,25.016799926757812,0.25,1980,2523103827071076284,4053249,39.41801159,25.99684065,0.0212815999984741,0.0201200991868972,56073.3648704,21.87339973449707,0.0503670014441013,21.336599349975582,0.0055809998884797,21.39929962158203,0.0594150014221668,262160391,655488,196608,18,1460.5400390625,5980.4599609375,0.0851261988282203,0.0804803967475891,0.9794830083847046,0.9563779830932616,-72.80180358886719,0.26910200715065,1.6287299352268487e-20,0.9989590048789978,0.9989590048789978,1.257140040397644,0.1738650053739547,-0.0035917700733989,0.1952739953994751,0.946382999420166,0.7644690275192261,6.466249942604918e-06,3.25684993640607e-07,1.0601599569781683e-05,5.916229994795686e-08,0.8448969721794128,2.25,1.0006199772760738e-05,5.945190082456975e-07,2.365959882736206,1170.0,9.284239768981934,3.216079846879438e-08,6.884450272082177e-07,25.041000366210938,0.25,1980,2523104761763334076,4056731,39.4179287,25.99682862,0.0406064018607139,0.0392391011118888,56119.4142644,21.33099937438965,0.0887920036911964,20.72249984741211,0.0056690000928938,20.812999725341797,0.0963160023093223,262160391,655360,196608,13,1461.6099853515625,5980.27978515625,0.1624259948730468,0.1569570004940033,1.0917099714279177,1.0722399950027466,7.554349899291992,0.4089240133762359,3.308380045613513e-13,0.9969559907913208,0.9969559907913208,1.180299997329712,0.2504869997501373,-0.0097275096923112,0.2342820018529892,1.0814499855041504,0.8962339758872986,1.0656500307959504e-05,9.462060006626416e-07,1.8664599338080737e-05,1.0581800324871439e-07,0.8689860105514526,2.5,1.7171500076074153e-05,1.6538999716431135e-06,2.703619956970215,660.0,7.281209945678711,6.401109686748896e-08,1.4937700143491384e-06,25.017499923706055,0.25,1980,2523108760109451196,4071626,39.41799127,25.99683762,0.0756527036428451,0.0715951025485992,56051.8582931,21.58889961242676,0.2190670073032379,21.08839988708496,0.0060450001619756,-999.0,-999.0,186646529,655364,196608,12,1460.800048828125,5980.419921875,0.3026109933853149,0.2863810062408447,0.8112360239028931,0.7712529897689819,-70.0613021850586,1.2147300243377686,-999.0,0.9976940155029296,0.9976940155029296,1.3054200410842896,-999.0,-999.0,-999.0,-999.0,-999.0,8.402809726248961e-06,1.8407699826639143e-06,1.3323900020623114e-05,8.054880140662135e-08,0.8504840135574341,2.0,-999.0,-999.0,-999.0,860.0,-999.0,1.995539946619829e-07,3.467399892542744e-06,25.05430030822754,0.25,0.0139922059084559,,,,,,,,,,,,,,,,,
PSO J023741.713+260024.839,-999,-999,-999,139200394238098829,946363000055562,164583146839445,0,17564787706247,13920,1,1857,55,0.66182048214769,946363,38320,3,1075314688,128,39.42380761,26.00689984,0.0010000000474974,0.0010000000474974,39.42380761,26.00689984,0.0010000000474974,0.0010000000474974,56097.08657407,-999.0,0.6942504394303902,0.5707470192208219,0.4384793808165406,45.15706589663248,10.09418694056416,150.90397156431305,-31.030186859853355,-999,1,0,0,0,0,0,0,1121788000006880,0,0,1892,2523116941485279076,4102104,39.4238036,26.00689805,1.1833399534225464,1.102220058441162,55907.0427922,-999.0,2.3089399337768555,23.70039939880371,0.0204869993031024,-999.0,-999.0,35651585,4,131072,4,1385.469970703125,6125.259765625,4.73337984085083,4.408880233764648,1.2467399835586548,1.187980055809021,-33.6885986328125,0.4096739888191223,-999.0,0.999584972858429,0.999584972858429,1.2980200052261353,-999.0,-999.0,-999.0,-999.0,-999.0,-2.0126400102071787e-07,4.64706999991904e-07,1.2018299457849937e-06,2.4622099914495266e-08,0.8952469825744629,3.0,-999.0,-999.0,-999.0,774.0,-999.0,1.8872800211511276e-08,5.733770080951217e-07,24.99959945678711,0.25,1892,2523169164261066596,4296649,39.42380573,26.00689876,0.125327005982399,0.1187779977917671,56143.7089132,23.366500854492188,0.2442229986190796,23.93720054626465,0.0206899996846914,-999.0,-999.0,35651585,4,131072,13,1385.469970703125,6125.259765625,0.5013099908828735,0.4751110076904297,1.272439956665039,1.2415800094604492,-82.43389892578125,0.1108919978141784,-999.0,0.9987249970436096,0.9987249970436096,1.4588299989700315,-999.0,-999.0,-999.0,-999.0,-999.0,1.6345099993486656e-06,3.991839889749827e-07,9.66330048868258e-07,1.9993299460452363e-08,0.8839020133018494,2.75,-999.0,-999.0,-999.0,940.0,-999.0,9.888640128963289e-09,7.153889782784972e-07,25.016799926757812,0.25,1892,2523103827071076196,4053249,39.42380949,26.0068937,0.0797401964664459,0.0753882974386215,56073.3648704,23.182300567626953,0.1887210011482238,24.680299758911133,0.0260259993374347,23.74690055847168,0.4116800129413605,35651585,0,131072,12,1385.4000244140625,6125.169921875,0.3189609944820404,0.3015530109405517,0.9790710210800172,0.957601010799408,-70.69380187988281,0.2675360143184662,-0.0396406017243862,0.9978410005569458,0.9978410005569458,1.1620899438858032,0.0545525997877121,-0.0218796003609895,0.1579450070858001,0.6818990111351013,-2.055340051651001,1.9368499124539085e-06,3.655229932064686e-07,4.874140131505555e-07,1.2685600125905694e-08,0.8645449876785278,2.25,1.1514099469422945e-06,4.740109886824939e-07,1.7047499418258667,1170.0,-2.0574700832366943,4.0535301337740754e-08,6.850739850960963e-07,25.041000366210938,0.25,1892,2523104761763333988,4056731,39.42380361,26.00690034,0.1707690060138702,0.1650180071592331,56119.4142644,23.02549934387207,0.3734099864959717,23.149999618530273,0.017340000718832,-999.0,-999.0,35651585,4,131072,15,1385.469970703125,6125.259765625,0.683076024055481,0.6600750088691711,1.088520050048828,1.0684399604797363,7.4892802238464355,0.4230709969997406,-999.0,0.9967619776725768,0.9967619776725768,1.14165997505188,-999.0,-999.0,-999.0,-999.0,-999.0,2.2376300421456108e-06,8.355560225936642e-07,1.9952599359385204e-06,3.459799913230199e-08,0.8689860105514526,2.5,-999.0,-999.0,-999.0,660.0,-999.0,6.915699657383811e-08,1.4829399788141018e-06,25.017499923706055,0.25,1892,2523108760109451108,4071626,39.42380417,26.00689934,0.1798930019140243,0.1702450066804886,56051.8582931,22.54759979248047,0.5209149718284607,21.712600708007812,0.0080580003559589,-999.0,-999.0,35651585,4,131072,14,1385.469970703125,6125.259765625,0.719573974609375,0.6809809803962708,0.8088570237159729,0.7693319916725159,-70.40579986572266,1.2185100317001345,-999.0,0.9979000091552734,0.9979000091552734,1.338089942932129,-999.0,-999.0,-999.0,-999.0,-999.0,3.474910045042634e-06,1.8101300156558864e-06,7.498560080421157e-06,6.042709799203294e-08,0.8405370116233826,2.0,-999.0,-999.0,-999.0,860.0,-999.0,2.408139891940664e-07,3.4511799640313257e-06,25.05430030822754,0.25,0.0036668519762092,,,,,,,,,,,,,,,,,
PSO J023739.225+260020.053,-999,-999,-999,139200394134417261,946363000055466,164583146839349,0,17564787709178,13920,1,1857,55,0.22568888703891,946363,38320,3,404226048,48,39.41343761,26.00557043,0.0010000000474974,0.0010000000474974,39.41343761,26.00557043,0.0010000000474974,0.0010000000474974,56067.90015046,-999.0,0.6943615879056997,0.570627816384971,0.4384585275813381,45.147650813924095,10.095832959893482,150.89505932589597,-31.035692444624058,-999,2,0,0,0,0,0,0,1121594000006475,1,0,2165,2523116944169633909,4102114,39.41343346,26.00556817,0.1294759958982467,0.1216090023517608,55882.7709466,23.27589988708496,0.2335640043020248,21.85140037536621,0.0079619996249675,-999.0,-999.0,35651585,4,196608,6,1519.68994140625,321.2120056152344,0.5179039835929871,0.4864369928836822,1.275320053100586,1.218559980392456,-14.50529956817627,0.3975349962711334,-999.0,0.998727023601532,0.998727023601532,1.1627800464630127,-999.0,-999.0,-999.0,-999.0,-999.0,1.7767299596016528e-06,4.149800076902466e-07,6.598690106329741e-06,5.2539700590159555e-08,0.902191996574402,3.25,-999.0,-999.0,-999.0,946.0,-999.0,1.618460032659641e-08,5.842250061505183e-07,24.974300384521484,0.25,2165,2523169177951275125,4296700,39.41343362,26.00557094,0.1044600009918212,0.0979109033942222,56195.1524026,22.576499938964844,0.1923760026693344,22.095399856567383,0.0073689999990165,-999.0,-999.0,35651585,4,196608,4,1519.68994140625,321.2120056152344,0.4178409874439239,0.3916429877281189,1.2984399795532229,1.2435100078582764,-82.60099792480469,0.191113993525505,-999.0,0.9992780089378356,0.9992780089378356,1.6274499893188477,-999.0,-999.0,-999.0,-999.0,-999.0,3.3837400224001613e-06,6.509500281026703e-07,5.270169822324533e-06,3.8837900007138166e-08,0.8952469825744629,3.0,-999.0,-999.0,-999.0,1360.0,-999.0,1.8832599479878812e-08,6.798400136176497e-07,24.99839973449707,0.25,2165,2523103828950124661,4053256,39.41344164,26.00558688,0.0481414012610912,0.0448363982141017,56152.0322447,22.598499298095703,0.1136419996619224,21.924400329589844,0.0064320000819861,21.88759994506836,0.1130390018224716,35667969,0,196608,12,1519.5799560546875,321.44000244140625,0.1925649940967559,0.1793459951877594,0.9518100023269652,0.9410520195961,-68.70600128173828,0.2983089983463287,7.698660375865531e-09,0.9986990094184875,0.9986990094184875,1.2589000463485718,0.18019799888134,-0.0252704992890357,0.1917800009250641,1.013319969177246,0.777118980884552,3.315780077173258e-06,3.768120109270967e-07,6.1694699979852885e-06,3.9684699970621296e-08,0.8527560234069824,2.25,6.382309948094189e-06,7.21447008800169e-07,2.5332999229431152,1530.0,5.774930000305176,2.5211100762589922e-08,6.779770274079056e-07,25.03459930419922,0.25,2165,2523104764179253365,4056740,39.41343365,26.00556997,0.1200269982218742,0.1124730035662651,56077.0392398,22.347000122070312,0.2728489935398102,21.54360008239746,0.0076569998636841,-999.0,-999.0,35651585,4,196608,8,1519.68994140625,321.2120056152344,0.480105996131897,0.449889987707138,1.1071900129318235,1.075950026512146,9.552390098571776,0.4659999907016754,-999.0,0.9968979954719543,0.9968979954719543,1.1287000179290771,-999.0,-999.0,-999.0,-999.0,-999.0,4.180059931968572e-06,1.1405199984437786e-06,8.760899618209805e-06,6.707809774297857e-08,0.8817179799079895,2.5,-999.0,-999.0,-999.0,780.0,-999.0,5.1398998834883975e-08,1.517660052741121e-06,25.006099700927734,0.25,2165,2523108762525370485,4071635,39.41343331,26.0055709,0.2149499952793121,0.2023780047893524,56076.6176255,22.74250030517578,0.6123809814453125,21.96080017089844,0.0084950001910328,-999.0,-999.0,35651585,4,196608,13,1519.68994140625,321.2120056152344,0.859798014163971,0.8095120191574097,0.780538022518158,0.7475289702415466,-63.519798278808594,1.2397799491882324,-999.0,0.9978299736976624,0.9978299736976624,1.2874699831008911,-999.0,-999.0,-999.0,-999.0,-999.0,2.9039799755992135e-06,1.7783399925974663e-06,5.965920081507647e-06,5.0682100294352495e-08,0.8504840135574341,2.0,-999.0,-999.0,-999.0,970.0,-999.0,1.3582500457687274e-07,3.4715799301920924e-06,25.045499801635746,0.25,0.0130782673020889,,,,,,,,,,,,,,,,,
PSO J023739.225+260020.053,-999,-999,-999,139200394134417261,946363000055466,164583146839349,0,17564787709178,13920,1,1857,55,0.22568888703891,946363,38320,3,404226048,48,39.41343761,26.00557043,0.0010000000474974,0.0010000000474974,39.41343761,26.00557043,0.0010000000474974,0.0010000000474974,56067.90015046,-999.0,0.6943615879056997,0.570627816384971,0.4384585275813381,45.147650813924095,10.095832959893482,150.89505932589597,-31.035692444624058,-999,2,0,0,0,0,0,0,1121788000006839,0,0,2048,2523116941485279232,4102104,39.41343729,26.00555916,0.1287969946861267,0.1199669986963272,55907.0427922,23.396299362182617,0.2513090074062347,22.00079917907715,0.0093660000711679,-999.0,-999.0,35651585,4,0,6,1519.6400146484375,6106.080078125,0.5151879787445068,0.47986900806427,1.243899941444397,1.1869200468063354,-34.453800201416016,0.4112769961357116,-999.0,0.9988539814949036,0.9988539814949036,1.1732100248336792,-999.0,-999.0,-999.0,-999.0,-999.0,1.5902700170045136e-06,3.996489965629735e-07,5.750020136474632e-06,5.3856400228369246e-08,0.8996679782867432,3.0,-999.0,-999.0,-999.0,774.0,-999.0,1.70406000421508e-08,5.816240218337043e-07,24.99959945678711,0.25,2048,2523169164261066752,4296649,39.41343943,26.00555987,0.1011779978871345,0.0958907008171081,56143.7089132,22.623300552368164,0.1971639990806579,21.93899917602539,0.0082440003752708,-999.0,-999.0,35651585,4,0,4,1519.6400146484375,6106.080078125,0.4047139883041382,0.3835630118846893,1.2738800048828125,1.2423800230026243,-76.6958999633789,0.1232649981975555,-999.0,0.9977489709854126,0.9977489709854126,1.3281899690628052,-999.0,-999.0,-999.0,-999.0,-999.0,3.241139893361833e-06,6.390359885699581e-07,6.0868601394759025e-06,5.0178698529634864e-08,0.8865320086479187,2.75,-999.0,-999.0,-999.0,940.0,-999.0,7.382880085060606e-09,7.187910000538977e-07,25.016799926757812,0.25,2048,2523103827071076352,4053249,39.41345073,26.00557365,0.0493344999849796,0.0466420985758304,56073.3648704,22.631799697875977,0.1167600005865097,21.98590087890625,0.0075260000303387,21.838699340820312,0.1089119985699653,35667969,0,0,12,1519.469970703125,6106.259765625,0.1973379999399185,0.1865680068731308,0.9798420071601868,0.9553809762001038,-74.2510986328125,0.270330011844635,7.886320219085975e-08,0.9977840185165404,0.9977840185165404,1.2064499855041504,0.192899003624916,-0.0236483998596668,0.1910409927368164,1.028599977493286,0.7717450261116028,3.2156199267774355e-06,3.754549879886327e-07,5.82963002671022e-06,4.3871299482134425e-08,0.848825991153717,2.25,6.675769782304997e-06,7.270720061569591e-07,2.5714900493621826,1170.0,5.3697099685668945,3.6617301191199665e-08,6.837630053269095e-07,25.041000366210938,0.25,2048,2523104761763334144,4056731,39.41343734,26.00556144,0.1215699985623359,0.117476999759674,56119.4142644,22.330699920654297,0.2658320069313049,21.596799850463867,0.0084800003096461,-999.0,-999.0,35651585,4,0,8,1519.6400146484375,6106.080078125,0.486283004283905,0.4699090123176574,1.094230055809021,1.075219988822937,7.607230186462402,0.398140013217926,-999.0,0.9967460036277772,0.9967460036277772,1.1256099939346311,-999.0,-999.0,-999.0,-999.0,-999.0,4.243359853717266e-06,1.1280200169494492e-06,8.341919965459965e-06,7.074319796629426e-08,0.8817179799079895,2.5,-999.0,-999.0,-999.0,660.0,-999.0,5.5465399384502234e-08,1.49447998865071e-06,25.017499923706055,0.25,2048,2523108760109451264,4071626,39.41343787,26.00556046,0.1570799946784973,0.1486549973487854,56051.8582931,22.37689971923828,0.4548540115356445,21.81529998779297,0.0084490003064274,-999.0,-999.0,35651585,4,0,12,1519.6400146484375,6106.080078125,0.6283190250396729,0.5946199893951416,0.813094973564148,0.7727519869804382,-69.79840087890625,1.2117700576782229,-999.0,0.9963729977607728,0.9963729977607728,1.4100099802017212,-999.0,-999.0,-999.0,-999.0,-999.0,4.066740075359121e-06,1.8497700011721463e-06,6.821369879617123e-06,5.763400068303781e-08,0.8455110192298889,2.0,-999.0,-999.0,-999.0,860.0,-999.0,2.242319965262141e-07,3.510409896989586e-06,25.05430030822754,0.25,0.0130782673020889,,,,,,,,,,,,,,,,,
PSO J023740.015+260041.297,-999,-999,-999,139210394166784294,946363000055498,164583146839381,0,17564787709983,13921,1,1857,55,0.564410060238475,946363,38320,3,1343750144,160,39.41673225,26.01147148,0.0010000000474974,0.0010000000474974,39.41673225,26.01147148,0.0010000000474974,0.0010000000474974,56067.90015046,-999.0,0.6942938838849336,0.570639066432381,0.4385510901379166,45.15237908350579,10.100514904269495,150.8949219797283,-31.02909123334353,-999,2,0,0,0,0,0,0,1121594000006497,1,0,2105,2523116944169633849,4102114,39.41668164,26.01145299,0.3116089999675751,0.2926760017871856,55882.7709466,24.174999237060547,0.5621160268783569,22.64900016784668,0.0114959999918937,-999.0,-999.0,35651585,4,196608,6,1477.5899658203125,405.9219970703125,1.246440052986145,1.170699954032898,1.2746299505233765,1.2160199880599976,-14.600500106811523,0.4025090038776397,-999.0,0.9983689785003662,0.9983689785003662,1.3127199411392212,-999.0,-999.0,-999.0,-999.0,-999.0,7.762270115563297e-07,4.3632999791043403e-07,3.1652500638301717e-06,3.638839984887454e-08,0.9003080129623413,3.25,-999.0,-999.0,-999.0,946.0,-999.0,1.642989921890603e-08,5.713050086342264e-07,24.974300384521484,0.25,2105,2523169177951275065,4296700,39.41668186,26.01145569,0.2395749986171722,0.2245540022850036,56195.1524026,23.778499603271484,0.4412040114402771,-999.0,0.0178539995104074,-999.0,-999.0,35651585,4,196608,11,1477.5899658203125,405.9219970703125,0.9582970142364502,0.8982130289077759,1.2994699478149414,1.244339942932129,-84.10540008544922,0.1853040009737014,-999.0,0.9992539882659912,0.9992539882659912,1.468209981918335,-999.0,-999.0,-999.0,-999.0,-999.0,1.1183800552316825e-06,4.934349817631301e-07,-8.387619914174138e-07,1.4975199746913862e-08,0.8996679782867432,3.0,-999.0,-999.0,-999.0,1360.0,-999.0,2.0390599431152623e-08,6.740099820490286e-07,24.99839973449707,0.25,2105,2523103828950124601,4053256,39.41667858,26.01144786,0.0694608986377716,0.0646924003958702,56152.0322447,23.044300079345703,0.1639689952135086,23.150400161743164,0.0113129997625947,23.21540069580078,0.2759410142898559,35651585,0,196608,13,1477.6300048828125,405.8070068359375,0.2778429985046386,0.2587690055370331,0.9522340297698976,0.9419019818305968,-66.09040069580078,0.2990379929542541,-0.9440820217132568,0.998731017112732,0.998731017112732,1.2192800045013428,0.1708260029554367,0.0062366100028157,0.1252939999103546,0.7156190276145935,0.6394469738006592,2.199360096710734e-06,3.606249947551987e-07,1.9944900486734696e-06,2.2564000445868263e-08,0.8684750199317932,2.25,1.8786599866871256e-06,5.183999860491895e-07,1.7890499830245972,1530.0,-0.0701396018266677,2.3870999399377982e-08,6.687259883619845e-07,25.03459930419922,0.25,2105,2523104764179253305,4056740,39.41668188,26.01145472,0.8853510022163391,0.8296300172805786,56077.0392398,24.796899795532227,2.0126099586486816,-999.0,0.0244640000164508,-999.0,-999.0,35651585,4,196608,13,1477.5899658203125,405.9219970703125,3.5413999557495117,3.318510055541992,1.1044199466705322,1.0727200508117676,9.080260276794434,0.4739730060100555,-999.0,0.9972710013389589,0.9972710013389589,1.1556700468063354,-999.0,-999.0,-999.0,-999.0,-999.0,4.377789935006149e-07,8.810770282252633e-07,-7.73387000663206e-07,1.8920299993396842e-08,0.872169017791748,2.5,-999.0,-999.0,-999.0,780.0,-999.0,5.196680064045722e-08,1.5309100263039e-06,25.006099700927734,0.25,2105,2523108762525370425,4071635,39.41668155,26.01145566,0.2269189953804016,0.2136480063199997,56076.6176255,22.723499298095703,0.6464809775352478,21.197999954223633,0.0059790001250803,-999.0,-999.0,35651585,4,196608,10,1477.5899658203125,405.9219970703125,0.9076759815216064,0.8545899987220764,0.7800790071487427,0.7474669814109802,-63.448001861572266,1.2349900007247925,-999.0,0.9967920184135436,0.9967920184135436,1.226099967956543,-999.0,-999.0,-999.0,-999.0,-999.0,2.9551799798355205e-06,1.9104700186289847e-06,1.2044400136801414e-05,7.201249729860137e-08,0.8355630040168762,2.0,-999.0,-999.0,-999.0,970.0,-999.0,1.3748700666837976e-07,3.448689994911547e-06,25.045499801635746,0.25,0.0106909172150794,,,,,,,,,,,,,,,,,
PSO J023740.015+260041.297,-999,-999,-999,139210394166784294,946363000055498,164583146839381,0,17564787709983,13921,1,1857,55,0.564410060238475,946363,38320,3,1343750144,160,39.41673225,26.01147148,0.0010000000474974,0.0010000000474974,39.41673225,26.01147148,0.0010000000474974,0.0010000000474974,56067.90015046,-999.0,0.6942938838849336,0.570639066432381,0.4385510901379166,45.15237908350579,10.100514904269495,150.8949219797283,-31.02909123334353,-999,2,0,0,0,0,0,0,1121788000006851,0,0,1999,2523116941485279183,4102104,39.41673223,26.01147113,0.2927420139312744,0.2726730108261108,55907.0427922,24.2278995513916,0.5711989998817444,22.86280059814453,0.0139300003647804,-999.0,-999.0,35651585,4,0,6,1476.93994140625,6191.18017578125,1.1709699630737305,1.090690016746521,1.2447999715805054,1.1872600317001345,-34.20500183105469,0.410766988992691,-999.0,0.998753011226654,0.998753011226654,1.3555599451065063,-999.0,-999.0,-999.0,-999.0,-999.0,7.39318977593939e-07,4.222989957725076e-07,2.5995300347858574e-06,3.6211801557328727e-08,0.8996679782867432,3.0,-999.0,-999.0,-999.0,774.0,-999.0,1.804060012489117e-08,5.765680270997109e-07,24.99959945678711,0.25,1999,2523169164261066703,4296649,39.41673438,26.01147184,0.2658590078353882,0.2519649863243103,56143.7089132,23.988000869750977,0.5180730223655701,-999.0,0.018453000113368,-999.0,-999.0,35651585,4,0,11,1476.93994140625,6191.18017578125,1.063439965248108,1.0078599452972412,1.273360013961792,1.2422000169754028,-78.4834976196289,0.119327001273632,-999.0,0.998001992702484,0.998001992702484,1.44336998462677,-999.0,-999.0,-999.0,-999.0,-999.0,9.221790264746232e-07,4.777559752255911e-07,-1.1168799574079458e-06,2.0609700612794768e-08,0.8944240212440491,2.75,-999.0,-999.0,-999.0,940.0,-999.0,9.259929711902261e-09,7.172790219556191e-07,25.016799926757812,0.25,1999,2523103827071076303,4053249,39.41674,26.01147223,0.0758832991123199,0.0717419013381004,56073.3648704,23.167699813842773,0.1795919984579086,23.505699157714844,0.0151530001312494,23.366300582885746,0.2960020005702972,35651585,0,0,14,1476.8399658203125,6191.16015625,0.303532987833023,0.286967009305954,0.979578971862793,0.9561060070991516,-73.21949768066406,0.2694419920444488,-0.7764400243759155,0.9975039958953856,0.9975039958953856,1.204759955406189,0.1532810032367706,0.00887992978096,0.1183409988880157,0.6818990111351013,0.3906289935111999,1.9630099359346787e-06,3.525410079419089e-07,1.4378899777511831e-06,2.1788299164882122e-08,0.8724049925804138,2.25,1.6348400322385714e-06,4.839159828406991e-07,1.7047499418258667,1170.0,-0.2839609980583191,3.8732501650429185e-08,6.834620194240415e-07,25.041000366210938,0.25,1999,2523104761763334095,4056731,39.41673227,26.01147343,1.5693800449371338,1.5165400505065918,56119.4142644,25.38680076599121,3.431679964065552,-999.0,0.0224099997431039,-999.0,-999.0,35651585,4,0,13,1476.93994140625,6191.18017578125,6.277530193328857,6.066150188446045,1.092360019683838,1.073009967803955,7.56810998916626,0.4060750007629394,-999.0,0.99686598777771,0.99686598777771,1.1677099466323853,-999.0,-999.0,-999.0,-999.0,-999.0,2.542570030072966e-07,8.725269822207338e-07,-1.077809997696022e-06,2.4154099165230036e-08,0.8817179799079895,2.5,-999.0,-999.0,-999.0,660.0,-999.0,5.9361799031876223e-08,1.4905899661243891e-06,25.017499923706055,0.25,1999,2523108760109451215,4071626,39.41673281,26.01147242,0.256058007478714,0.2423239946365356,56051.8582931,22.888999938964844,0.7414630055427551,21.206600189208984,0.0063829999417066,-999.0,-999.0,35651585,4,0,11,1476.93994140625,6191.18017578125,1.0242300033569336,0.9692980051040648,0.8117460012435913,0.771664023399353,-69.98870086669922,1.213919997215271,-999.0,0.9967250227928162,0.9967250227928162,1.3202799558639526,-999.0,-999.0,-999.0,-999.0,-999.0,2.53737994171388e-06,1.8813700535247335e-06,1.195030017697718e-05,7.628379705693078e-08,0.8504840135574341,2.0,-999.0,-999.0,-999.0,860.0,-999.0,2.338159958981123e-07,3.4941699595947284e-06,25.05430030822754,0.25,0.0106909172150794,,,,,,,,,,,,,,,,,
PSO J023739.662+260031.455,-999,-999,-999,139210394152581041,946363000055482,164583146839365,0,17564787710511,13921,1,1857,55,0.0020400965605304,946363,38320,3,1343750144,160,39.41525899,26.00873752,0.0010000000474974,0.0010000000474974,39.41525899,26.00873752,0.0010000000474974,0.0010000000474974,56076.65185185,-999.0,0.694324722657987,0.5706344998341245,0.438508206428304,45.1502345826136,10.098330834705408,150.89503502352505,-31.03212738964998,-999,1,0,0,0,0,0,0,1121594000006484,1,0,2131,2523116944169633875,4102114,39.41521629,26.0087287,0.1038929969072341,0.097580999135971,55882.7709466,22.990699768066406,0.1874150037765503,22.557100296020508,0.0110200000926852,22.66830062866211,0.2402079999446869,35651585,0,196608,6,1496.5899658203125,366.70599365234375,0.4155740141868591,0.3903239965438843,1.274880051612854,1.2171200513839722,-14.55840015411377,0.4002650082111358,0.0226332992315292,0.9988420009613036,0.9988420009613036,1.2504500150680542,0.3195280134677887,-0.1544259935617447,0.2085639983415603,1.1625499725341797,0.8014429807662964,2.3105098989617545e-06,4.330240130911989e-07,3.444800086072064e-06,3.796129988131725e-08,0.9003080129623413,3.25,3.1095300982997287e-06,7.469329830200877e-07,2.906369924545288,946.0,2.2795701026916504,1.635650015430201e-08,5.769629751739558e-07,24.974300384521484,0.25,2131,2523169177951275091,4296700,39.41525949,26.00873752,0.2580400109291076,0.2418610006570816,56195.1524026,23.5585994720459,0.4752100110054016,22.49670028686523,0.0088649997487664,-999.0,-999.0,35651585,4,196608,6,1496.030029296875,366.7929992675781,1.0321600437164309,0.9674429893493652,1.2990100383758545,1.2439899444580078,-83.4468994140625,0.1878480017185211,-999.0,0.9988189935684204,0.9988189935684204,1.5829299688339231,-999.0,-999.0,-999.0,-999.0,-999.0,1.3695499774257769e-06,6.508229830615164e-07,3.641720013547456e-06,3.228469935834255e-08,0.9018779993057252,3.0,-999.0,-999.0,-999.0,1360.0,-999.0,1.9604700085551485e-08,6.767380114069965e-07,24.99839973449707,0.25,2131,2523103828950124627,4053256,39.41525899,26.00873763,1.0299299955368042,0.9592289924621582,56152.0322447,26.002599716186523,2.4312500953674316,26.43429946899414,0.0513279996812343,-999.0,-999.0,35651585,4,196608,15,1496.030029296875,366.7929992675781,4.119729995727539,3.8369100093841553,0.9520429968833924,0.9415349960327148,-67.26309967041016,0.2987189888954162,-999.0,0.9969170093536376,0.9969170093536376,1.1969799995422363,-999.0,-999.0,-999.0,-999.0,-999.0,1.442020050035353e-07,3.505909944578889e-07,9.68923004052158e-08,4.973289779997003e-09,0.8645449876785278,2.25,-999.0,-999.0,-999.0,1530.0,-999.0,2.4497200712403355e-08,6.72937005674612e-07,25.03459930419922,0.25,2131,2523104764179253331,4056740,39.41525952,26.00873655,1.3738499879837036,1.2873799800872805,56077.0392398,-999.0,3.123070001602173,-999.0,0.0155899999663233,-999.0,-999.0,35651585,4,196608,13,1496.030029296875,366.7929992675781,5.495369911193848,5.149509906768799,1.1056300401687622,1.074139952659607,9.285160064697266,0.4704810082912445,-999.0,0.9962800145149232,0.9962800145149232,1.1556299924850464,-999.0,-999.0,-999.0,-999.0,-999.0,-2.795219984363939e-07,8.729650176064752e-07,-1.904469968394551e-06,2.969050072465507e-08,0.8785349726676941,2.5,-999.0,-999.0,-999.0,780.0,-999.0,5.19474987470403e-08,1.52458994762128e-06,25.006099700927734,0.25,2131,2523108762525370451,4071635,39.41525918,26.00873748,0.4741280078887939,0.4463990032672882,56076.6176255,-999.0,1.3507699966430664,26.49650001525879,0.0685990005731582,-999.0,-999.0,35651585,4,196608,8,1496.030029296875,366.7929992675781,1.8965100049972536,1.7855900526046753,0.7802799940109253,0.7474949955940247,-63.479698181152344,1.237089991569519,-999.0,0.9961370229721068,0.9961370229721068,1.212329983711243,-999.0,-999.0,-999.0,-999.0,-999.0,-1.585599989084585e-06,2.14177998714149e-06,9.149579938139141e-08,6.276489994405665e-09,0.8455110192298889,2.0,-999.0,-999.0,-999.0,970.0,-999.0,1.35869001383071e-07,3.458379978837911e-06,25.045499801635746,0.25,0.0113431002839779,,,,,,,,,,,,,,,,,
PSO J023740.738+255958.256,-999,-999,-999,139190394197369966,946363000055526,164583146839409,0,17564787712442,13919,1,1857,45,0.876820095700044,946363,38320,3,1343750144,160,39.41974369,25.99951559,0.0010000000474974,0.0010000000474974,39.41974369,25.99951559,0.0010000000474974,0.0010000000474974,56068.81569444,-999.0,0.6943345698885118,0.5707336550024227,0.4383635478747188,45.15120040165757,10.08831154243124,150.9041991751853,-31.038422760974473,-999,2,0,0,0,0,0,0,1121594000006511,0,0,2054,2523116944169633798,4102114,39.41975134,25.99952276,0.3687039911746979,0.3463020026683807,55882.7709466,24.515199661254883,0.6651099920272827,25.02300071716309,0.0343049988150596,-999.0,-999.0,35651585,4,0,8,1437.989990234375,234.0989990234375,1.4748200178146362,1.385210037231445,1.2740999460220337,1.2137500047683716,-14.684399604797363,0.4071879982948303,-999.0,0.9982119798660278,0.9982119798660278,1.2054699659347534,-999.0,-999.0,-999.0,-999.0,-999.0,5.674530143551237e-07,3.7741901337540185e-07,3.554719967269193e-07,1.2194400156317896e-08,0.9153760075569152,3.25,-999.0,-999.0,-999.0,946.0,-999.0,2.096519935435026e-08,5.85692021104478e-07,24.974300384521484,0.25,2054,2523169177951275014,4296700,39.41975155,25.99952554,0.341592013835907,0.3201749920845032,56195.1524026,24.25379943847656,0.6290810108184814,-999.0,0.0153590003028512,-999.0,-999.0,35651585,4,0,8,1437.989990234375,234.0989990234375,1.3663699626922607,1.2806999683380127,1.3005000352859497,1.2450499534606934,-85.51460266113281,0.1798380017280578,-999.0,0.9985550045967102,0.9985550045967102,1.2805099487304688,-999.0,-999.0,-999.0,-999.0,-999.0,7.218960149657505e-07,4.541309976957564e-07,-1.1334000191709492e-06,1.7407899122190432e-08,0.8974570035934448,3.0,-999.0,-999.0,-999.0,1360.0,-999.0,1.7732700641204246e-08,6.825379728070402e-07,24.99839973449707,0.25,2054,2523103828950124550,4053256,39.41973604,25.99950842,0.0646905973553657,0.0602494999766349,56152.0322447,22.96179962158203,0.1527079939842224,22.45989990234375,0.0082320002838969,22.54450035095215,0.1801169961690902,35651585,0,0,13,1438.1800537109375,233.8509979248047,0.258762001991272,0.2409979999065399,0.9526739716529846,0.9426559805870056,-63.455101013183594,0.2997240126132965,0.0064642298966646,0.9975370168685912,0.9975370168685912,1.2034200429916382,0.167039006948471,0.0078420899808406,0.1779090017080307,0.9183530211448668,0.6952450275421143,2.372800054217805e-06,3.623449913447985e-07,3.767280077227042e-06,3.1010799261821376e-08,0.8724049925804138,2.25,3.484899934846908e-06,6.276890189838014e-07,2.295880079269409,1530.0,2.723249912261963,2.8403800200749177e-08,6.842179800514714e-07,25.03459930419922,0.25,2054,2523104764179253254,4056740,39.4197516,25.99952458,0.19268099963665,0.1805550009012222,56077.0392398,22.994800567626953,0.4380100071430206,22.39699935913086,0.0113420002162456,-999.0,-999.0,35651585,4,0,11,1437.989990234375,234.0989990234375,0.7707250118255615,0.7222179770469666,1.1018199920654297,1.0696899890899658,8.649680137634277,0.481471985578537,-999.0,0.9957470297813416,0.9957470297813416,1.1680999994277954,-999.0,-999.0,-999.0,-999.0,-999.0,2.3019399577606237e-06,1.008270032798464e-06,3.992230176663725e-06,4.528079955434806e-08,0.8785349726676941,2.5,-999.0,-999.0,-999.0,780.0,-999.0,5.701529914858838e-08,1.4981400227043196e-06,25.006099700927734,0.25,2054,2523108762525370374,4071635,39.41975123,25.99952551,0.4906109869480133,0.4619170129299164,56076.6176255,-999.0,1.3977199792861938,-999.0,0.0091329999268054,-999.0,-999.0,35651585,4,0,15,1437.989990234375,234.0989990234375,1.962440013885498,1.8476699590682983,0.7796440124511719,0.747406005859375,-63.37850189208984,1.23048996925354,-999.0,0.9969459772109984,0.9969459772109984,1.3437800407409668,-999.0,-999.0,-999.0,-999.0,-999.0,-1.1433600093369023e-06,1.5980999705789143e-06,-4.302859906601952e-06,3.930000147533974e-08,0.8753520250320435,2.0,-999.0,-999.0,-999.0,970.0,-999.0,1.306469954442946e-07,3.4304400742257712e-06,25.045499801635746,0.25,0.0108528221502464,,,,,,,,,,,,,,,,,
PSO J023740.738+255958.256,-999,-999,-999,139190394197369966,946363000055526,164583146839409,0,17564787712442,13919,1,1857,45,0.876820095700044,946363,38320,3,1343750144,160,39.41974369,25.99951559,0.0010000000474974,0.0010000000474974,39.41974369,25.99951559,0.0010000000474974,0.0010000000474974,56068.81569444,-999.0,0.6943345698885118,0.5707336550024227,0.4383635478747188,45.15120040165757,10.08831154243124,150.9041991751853,-31.038422760974473,-999,2,0,0,0,0,0,0,1121788000006867,1,0,1948,2523116941485279132,4102104,39.41972843,25.99950477,0.2879520058631897,0.2682110071182251,55907.0427922,24.34980010986328,0.561851978302002,24.150400161743164,0.0252039991319179,-999.0,-999.0,35651585,4,196608,7,1438.280029296875,6018.830078125,1.1518100500106812,1.0728399753570557,1.2456200122833252,1.187559962272644,-33.98400115966797,0.410304993391037,-999.0,0.9988679885864258,0.9988679885864258,1.2363799810409546,-999.0,-999.0,-999.0,-999.0,-999.0,6.608270268770866e-07,3.7128700114408275e-07,7.940710133880202e-07,2.0013899870718888e-08,0.8952469825744629,3.0,-999.0,-999.0,-999.0,774.0,-999.0,1.7038399136026783e-08,5.878400202163903e-07,24.99959945678711,0.25,1948,2523169164261066652,4296649,39.41973054,25.99950548,0.250243991613388,0.2371660023927688,56143.7089132,24.00659942626953,0.4876439869403839,-999.0,0.0659269988536834,-999.0,-999.0,35651585,4,196608,8,1438.280029296875,6018.830078125,1.000980019569397,0.9486640095710754,1.2729400396347046,1.241979956626892,-80.13760375976562,0.1157620027661323,-999.0,0.998100996017456,0.998100996017456,1.274899959564209,-999.0,-999.0,-999.0,-999.0,-999.0,9.064669939107262e-07,4.4203400761944067e-07,-8.749930202611723e-08,5.7686100340959e-09,0.8839020133018494,2.75,-999.0,-999.0,-999.0,940.0,-999.0,4.307259882097014e-09,7.185560093603272e-07,25.016799926757812,0.25,1948,2523103827071076252,4053249,39.41972758,25.99949182,0.0633139982819557,0.059858601540327,56073.3648704,22.989200592041016,0.149845004081726,22.538999557495117,0.0097089996561408,22.600900650024418,0.1765400022268295,35651585,0,196608,14,1438.300048828125,6018.6201171875,0.2532559931278229,0.239434003829956,0.979354977607727,0.9567469954490662,-72.21009826660156,0.268638014793396,0.0130591001361608,0.9983260035514832,0.9983260035514832,1.2369099855422974,0.1557870060205459,-0.0038752099499106,0.1561470031738281,0.8835219740867615,0.753229022026062,2.3138100004871376e-06,3.467129943146574e-07,3.502809931887896e-06,3.400700165911985e-08,0.856685996055603,2.25,3.3085700579249533e-06,5.840959715897043e-07,2.2088100910186768,1170.0,2.482150077819824,3.4220001055018656e-08,6.873920028738212e-07,25.041000366210938,0.25,1948,2523104761763334044,4056731,39.41972845,25.99950704,0.1967899948358535,0.1901639997959137,56119.4142644,22.995500564575195,0.4303100109100342,22.475200653076172,0.0127079999074339,-999.0,-999.0,35651585,4,196608,11,1438.280029296875,6018.830078125,0.7871620059013367,0.760657012462616,1.0907399654388428,1.071079969406128,7.533919811248779,0.4132570028305053,-999.0,0.9974340200424194,0.9974340200424194,1.1698700189590454,-999.0,-999.0,-999.0,-999.0,-999.0,2.3004399736237247e-06,9.899040378513746e-07,3.714759941431112e-06,4.72081005398195e-08,0.8817179799079895,2.5,-999.0,-999.0,-999.0,660.0,-999.0,6.556570042448584e-08,1.4917600310582202e-06,25.017499923706055,0.25,1948,2523108760109451164,4071626,39.41972901,25.99950606,0.2540819942951202,0.2404550015926361,56051.8582931,-999.0,0.7357419729232788,-999.0,0.009375000372529,-999.0,-999.0,35651585,4,196608,16,1438.280029296875,6018.830078125,1.016330003738403,0.9618200063705444,0.8105250000953674,0.7706789970397949,-70.16339874267578,1.2158600091934204,-999.0,0.9972130060195924,0.9972130060195924,1.4058400392532349,-999.0,-999.0,-999.0,-999.0,-999.0,-2.240009962406475e-06,1.6480699969179111e-06,-4.569700195133919e-06,4.283900167934007e-08,0.8504840135574341,2.0,-999.0,-999.0,-999.0,860.0,-999.0,2.0915800291732014e-07,3.4618399240571307e-06,25.05430030822754,0.25,0.0108528221502464,,,,,,,,,,,,,,,,,
PSO J023739.422+260015.303,-999,-999,-999,139200394142615659,946363000055471,164583146839354,0,17564787714084,13920,1,1857,55,0.844545901608231,946363,38320,3,1343750144,160,39.41426233,26.00425085,0.0010000000474974,0.0010000000474974,39.41426233,26.00425085,0.0010000000474974,0.0010000000474974,56051.65418981,-999.0,0.6943611755676308,0.5706442224134705,0.4384378283068917,45.147947693082386,10.094347943811586,150.89654058130284,-31.036516960583626,-999,1,0,0,0,0,0,0,1121594000006480,1,0,2145,2523116944169633889,4102114,39.41426213,26.00424905,0.5094670057296753,0.4785119891166687,55882.7709466,24.839599609375,0.919035017490387,24.400299072265625,0.0257520005106925,-999.0,-999.0,35651585,532484,196608,8,1508.97998046875,302.2090148925781,2.037869930267334,1.9140499830245972,1.2751100063323977,1.2178900241851809,-14.530200004577637,0.3987999856472015,-999.0,0.974573016166687,0.974573016166687,1.204110026359558,-999.0,-999.0,-999.0,-999.0,-999.0,4.2087398810508603e-07,3.867980069571786e-07,6.308089837148145e-07,1.6244600331560832e-08,0.4821740090847015,3.25,-999.0,-999.0,-999.0,946.0,-999.0,1.691380013824073e-08,5.85591976687283e-07,24.974300384521484,0.25,2145,2523169177951275105,4296700,39.41426736,26.00427216,0.0722787007689476,0.0677469000220298,56195.1524026,22.51689910888672,0.1331090033054351,21.497299194335938,0.0055949999950826,21.16819953918457,0.0938030034303665,262160391,655360,196608,8,1508.9200439453125,302.50201416015625,0.2891139984130859,0.2709870040416717,1.298699975013733,1.2437299489974976,-82.98619842529297,0.189627006649971,5.693040125649671e-17,0.9989140033721924,0.9989140033721924,1.5068000555038452,0.2983840107917785,-0.0522528998553752,0.351498007774353,1.415619969367981,0.9349899888038636,3.5746700177696766e-06,4.758219915856899e-07,9.142970156972297e-06,5.1154898983440944e-08,0.8974570035934448,3.0,1.2379799954942428e-05,1.1612600019361707e-06,3.5390501022338867,1360.0,8.371419906616211,1.866779975046029e-08,6.805120165154221e-07,24.99839973449707,0.25,2145,2523103828950124641,4053256,39.41426181,26.00425192,0.3435879945755005,0.3199999928474426,56152.0322447,-999.0,0.8110690116882324,23.918500900268555,0.0161140002310276,-999.0,-999.0,35651585,532484,196608,12,1508.97998046875,302.2090148925781,1.3743499517440796,1.2799999713897705,0.9519140124320984,0.9412710070610046,-68.0647964477539,0.2984940111637115,-999.0,0.9962009787559508,0.9962009787559508,1.2814799547195437,-999.0,-999.0,-999.0,-999.0,-999.0,-4.466060090635438e-07,3.62228007588783e-07,9.831170473262318e-07,1.5841699507745943e-08,0.8331069946289062,2.25,-999.0,-999.0,-999.0,1530.0,-999.0,2.58187000667931e-08,6.7960098704134e-07,25.03459930419922,0.25,2145,2523104764179253345,4056740,39.41426233,26.00425085,0.4525760114192962,0.4240919947624206,56077.0392398,23.80419921875,1.0288100242614746,23.12459945678711,0.0158569999039173,-999.0,-999.0,186646529,655364,196608,9,1508.97998046875,302.2090148925781,1.8102999925613403,1.696370005607605,1.1064800024032593,1.0751299858093262,9.430830001831056,0.4680280089378357,-999.0,0.9842529892921448,0.9842529892921448,1.1483900547027588,-999.0,-999.0,-999.0,-999.0,-999.0,1.092240040634351e-06,1.1237000308028655e-06,2.042560026893625e-06,3.2388701498575756e-08,0.7575780153274536,2.5,-999.0,-999.0,-999.0,780.0,-999.0,5.1997599115338744e-08,1.5139600009206331e-06,25.006099700927734,0.25,2145,2523108762525370465,4071635,39.41426198,26.00425178,0.2816930115222931,0.2652179896831512,56076.6176255,-999.0,0.802528977394104,-999.0,0.0066570001654326,-999.0,-999.0,35651585,532484,196608,10,1508.97998046875,302.2090148925781,1.12677001953125,1.0608700513839722,0.7804219722747803,0.747514009475708,-63.50170135498047,1.2385599613189695,-999.0,0.9964399933815002,0.9964399933815002,1.344849944114685,-999.0,-999.0,-999.0,-999.0,-999.0,-2.366339913351112e-06,1.899049948406173e-06,-8.099010301521048e-06,5.3917499798217257e-08,0.8504840135574341,2.0,-999.0,-999.0,-999.0,970.0,-999.0,1.3605900051061326e-07,3.466800080786925e-06,25.045499801635746,0.25,0.0126293913619157,,,,,,,,,,,,,,,,,
PSO J023739.910+260004.344,-999,-999,-999,139200394162912018,946363000055493,164583146839376,0,17564787714363,13920,1,1857,55,0.0484867757637862,946363,38320,3,1343750144,160,39.41629214,26.00120669,0.0010000000474974,0.0010000000474974,39.41629214,26.00120669,0.0010000000474974,0.0010000000474974,56042.51752315,-999.0,0.6943589542296038,0.5706836111210567,0.4383900759358057,45.14874298861584,10.0908864339768,150.9000760828918,-31.038365827084817,-999,2,0,0,0,0,0,0,1121594000006492,1,0,2115,2523116944169633859,4102114,39.41629315,26.00120579,0.41736701130867,0.3920080065727234,55882.7709466,24.5093994140625,0.7528949975967407,-999.0,0.0154050001874566,-999.0,-999.0,35651585,4,196608,6,1482.72998046875,258.36700439453125,1.669469952583313,1.5680299997329712,1.2747000455856323,1.2163200378417969,-14.589200019836426,0.4019019901752472,-999.0,0.9988549947738647,0.9988549947738647,1.2839900255203247,-999.0,-999.0,-999.0,-999.0,-999.0,5.704930003957998e-07,4.295220037420222e-07,-1.6559299638174707e-06,2.5509699241865743e-08,0.904075026512146,3.25,-999.0,-999.0,-999.0,946.0,-999.0,1.869620014360862e-08,5.88077000429621e-07,24.974300384521484,0.25,2115,2523169177951275075,4296700,39.41629333,26.00120857,0.3959760069847107,0.3711490035057068,56195.1524026,-999.0,0.729233980178833,-999.0,0.0055430000647902,-999.0,-999.0,35651585,4,196608,6,1482.72998046875,258.36700439453125,1.583899974822998,1.4845900535583496,1.299340009689331,1.2442500591278076,-83.9219970703125,0.1860129982233047,-999.0,0.9996600151062012,0.9996600151062012,1.3574899435043335,-999.0,-999.0,-999.0,-999.0,-999.0,-7.136550266295671e-07,5.204220201449061e-07,-8.70239000505535e-06,4.8236298511028515e-08,0.9018779993057252,3.0,-999.0,-999.0,-999.0,1360.0,-999.0,1.814160022206579e-08,6.821990155003732e-07,24.99839973449707,0.25,2115,2523103828950124611,4053256,39.41629126,26.00121792,0.0642457008361816,0.0598351992666721,56152.0322447,22.98590087890625,0.1516579985618591,22.766199111938477,0.0094779999926686,22.854799270629883,0.1738799959421157,35651585,0,196608,15,1482.75,258.5,0.2569819986820221,0.2393400073051452,0.952180027961731,0.9418010115623474,-66.42070007324219,0.2989490032196045,0.0471701994538307,0.9979529976844788,0.9979529976844788,1.2157700061798096,0.1235459968447685,0.0030467500910162,0.1470859944820404,0.6932399868965149,0.4004839956760406,2.320749899809016e-06,3.519589881761931e-07,2.8413999189069727e-06,2.6931800789498084e-08,0.848825991153717,2.25,2.618709913804196e-06,4.553419898911671e-07,1.7331000566482544,1530.0,1.9847700595855713,2.7214799303010295e-08,6.831550081187743e-07,25.03459930419922,0.25,2115,2523104764179253315,4056740,39.41629337,26.0012076,0.2423390001058578,0.2270870059728622,56077.0392398,23.199399948120117,0.5508919954299927,22.495899200439453,0.0118709998205304,-999.0,-999.0,35651585,4,196608,9,1482.72998046875,258.36700439453125,0.9693520069122314,0.9083449840545654,1.1047600507736206,1.0731199979782104,9.137089729309082,0.4729999899864197,-999.0,0.997228980064392,0.997228980064392,1.090999960899353,-999.0,-999.0,-999.0,-999.0,-999.0,1.906460056488868e-06,1.050250034495548e-06,3.6443800581764663e-06,4.326319924530253e-08,0.8689860105514526,2.5,-999.0,-999.0,-999.0,780.0,-999.0,5.38368993829863e-08,1.5050400179461576e-06,25.006099700927734,0.25,2115,2523108762525370435,4071635,39.41629301,26.00120853,0.2789179980754852,0.2626050114631653,56076.6176255,22.921899795532227,0.7946239709854126,22.047199249267575,0.008840000256896,-999.0,-999.0,35651585,4,196608,10,1482.72998046875,258.36700439453125,1.1156699657440186,1.0504200458526611,0.7801349759101868,0.7474750280380249,-63.4567985534668,1.2355799674987793,-999.0,0.9977729916572572,0.9977729916572572,1.438420057296753,-999.0,-999.0,-999.0,-999.0,-999.0,2.4618300358270062e-06,1.9562301076803124e-06,5.5098098528105766e-06,4.8706201738468735e-08,0.8455110192298889,2.0,-999.0,-999.0,-999.0,970.0,-999.0,1.3493000494690932e-07,3.45424996339716e-06,25.045499801635746,0.25,0.0121643940900077,,,,,,,,,,,,,,,,,
PSO J023739.910+260004.344,-999,-999,-999,139200394162912018,946363000055493,164583146839376,0,17564787714363,13920,1,1857,55,0.0484867757637862,946363,38320,3,1343750144,160,39.41629214,26.00120669,0.0010000000474974,0.0010000000474974,39.41629214,26.00120669,0.0010000000474974,0.0010000000474974,56042.51752315,-999.0,0.6943589542296038,0.5706836111210567,0.4383900759358057,45.14874298861584,10.0908864339768,150.9000760828918,-31.038365827084817,-999,2,0,0,0,0,0,0,1121788000006850,0,0,2002,2523116941485279186,4102104,39.41627857,26.00119307,0.3736540079116821,0.348037987947464,55907.0427922,24.51020050048828,0.7290740013122559,-999.0,0.0176769997924566,-999.0,-999.0,35651585,4,0,6,1482.9200439453125,6043.18017578125,1.4946199655532837,1.3921500444412231,1.244670033454895,1.187209963798523,-34.239498138427734,0.4108380079269409,-999.0,0.99890398979187,0.99890398979187,1.3157199621200562,-999.0,-999.0,-999.0,-999.0,-999.0,5.700559881915979e-07,4.156129875809711e-07,-1.501889983046567e-06,2.654840081106613e-08,0.8996679782867432,3.0,-999.0,-999.0,-999.0,774.0,-999.0,1.6413800096870546e-08,5.872349788660358e-07,24.99959945678711,0.25,2002,2523169164261066706,4296649,39.41628068,26.00119377,1.0253700017929075,0.9717829823493958,56143.7089132,-999.0,1.9981199502944944,-999.0,0.0081150000914931,-999.0,-999.0,35651585,4,0,6,1482.9200439453125,6043.18017578125,4.101490020751953,3.887140035629273,1.2734299898147583,1.2422300577163696,-78.23040008544922,0.1198789998888969,-999.0,0.998170018196106,0.998170018196106,1.417050004005432,-999.0,-999.0,-999.0,-999.0,-999.0,-2.548750046571513e-07,5.092700234854419e-07,-5.774799774371786e-06,4.6863799951779583e-08,0.8970549702644348,2.75,-999.0,-999.0,-999.0,940.0,-999.0,4.679880039049067e-09,7.192069801931211e-07,25.016799926757812,0.25,2002,2523103827071076306,4053249,39.4162736,26.00119203,0.064621202647686,0.0610945001244545,56073.3648704,23.043399810791016,0.1529390066862106,22.831499099731445,0.0111090000718832,22.795799255371097,0.1779890060424804,35651585,0,0,16,1482.989990234375,6043.1298828125,0.2584849894046783,0.244378000497818,0.9796159863471984,0.9560019969940186,-73.37349700927734,0.269569993019104,0.0047974199987947,0.9966030120849608,0.9966030120849608,1.184939980506897,0.1604620069265365,-0.0130874002352356,0.160082995891571,0.7768290042877197,0.4333150088787079,2.2010599423083477e-06,3.3662701071079937e-07,2.675460109458072e-06,2.9720700567281714e-08,0.8684750199317932,2.25,2.7649200546875363e-06,4.921240019939432e-07,1.9420700073242188,1170.0,2.8203299045562744,3.4655599279176386e-08,6.863239718768455e-07,25.041000366210938,0.25,2002,2523104761763334098,4056731,39.4162786,26.00119534,0.2535539865493774,0.2450159937143325,56119.4142644,23.24329948425293,0.5544319748878479,22.593000411987305,0.0134169999510049,-999.0,-999.0,35651585,4,0,9,1482.9200439453125,6043.18017578125,1.0142199993133545,0.9800649881362916,1.092610001564026,1.0733100175857544,7.57342004776001,0.4049639999866485,-999.0,0.9971280097961426,0.9971280097961426,1.0795899629592896,-999.0,-999.0,-999.0,-999.0,-999.0,1.8310199720872331e-06,1.0151800324820217e-06,3.332819915158325e-06,4.4715399383221666e-08,0.8849009871482849,2.5,-999.0,-999.0,-999.0,660.0,-999.0,6.061630131171114e-08,1.4929199778634938e-06,25.017499923706055,0.25,2002,2523108760109451218,4071626,39.41627915,26.00119436,0.4429340064525604,0.4191780090332031,56051.8582931,23.39940071105957,1.2826000452041626,22.15589904785156,0.0098839998245239,-999.0,-999.0,35651585,4,0,9,1482.9200439453125,6043.18017578125,1.7717399597167969,1.67671000957489,0.8119350075721741,0.7718170285224915,-69.96189880371094,1.213610053062439,-999.0,0.9967089891433716,0.9967089891433716,1.3336299657821655,-999.0,-999.0,-999.0,-999.0,-999.0,1.585769950906979e-06,2.033910050158738e-06,4.984659881301923e-06,4.9267498525296105e-08,0.8504840135574341,2.0,-999.0,-999.0,-999.0,860.0,-999.0,2.133990051333967e-07,3.485590013951878e-06,25.05430030822754,0.25,0.0121643940900077,,,,,,,,,,,,,,,,,
PSO J023738.505+260016.079,-999,-999,-999,139200394104675982,946363000017739,164583146800458,0,17564787726955,13920,1,1857,55,0.665149201327143,946363,38320,3,1083703296,129,39.41044151,26.00446664,0.0010000000474974,0.0010000000474974,39.41044151,26.00446664,0.0010000000474974,0.0010000000474974,56126.7853125,-999.0,0.6943979521394531,0.5705968687076446,0.4384412132607573,45.144702399841975,10.095624888598827,150.89287407913645,-31.03792032290237,-999,2,1,0,0,1,0,0,1121594000004709,1,0,2212,2523116944169633956,4102114,39.4103794,26.0043844,0.4927699863910675,0.4628300070762634,55882.7709466,-999.0,0.8889150023460388,-999.0,0.024380000308156,-999.0,-999.0,35651585,532484,65536,6,1559.22998046875,304.1960144042969,1.97107994556427,1.8513200283050537,1.2760800123214722,1.2210700511932373,-14.409899711608888,0.3928639888763428,-999.0,0.9752470254898072,0.9752470254898072,1.2079999446868896,-999.0,-999.0,-999.0,-999.0,-999.0,-4.818620027435827e-07,4.2833400470954075e-07,-6.611369940401346e-07,1.61186992642115e-08,0.4821740090847015,3.25,-999.0,-999.0,-999.0,946.0,-999.0,1.4871299747198918e-08,5.899310053791851e-07,24.974300384521484,0.25,2212,2523169177951275172,4296700,39.4104051,26.00437041,0.0347600989043712,0.0325806997716426,56195.1524026,21.553199768066406,0.0640150010585784,20.37260055541992,0.0033330000005662,20.160999298095703,0.0425690002739429,262160391,655360,196608,8,1558.9000244140625,303.9540100097656,0.1390399932861328,0.1303229928016662,1.2975399494171145,1.2426700592041016,-81.20110321044922,0.1965260058641433,0.0,0.998870015144348,0.998870015144348,1.950119972229004,0.3777740001678467,-0.0611316002905368,0.3705799877643585,1.4816800355911257,1.0062799453735352,8.684280146553647e-06,5.559219857786957e-07,2.576040060375817e-05,8.586560085177554e-08,0.8996679782867432,3.0,3.130409822915681e-05,1.3325900454219664e-06,3.7041900157928462,1360.0,17.222200393676758,1.844029995368146e-08,6.817949724791106e-07,24.99839973449707,0.25,2212,2523103828950124708,4053256,39.41037904,26.00438726,0.1791339963674545,0.1668359935283661,56152.0322447,24.00149917602539,0.4228619933128357,22.962799072265625,0.0103770000860095,-999.0,-999.0,186646529,655364,196608,12,1559.22998046875,304.1960144042969,0.7165349721908569,0.6673439741134644,0.9514470100402832,0.940209984779358,-70.98280334472656,0.2976199984550476,-999.0,0.9968299865722656,0.9968299865722656,1.3053100109100342,-999.0,-999.0,-999.0,-999.0,-999.0,9.107409937314516e-07,3.851170049529174e-07,2.370750053160009e-06,2.4600399939345152e-08,0.8370370268821716,2.25,-999.0,-999.0,-999.0,1530.0,-999.0,2.5042400153552083e-08,6.807320005464135e-07,25.03459930419922,0.25,2212,2523104764179253412,4056740,39.41037955,26.00438621,0.3772479891777038,0.3535059988498688,56077.0392398,23.78499984741211,0.8575729727745056,22.878999710083008,0.0141610000282526,-999.0,-999.0,186646529,655364,196608,10,1559.22998046875,304.1960144042969,1.5089900493621826,1.4140199422836304,1.1097899675369265,1.078969955444336,10.009599685668944,0.4585129916667938,-999.0,0.9845160245895386,0.9845160245895386,1.2504299879074097,-999.0,-999.0,-999.0,-999.0,-999.0,1.1117100484625553e-06,9.533740126244084e-07,2.5609399472159566e-06,3.6266499137127546e-08,0.760761022567749,2.5,-999.0,-999.0,-999.0,780.0,-999.0,4.961700028616178e-08,1.5165700233410462e-06,25.006099700927734,0.25,2212,2523108762525370532,4071635,39.41037921,26.00438714,1.372349977493286,1.2920900583267212,56076.6176255,-999.0,3.909749984741211,-999.0,0.0133020002394914,-999.0,-999.0,35651585,532484,196608,9,1559.22998046875,304.1960144042969,5.4893798828125,5.168330192565918,0.7809649705886841,0.7475860118865967,-63.58549880981445,1.2442799806594849,-999.0,0.996724009513855,0.996724009513855,1.2725600004196167,-999.0,-999.0,-999.0,-999.0,-999.0,-4.953520260642108e-07,1.9367000732017914e-06,-2.028659991992754e-06,2.6984800172158433e-08,0.8504840135574341,2.0,-999.0,-999.0,-999.0,970.0,-999.0,1.3689199818145428e-07,3.492499899948598e-06,25.045499801635746,0.25,0.0159234142403354,,,,,,,,,,,,,,,,,
PSO J023738.505+260016.079,-999,-999,-999,139200394104675982,946363000017739,164583146800458,0,17564787726955,13920,1,1857,55,0.665149201327143,946363,38320,3,1083703296,129,39.41044151,26.00446664,0.0010000000474974,0.0010000000474974,39.41044151,26.00446664,0.0010000000474974,0.0010000000474974,56126.7853125,-999.0,0.6943979521394531,0.5705968687076446,0.4384412132607573,45.144702399841975,10.095624888598827,150.89287407913645,-31.03792032290237,-999,2,1,0,0,1,0,0,1121788000005343,0,0,2088,2523116941485279272,4102104,39.41044127,26.0044664,0.4197050034999847,0.3909319937229156,55907.0427922,-999.0,0.8189299702644348,-999.0,0.0236620008945465,-999.0,-999.0,35651585,532484,131072,6,1558.4300537109375,6090.3701171875,1.678820013999939,1.563730001449585,1.2430800199508667,1.186609983444214,-34.684200286865234,0.4117400050163269,-999.0,0.9779090285301208,0.9779090285301208,1.19760000705719,-999.0,-999.0,-999.0,-999.0,-999.0,-5.029110070609022e-07,4.1184898691426497e-07,-8.381450129490986e-07,1.9832500086636173e-08,0.565883994102478,3.0,-999.0,-999.0,-999.0,774.0,-999.0,1.612239941550797e-08,5.852650133419957e-07,24.99959945678711,0.25,2088,2523169164261066792,4296649,39.41045712,26.00446485,0.0847179964184761,0.0802904963493347,56143.7089132,22.582000732421875,0.1650879979133606,21.506799697875977,0.0067560002207756,21.39150047302246,0.120177999138832,262160391,655360,0,8,1558.25,6090.33984375,0.3388719856739044,0.3211619853973388,1.2743899822235107,1.24249005317688,-75.12550354003906,0.1268260031938552,2.1401200513897038e-14,0.998453974723816,0.998453974723816,1.3909200429916382,0.2452089935541153,-0.0665438026189804,0.3412240147590637,1.3799500465393066,1.0327999591827393,3.366709961483138e-06,5.5580301250302e-07,9.063100151252002e-06,6.122949969267212e-08,0.8865320086479187,2.75,1.0078500054078177e-05,1.211200014950009e-06,3.4498798847198486,940.0,7.64192008972168,6.018550102737663e-09,7.20025013833947e-07,25.016799926757812,0.25,2088,2523103827071076392,4053249,39.41044169,26.00446844,0.2153459936380386,0.2035939991474151,56073.3648704,24.12529945373535,0.5096589922904968,23.225400924682617,0.0133180003613233,-999.0,-999.0,186646529,655364,0,11,1558.4300537109375,6090.3701171875,0.8613849878311157,0.8143749833106995,0.9800950288772584,0.954704999923706,-75.12190246582031,0.2711420059204101,-999.0,0.9974669814109802,0.9974669814109802,1.1785399913787842,-999.0,-999.0,-999.0,-999.0,-999.0,8.12592020338343e-07,4.141450062888908e-07,1.8613900465425104e-06,2.4790200114921394e-08,0.8370370268821716,2.25,-999.0,-999.0,-999.0,1170.0,-999.0,3.5175698798184385e-08,6.838699846412055e-07,25.041000366210938,0.25,2088,2523104761763334184,4056731,39.41044133,26.00446868,1.1055699586868286,1.0683499574661257,56119.4142644,24.919700622558594,2.4175000190734863,23.007200241088867,0.016237000003457,-999.0,-999.0,35651585,532484,0,10,1558.4300537109375,6090.3701171875,4.422299861907959,4.27338981628418,1.096160054206848,1.0774600505828855,7.644169807434082,0.3909330070018768,-999.0,0.9850249886512756,0.9850249886512756,1.238360047340393,-999.0,-999.0,-999.0,-999.0,-999.0,3.909480028596591e-07,9.45115004924446e-07,2.275640099469456e-06,3.6949099779803873e-08,0.760761022567749,2.5,-999.0,-999.0,-999.0,660.0,-999.0,5.1816599011544895e-08,1.497229959568358e-06,25.017499923706055,0.25,2088,2523108760109451304,4071626,39.41044185,26.0044677,0.6682429909706116,0.6324020028114319,56051.8582931,-999.0,1.9350199699401855,-999.0,0.0132219996303319,-999.0,-999.0,186646529,655364,0,10,1558.4300537109375,6090.3701171875,2.6729700565338135,2.5296099185943604,0.814320981502533,0.7737389802932739,-69.62789916992188,1.209820032119751,-999.0,0.9986180067062378,0.9986180067062378,1.4191800355911257,-999.0,-999.0,-999.0,-999.0,-999.0,-9.830309863900766e-07,1.902189978864044e-06,-2.297349965374451e-06,3.0374501136520855e-08,0.8455110192298889,2.0,-999.0,-999.0,-999.0,860.0,-999.0,2.1833599817000507e-07,3.526319915181375e-06,25.05430030822754,0.25,0.0159234142403354,,,,,,,,,,,,,,,,,
PSO J023738.399+260023.831,-999,-999,-999,139200394099848500,946363000055438,164583146839321,0,17564787727805,13920,1,1857,55,0.046370809009644,946363,38320,3,404226048,48,39.40999679,26.0066199,0.0010000000474974,0.0010000000474974,39.40999679,26.0066199,0.0010000000474974,0.0010000000474974,56067.90015046,-999.0,0.6943896497896873,0.5705810176435877,0.4384749896741696,45.14499945365713,10.097795315741417,150.89129415784603,-31.03619878366053,-999,4,0,0,0,0,0,0,1121594000006454,1,0,2222,2523116944169633966,4102114,39.40999689,26.00661843,0.3783049881458282,0.3553189933300018,55882.7709466,24.313400268554688,0.6824290156364441,23.128400802612305,0.0143360001966357,-999.0,-999.0,35651585,4,196608,6,1564.1600341796875,336.3699951171875,1.513219952583313,1.421280026435852,1.27606999874115,1.221269965171814,-14.415300369262695,0.3926230072975158,-999.0,0.9984170198440552,0.9984170198440552,1.2519400119781494,-999.0,-999.0,-999.0,-999.0,-999.0,6.833259931227076e-07,4.6632200678686786e-07,2.035370016528759e-06,2.9179700433701328e-08,0.904075026512146,3.25,-999.0,-999.0,-999.0,946.0,-999.0,1.4200000286734848e-08,5.859370162397681e-07,24.974300384521484,0.25,2222,2523169177951275182,4296700,39.410037,26.0066295,0.0608114004135131,0.0569985993206501,56195.1524026,22.36370086669922,0.1119910031557083,21.621000289916992,0.00592300016433,21.34160041809082,0.0948259979486465,35667969,0,196608,11,1563.6400146484375,336.489013671875,0.2432450056076049,0.2279939949512481,1.2974400520324707,1.2425600290298462,-81.03479766845703,0.1971420049667358,1.9466199319140287e-08,0.9996479749679564,0.9996479749679564,1.4864399433135986,0.2977479994297027,-0.0643258988857269,0.268902987241745,1.4082200527191162,0.8531429767608643,4.1163198147842195e-06,4.609910035924259e-07,8.158330274454784e-06,4.8321901147119206e-08,0.884194016456604,3.0,1.0552799722063357e-05,1.0006799584516557e-06,3.520550012588501,1360.0,5.616680145263672,1.8669499723955596e-08,6.803570045121887e-07,24.99839973449707,0.25,2222,2523103828950124718,4053256,39.40998421,26.00661958,0.0716648995876312,0.0667451024055481,56152.0322447,22.75,0.169171005487442,22.758499145507812,0.0094450004398822,23.019399642944336,0.2735199928283691,35651585,0,196608,9,1564.3199462890625,336.34600830078125,0.2866590023040771,0.2669799923896789,0.9514560103416444,0.9401230216026306,-71.23789978027344,0.2975099980831146,-0.555778980255127,0.9977700114250184,0.9977700114250184,1.2767399549484253,0.1124359965324401,-0.0581001006066799,0.1748159974813461,0.6828609704971313,0.7493910193443298,2.884110017475905e-06,4.879099719801161e-07,2.8614699658646714e-06,2.7026700877286206e-08,0.856685996055603,2.25,2.2503900254378095e-06,6.15527994796139e-07,1.7071499824523926,1530.0,-0.5891219973564148,2.419569966605195e-08,6.776090231142007e-07,25.03459930419922,0.25,2222,2523104764179253422,4056740,39.40999704,26.00662022,0.1929939985275268,0.1808480024337768,56077.0392398,22.866500854492188,0.4387210011482239,24.187700271606445,0.0258729998022317,-999.0,-999.0,35651585,4,196608,8,1564.1600341796875,336.3699951171875,0.7719759941101074,0.7233909964561462,1.1101200580596924,1.0793499946594238,10.06760025024414,0.4575800001621246,-999.0,0.9963369965553284,0.9963369965553284,1.1734299659729004,-999.0,-999.0,-999.0,-999.0,-999.0,2.590549911474227e-06,1.1365300451871008e-06,7.672300057492976e-07,1.9850400434506813e-08,0.872169017791748,2.5,-999.0,-999.0,-999.0,780.0,-999.0,4.957360033586155e-08,1.5219600300042655e-06,25.006099700927734,0.25,2222,2523108762525370542,4071635,39.4099967,26.00662116,0.1627050042152404,0.1531890034675598,56076.6176255,22.36639976501465,0.4635390043258667,21.417499542236328,0.0066149998456239,-999.0,-999.0,35651585,4,196608,10,1564.1600341796875,336.3699951171875,0.6508200168609619,0.6127560138702393,0.7810220122337341,0.7476249933242798,-63.59149932861328,1.2444599866867063,-999.0,0.9973909854888916,0.9973909854888916,1.3659600019454956,-999.0,-999.0,-999.0,-999.0,-999.0,4.1060498006118e-06,1.903310021589277e-06,9.840359780355357e-06,6.509110050956225e-08,0.8504840135574341,2.0,-999.0,-999.0,-999.0,970.0,-999.0,1.3478700111591024e-07,3.493169970170129e-06,25.045499801635746,0.25,0.0160433236615424,,,,,,,,,,,,,,,,,
PSO J023738.399+260023.831,-999,-999,-999,139200394099848500,946363000055438,164583146839321,0,17564787727805,13920,1,1857,55,0.046370809009644,946363,38320,3,404226048,48,39.40999679,26.0066199,0.0010000000474974,0.0010000000474974,39.40999679,26.0066199,0.0010000000474974,0.0010000000474974,56067.90015046,-999.0,0.6943896497896873,0.5705810176435877,0.4384749896741696,45.14499945365713,10.097795315741417,150.89129415784603,-31.03619878366053,-999,4,0,0,0,0,0,0,1121788000006830,0,0,2100,2523116941485279284,4102104,39.40996277,26.00656118,0.3921799957752228,0.3652940094470978,55907.0427922,24.48579978942871,0.7652220129966736,23.08370018005371,0.015421999618411,-999.0,-999.0,35651585,4,0,6,1564.5999755859375,6120.5400390625,1.5687199831008911,1.4611799716949463,1.2429499626159668,1.186560034751892,-34.72119903564453,0.4118140041828155,-999.0,0.9996820092201232,0.9996820092201232,1.2586300373077393,-999.0,-999.0,-999.0,-999.0,-999.0,5.830360123582068e-07,4.461520006771025e-07,2.120870021826704e-06,3.2708399544389977e-08,0.8819839954376221,3.0,-999.0,-999.0,-999.0,774.0,-999.0,1.685959993835695e-08,5.819420039188117e-07,24.99959945678711,0.25,2100,2523169164261066804,4296649,39.41000832,26.006643,0.061142299324274,0.0579469017684459,56143.7089132,22.452800750732425,0.1191470026969909,22.1033992767334,0.0088919997215271,22.37879943847656,0.1575729995965957,35651585,0,0,11,1564.0400390625,6121.7099609375,0.2445700019598007,0.2317879945039749,1.274469971656799,1.2424999475479126,-74.91629791259766,0.127262994647026,0.4917260110378265,0.9977959990501404,0.9977959990501404,1.388159990310669,0.2034170031547546,-0.0550341010093688,0.2068070024251938,0.9301869869232178,0.6606969833374023,3.792039933614433e-06,4.5180900087871123e-07,5.231800059846137e-06,4.652089913292912e-08,0.8891630172729492,2.75,4.059700131620048e-06,6.396979870260111e-07,2.325469970703125,940.0,0.6875669956207275,7.7078698978994e-09,7.194580007308105e-07,25.016799926757812,0.25,2100,2523103827071076404,4053249,39.40997195,26.00656612,0.068384401500225,0.0646523013710975,56073.3648704,22.78089904785156,0.1618449985980987,22.97170066833496,0.0118500003591179,22.88640022277832,0.2252900004386901,35651585,0,0,10,1564.489990234375,6120.580078125,0.2735370099544525,0.2586089968681335,0.9801350235939026,0.9545990228652954,-75.25150299072266,0.2712680101394653,0.7523000240325928,0.9987589716911316,0.9987589716911316,1.1175999641418457,0.1235179975628852,-0.0386375002562999,0.165350005030632,0.6818990111351013,0.322050005197525,2.803109964588657e-06,4.5366900280896516e-07,2.351300054215244e-06,2.7862100182574068e-08,0.848825991153717,2.25,2.543559958212427e-06,5.730379939450359e-07,1.7047499418258667,1170.0,0.3156079947948456,3.6158098737359985e-08,6.825960099376971e-07,25.041000366210938,0.25,2100,2523104761763334196,4056731,39.40996284,26.00656348,0.2298070043325424,0.2220689952373504,56119.4142644,23.021099090576172,0.5025060176849365,24.27589988708496,0.0291230008006095,-999.0,-999.0,35651585,4,0,8,1564.5999755859375,6120.5400390625,0.9192299842834472,0.888276994228363,1.0964699983596802,1.0778199434280396,7.650199890136719,0.3897869884967804,-999.0,0.9984779953956604,0.9984779953956604,1.1593600511550903,-999.0,-999.0,-999.0,-999.0,-999.0,2.2467600047093583e-06,1.129010001932329e-06,7.073400070112257e-07,2.0599900452111797e-08,0.872169017791748,2.5,-999.0,-999.0,-999.0,660.0,-999.0,5.040820028057169e-08,1.4981800404711976e-06,25.017499923706055,0.25,2100,2523108760109451316,4071626,39.40996335,26.00656249,0.1487500071525573,0.1407719999551773,56051.8582931,22.24090003967285,0.4307320117950439,21.36989974975586,0.0068819997832179,-999.0,-999.0,35651585,4,0,9,1564.5999755859375,6120.5400390625,0.5949990153312683,0.563086986541748,0.8144739866256714,0.7738959789276123,-69.6001968383789,1.209280014038086,-999.0,0.9990559816360474,0.9990559816360474,1.4464000463485718,-999.0,-999.0,-999.0,-999.0,-999.0,4.6092500269878656e-06,1.9853500816680025e-06,1.0281100003339816e-05,7.075570351844362e-08,0.8405370116233826,2.0,-999.0,-999.0,-999.0,860.0,-999.0,2.229189988156577e-07,3.5328700960235437e-06,25.05430030822754,0.25,0.0160433236615424,,,,,,,,,,,,,,,,,
PSO J023742.670+260037.597,-999,-999,-999,139210394277933093,946363000019437,164583146802156,0,17564787736705,13921,1,1857,55,0.778297845067734,946363,38320,3,1384198144,165,39.42781643,26.01040987,0.0010000000474974,0.0010000000474974,39.42779232,26.01044365,0.1418700069189071,0.1418700069189071,55430.52903935,-999.0,0.6941897945412656,0.5707780749606229,0.438534968159896,45.16164508997683,10.09643608004774,150.90575157702096,-31.025385115466054,-999,1,1,0,0,0,0,1,1121594000004817,1,0,8834,2523116944169640578,4102114,39.42781584,26.01039615,0.5836489796638489,0.5481870174407959,55882.7709466,25.133899688720703,1.0528500080108645,23.89879989624023,0.0204419996589422,-999.0,-999.0,35651585,4,196608,10,1333.510009765625,390.60400390625,2.33459997177124,2.1927499771118164,1.2726800441741943,1.2077499628067017,-14.88319969177246,0.419530987739563,-999.0,0.9992089867591858,0.9992089867591858,1.221629977226257,-999.0,-999.0,-999.0,-999.0,-999.0,3.209410124327406e-07,3.379030033556774e-07,1.0010900268753176e-06,2.0464199224079493e-08,0.9003080129623413,3.25,-999.0,-999.0,-999.0,946.0,-999.0,2.2157200518790887e-08,5.639029723170097e-07,24.974300384521484,0.25,8834,2523169177951281794,4296700,39.42781617,26.01039881,0.2258609980344772,0.2117000073194503,56195.1524026,23.96430015563965,0.4159489870071411,23.302799224853516,0.0128499995917081,-999.0,-999.0,35651585,4,196608,11,1333.510009765625,390.60400390625,0.9034429788589478,0.8467980027198792,1.303500056266785,1.2465499639511108,-89.15519714355469,0.1654179990291595,-999.0,0.999701976776123,0.999701976776123,1.4058799743652344,-999.0,-999.0,-999.0,-999.0,-999.0,9.424979907635134e-07,3.9203101209750457e-07,1.7333400137431454e-06,2.2273399125083415e-08,0.884194016456604,3.0,-999.0,-999.0,-999.0,1360.0,-999.0,2.1946400252659263e-08,6.69983990064793e-07,24.99839973449707,0.25,8834,2523103828950131330,4053256,39.42781565,26.01039898,0.3514670133590698,0.3273380100727081,56152.0322447,24.903499603271484,0.8296679854393005,-999.0,0.0299720000475645,-999.0,-999.0,35651585,4,196608,15,1333.510009765625,390.60400390625,1.4058599472045898,1.3093500137329102,0.954060971736908,0.944428026676178,-55.905799865722656,0.3015420138835907,-999.0,0.9989029765129088,0.9989029765129088,1.2168699502944946,-999.0,-999.0,-999.0,-999.0,-999.0,3.968449959756981e-07,3.2924899073805136e-07,-2.558890059844998e-07,7.669529900056204e-09,0.848825991153717,2.25,-999.0,-999.0,-999.0,1530.0,-999.0,2.6438399913786273e-08,6.670210268566734e-07,25.03459930419922,0.25,8834,2523104764179260034,4056740,39.42781621,26.01039786,1.8371599912643433,1.7215299606323242,56077.0392398,-999.0,4.1762800216674805,-999.0,0.0405349992215633,-999.0,-999.0,35651585,4,196608,14,1333.510009765625,390.60400390625,7.348609924316406,6.886109828948975,1.0949900150299072,1.0616899728775024,7.573699951171875,0.5012570023536682,-999.0,0.9984089732170104,0.9984089732170104,1.1569099426269531,-999.0,-999.0,-999.0,-999.0,-999.0,-2.1610199496535645e-07,9.025009717333888e-07,-2.817070026139845e-07,1.1418999967816036e-08,0.872169017791748,2.5,-999.0,-999.0,-999.0,780.0,-999.0,5.6020699190639795e-08,1.5240899529089802e-06,25.006099700927734,0.25,8834,2523108762525377154,4071635,39.42781668,26.01042076,0.0654371976852417,0.0616100989282131,56076.6176255,21.565099716186523,0.1864269971847534,21.227800369262695,0.0060609998181462,21.31060028076172,0.2487999945878982,35651585,0,196608,15,1333.5,390.9200134277344,0.2617479860782623,0.2464399933815002,0.7784789800643921,0.7472350001335144,-63.185699462890625,1.2186000347137451,0.2209350019693374,0.995615005493164,0.995615005493164,1.2392499446868896,0.1389860063791275,0.0098443003371357,0.084297701716423,0.8759999871253967,0.5741320252418518,8.589159733674023e-06,1.601250005478505e-06,1.1718800124072004e-05,7.103260202256935e-08,0.8256160020828247,2.0,1.0858600035135169e-05,2.7016099011234473e-06,2.190000057220459,970.0,1.2240400314331057,1.4737699416400576e-07,3.3806200008257292e-06,25.045499801635746,0.25,0.0028164881477334,,,,,,,,,,,,,,,,,
PSO J023741.842+260018.018,-999,-999,-999,139200394243566577,946363000019095,164583146801814,0,17564787737725,13920,1,1857,55,0.530109993675826,946363,38320,3,1384198144,165,39.42409656,26.00509692,0.0010000000474974,0.0010000000474974,39.42434503,26.00500524,0.1864500045776367,0.1864500045776367,55881.30199074,-999.0,0.6942562856649599,0.5707627386233529,0.4384496618927464,45.156931389870536,10.092236231211352,150.90549771997556,-31.031640339346293,-999,2,1,1,0,0,0,0,1121594000004793,1,0,1979,2523116944169633723,4102114,39.42409002,26.00506696,0.2501440048217773,0.234944999217987,55882.7709466,23.967599868774418,0.4512380063533783,23.716699600219727,0.0187970008701086,-999.0,-999.0,35651585,4,196608,6,1381.780029296875,313.89599609375,1.0005799531936646,0.9397810101509094,1.2733399868011477,1.2105200290679932,-14.79520034790039,0.4138289988040924,-999.0,0.9985859990119934,0.9985859990119934,1.2216999530792236,-999.0,-999.0,-999.0,-999.0,-999.0,9.396110272064108e-07,4.239880126988283e-07,1.183929953185725e-06,2.2254699416635052e-08,0.9097260236740112,3.25,-999.0,-999.0,-999.0,946.0,-999.0,2.1786700443726662e-08,5.729970098400372e-07,24.974300384521484,0.25,1979,2523169177951274939,4296700,39.42407426,26.00510724,0.097139298915863,0.0910487994551658,56195.1524026,23.055299758911133,0.1788929998874664,22.398500442504883,0.0084729995578527,22.338199615478516,0.1989810019731521,35667969,0,196608,13,1381.989990234375,314.43701171875,0.3885569870471954,0.3641940057277679,1.302049994468689,1.2459100484848022,-87.48419952392578,0.172108992934227,2.699029892028193e-06,0.9991000294685364,0.9991000294685364,1.3757699728012085,0.2797659933567047,-0.0708743035793304,0.1734379976987838,1.3984800577163696,0.996291995048523,2.1771299998363247e-06,3.894739961651794e-07,3.986659976362716e-06,3.3779098629338484e-08,0.8996679782867432,3.0,4.2143501559621654e-06,8.385759997509012e-07,3.4962000846862793,1360.0,4.692490100860596,1.955590001045948e-08,6.763369810869335e-07,24.99839973449707,0.25,1979,2523103828950124475,4053256,39.42408979,26.00506982,0.4898639917373657,0.4562340080738067,56152.0322447,25.267099380493164,1.1563700437545776,23.4591007232666,0.0130409998819231,-999.0,-999.0,35651585,4,196608,15,1381.780029296875,313.89599609375,1.9594500064849856,1.8249399662017824,0.9533799886703492,0.9436540007591248,-59.45399856567383,0.3007040023803711,-999.0,0.9977229833602904,0.9977229833602904,1.1518700122833252,-999.0,-999.0,-999.0,-999.0,-999.0,2.8390400075295474e-07,3.2829800034051004e-07,1.5009500202722847e-06,1.9574100562635977e-08,0.8645449876785278,2.25,-999.0,-999.0,-999.0,1530.0,-999.0,2.7403000757431073e-08,6.751540126970212e-07,25.03459930419922,0.25,1979,2523104764179253179,4056740,39.42409034,26.00506872,0.8406609892845154,0.7877529859542847,56077.0392398,24.711999893188477,1.911020040512085,25.06879997253418,0.0388210006058216,-999.0,-999.0,35651585,4,196608,14,1381.780029296875,313.89599609375,3.362639904022217,3.151010036468506,1.098140001296997,1.0653899908065796,8.060279846191406,0.4921160042285919,-999.0,0.9975709915161132,0.9975709915161132,1.1414799690246582,-999.0,-999.0,-999.0,-999.0,-999.0,4.733639968890202e-07,9.046070204021816e-07,3.4079300803568913e-07,1.3229800366332256e-08,0.8849009871482849,2.5,-999.0,-999.0,-999.0,780.0,-999.0,5.7609998549423835e-08,1.510450033492816e-06,25.006099700927734,0.25,1979,2523108762525370299,4071635,39.42408999,26.00506966,0.9035339951515198,0.8506900072097778,56076.6176255,-999.0,2.574120044708252,-999.0,0.0219539999961853,-999.0,-999.0,35651585,4,196608,12,1381.780029296875,313.89599609375,3.6141300201416016,3.4027600288391113,0.7790210247039795,0.7473160028457642,-63.2765998840332,1.2240899801254272,-999.0,0.9976119995117188,0.9976119995117188,1.3652700185775757,-999.0,-999.0,-999.0,-999.0,-999.0,-7.376460189334466e-07,1.8987899466083036e-06,-7.447089842571586e-07,1.634960078433778e-08,0.8455110192298889,2.0,-999.0,-999.0,-999.0,970.0,-999.0,1.3499500539637665e-07,3.4017300549749052e-06,25.045499801635746,0.25,0.0040640773396538,,,,,,,,,,,,,,,,,
PSO J023741.842+260018.018,-999,-999,-999,139200394243566577,946363000019095,164583146801814,0,17564787737725,13920,1,1857,55,0.530109993675826,946363,38320,3,1384198144,165,39.42409656,26.00509692,0.0010000000474974,0.0010000000474974,39.42434503,26.00500524,0.1864500045776367,0.1864500045776367,55881.30199074,-999.0,0.6942562856649599,0.5707627386233529,0.4384496618927464,45.156931389870536,10.092236231211352,150.90549771997556,-31.031640339346293,-999,2,1,1,0,0,0,0,1121788000005418,0,0,1889,2523116941485279073,4102104,39.42409718,26.00509564,0.2715440094470978,0.2529279887676239,55907.0427922,24.17970085144043,0.5298380255699158,24.09280014038086,0.0245450008660554,-999.0,-999.0,35651585,4,0,6,1381.68994140625,6099.2998046875,1.0861799716949463,1.0117100477218628,1.2468199729919434,1.1880099773406982,-33.667701721191406,0.4096289873123169,-999.0,0.999642014503479,0.999642014503479,1.2577500343322754,-999.0,-999.0,-999.0,-999.0,-999.0,7.729260005362448e-07,4.095250005775597e-07,8.373090167879127e-07,2.0551599533291665e-08,0.8974570035934448,3.0,-999.0,-999.0,-999.0,774.0,-999.0,1.878020050583018e-08,5.760920203101705e-07,24.99959945678711,0.25,1889,2523169164261066593,4296649,39.42409656,26.00511444,0.0855631008744239,0.081091396510601,56143.7089132,23.005699157714844,0.1667349934577942,22.512500762939453,0.0107349995523691,22.313600540161133,0.1840119957923889,35667969,0,0,13,1381.719970703125,6099.56005859375,0.3422529995441437,0.3243660032749176,1.2724000215530396,1.2415499687194824,-82.5978012084961,0.1105460003018379,0.0020369798876345,0.999284029006958,0.999284029006958,1.48334002494812,0.2121009975671768,-0.0690255984663963,0.1724079996347427,1.3384300470352173,0.8385999798774719,2.278969986946322e-06,3.7998299262653745e-07,3.589389962144196e-06,3.853299901379614e-08,0.8839020133018494,2.75,4.3108298086735886e-06,7.932429753054748e-07,3.3460800647735596,940.0,3.084789991378784,8.833120013207463e-09,7.157419759096229e-07,25.016799926757812,0.25,1889,2523103827071076193,4053249,39.4240976,26.00509765,0.2367179989814758,0.2237990051507949,56073.3648704,24.522199630737305,0.5602380037307739,23.385799407958984,0.0143389999866485,-999.0,-999.0,35651585,4,0,16,1381.68994140625,6099.2998046875,0.9468700289726256,0.8951939940452576,0.9790520071983336,0.9576600193977356,-70.5813980102539,0.2674579918384552,-999.0,0.998067021369934,0.998067021369934,1.1824100017547607,-999.0,-999.0,-999.0,-999.0,-999.0,5.637730282614939e-07,3.158469894515292e-07,1.60578997565608e-06,2.302530077713527e-08,0.8645449876785278,2.25,-999.0,-999.0,-999.0,1170.0,-999.0,3.926389879893577e-08,6.857590051367879e-07,25.041000366210938,0.25,1889,2523104761763333985,4056731,39.42409718,26.00509792,1.1619499921798706,1.1228200197219849,56119.4142644,25.028400421142575,2.5407700538635254,24.030099868774418,0.0260060001164674,-999.0,-999.0,35651585,4,0,14,1381.68994140625,6099.2998046875,4.647799968719482,4.491300106048584,1.0883599519729614,1.0682499408721924,7.486090183258057,0.4237740039825439,-999.0,0.9974560141563416,0.9974560141563416,1.1430399417877195,-999.0,-999.0,-999.0,-999.0,-999.0,3.537140003118111e-07,8.987059914034035e-07,8.870679835126793e-07,2.3069100407724363e-08,0.8753520250320435,2.5,-999.0,-999.0,-999.0,660.0,-999.0,6.995500001494294e-08,1.4843400322206437e-06,25.017499923706055,0.25,1889,2523108760109451105,4071626,39.42409775,26.00509692,2.9505701065063477,2.7923200130462646,56051.8582931,25.544300079345703,8.543930053710938,-999.0,0.0196829997003078,-999.0,-999.0,35651585,4,0,13,1381.68994140625,6099.2998046875,11.802300453186035,11.169300079345703,0.8087369799613953,0.7692350149154663,-70.42330169677734,1.2187000513076782,-999.0,0.997708022594452,0.997708022594452,1.384850025177002,-999.0,-999.0,-999.0,-999.0,-999.0,2.1993200505221466e-07,1.8790799458656693e-06,-1.0366400147177046e-06,2.040379953882621e-08,0.8405370116233826,2.0,-999.0,-999.0,-999.0,860.0,-999.0,2.337149993536514e-07,3.4460699680494145e-06,25.05430030822754,0.25,0.0040640773396538,,,,,,,,,,,,,,,,,
PSO J023741.710+260021.457,-999,-999,-999,139200394237967730,946363000055561,164583146839444,0,17564787737781,13920,1,1857,55,0.347536669436411,946363,38320,3,1343750144,160,39.42379275,26.00596033,0.0010000000474974,0.0010000000474974,39.42379275,26.00596033,0.0010000000474974,0.0010000000474974,56067.90015046,-999.0,0.6942561414104117,0.5707514050953949,0.4384646436094463,45.15675517673345,10.093298528462311,150.90446701903784,-31.031025080390005,-999,2,0,0,0,0,0,0,1121594000006535,1,0,1983,2523116944169633727,4102114,39.42379277,26.00595945,0.7394610047340393,0.6945319771766663,55882.7709466,25.008399963378903,1.3339300155639648,24.721799850463867,0.0298619996756315,-999.0,-999.0,35651585,4,196608,4,1385.6199951171875,326.75,2.9578499794006348,2.778130054473877,1.2733900547027588,1.2107399702072144,-14.7878999710083,0.4133749902248382,-999.0,0.9990170001983644,0.9990170001983644,1.238450050354004,-999.0,-999.0,-999.0,-999.0,-999.0,3.602899880661426e-07,4.805989988199144e-07,4.691050037308742e-07,1.4008599613646313e-08,0.902191996574402,3.25,-999.0,-999.0,-999.0,946.0,-999.0,2.1390199833604132e-08,5.723049980588257e-07,24.974300384521484,0.25,1983,2523169177951274943,4296700,39.42379305,26.00596216,0.6032159924507141,0.5653949975967407,56195.1524026,25.031099319458008,1.1108900308609009,26.865800857543945,0.0662989988923072,-999.0,-999.0,35651585,4,196608,13,1385.6199951171875,326.75,2.4128599166870117,2.261579990386963,1.301949977874756,1.245859980583191,-87.35759735107422,0.1726099997758865,-999.0,0.999710977077484,0.999710977077484,1.338739991188049,-999.0,-999.0,-999.0,-999.0,-999.0,3.528240029027075e-07,3.919479922842584e-07,6.511439920586781e-08,4.317000090736656e-09,0.8996679782867432,3.0,-999.0,-999.0,-999.0,1360.0,-999.0,1.982009933954032e-08,6.756799848517403e-07,24.99839973449707,0.25,1983,2523103828950124479,4053256,39.42379695,26.00597833,0.0794626027345657,0.0740075036883354,56152.0322447,23.25830078125,0.1875779926776886,22.823999404907227,0.0097340000793337,22.872499465942383,0.2108789980411529,35667969,0,196608,14,1385.56005859375,326.9809875488281,0.3178499937057495,0.2960290014743805,0.9533299803733826,0.9435909986495972,-59.72890090942383,0.3006379902362823,0.0010794800473377,0.9979130029678344,0.9979130029678344,1.191100001335144,0.1066889986395835,0.0224313996732234,0.1816329956054687,0.8137500286102295,0.774262011051178,1.805770011742425e-06,3.38723992854284e-07,2.6940299449051963e-06,2.6224100224681024e-08,0.8645449876785278,2.25,2.5764400106709218e-06,5.43317980827851e-07,2.034369945526123,1530.0,3.2689499855041504,2.7056200835318126e-08,6.740439744135074e-07,25.03459930419922,0.25,1983,2523104764179253183,4056740,39.42379308,26.0059612,0.8244450092315674,0.7725570201873779,56077.0392398,24.75189971923828,1.874150037765503,-999.0,0.0296049993485212,-999.0,-999.0,35651585,4,196608,14,1385.6199951171875,326.75,3.2977700233459473,3.0902199745178223,1.098389983177185,1.0656800270080566,8.099720001220703,0.4913890063762665,-999.0,0.9974669814109802,0.9974669814109802,1.1697399616241455,-999.0,-999.0,-999.0,-999.0,-999.0,4.563050026717974e-07,8.551859878025425e-07,-5.281179937810521e-07,1.5634899597216645e-08,0.872169017791748,2.5,-999.0,-999.0,-999.0,780.0,-999.0,5.6968499251297544e-08,1.5131299733184278e-06,25.006099700927734,0.25,1983,2523108762525370303,4071635,39.42379274,26.00596214,0.1663119941949844,0.1565849930047989,56076.6176255,22.375600814819336,0.473814994096756,22.1033992767334,0.0090720001608133,-999.0,-999.0,35651585,4,196608,12,1385.6199951171875,326.75,0.6652479767799377,0.6263399720191956,0.7790629863739014,0.7473220229148865,-63.283599853515625,1.2245299816131592,-999.0,0.9983339905738832,0.9983339905738832,1.3266299962997437,-999.0,-999.0,-999.0,-999.0,-999.0,4.07149991588085e-06,1.929139898493304e-06,5.231790055404417e-06,4.746150139567362e-08,0.8455110192298889,2.0,-999.0,-999.0,-999.0,970.0,-999.0,1.3647000685068633e-07,3.403959908609977e-06,25.045499801635746,0.25,0.0039645031775248,,,,,,,,,,,,,,,,,
PSO J023741.710+260021.457,-999,-999,-999,139200394237967730,946363000055561,164583146839444,0,17564787737781,13920,1,1857,55,0.347536669436411,946363,38320,3,1343750144,160,39.42379275,26.00596033,0.0010000000474974,0.0010000000474974,39.42379275,26.00596033,0.0010000000474974,0.0010000000474974,56067.90015046,-999.0,0.6942561414104117,0.5707514050953949,0.4384646436094463,45.15675517673345,10.093298528462311,150.90446701903784,-31.031025080390005,-999,2,0,0,0,0,0,0,1121788000006879,0,0,1893,2523116941485279077,4102104,39.42377729,26.00595613,0.7187560200691223,0.6694809794425964,55907.0427922,25.1028995513916,1.4024399518966677,-999.0,0.1119839996099472,-999.0,-999.0,35651585,4,0,4,1385.8199462890625,6111.7001953125,2.875030040740967,2.6779301166534424,1.2467299699783323,1.1879700422286987,-33.69060134887695,0.4096789956092834,-999.0,0.99925297498703,0.99925297498703,1.2611900568008425,-999.0,-999.0,-999.0,-999.0,-999.0,3.302610025457398e-07,4.631710055491567e-07,-3.742179899290931e-08,4.190639835144338e-09,0.8952469825744629,3.0,-999.0,-999.0,-999.0,774.0,-999.0,1.8793100409197905e-08,5.749020033363195e-07,24.99959945678711,0.25,1893,2523169164261066597,4296649,39.42377942,26.00595684,1.3835699558258057,1.311269998550415,56143.7089132,26.01799964904785,2.6961400508880615,-999.0,0.0277709998190403,-999.0,-999.0,35651585,4,0,13,1385.8199462890625,6111.7001953125,5.534299850463867,5.245069980621338,1.272439956665039,1.2415800094604492,-82.4186019897461,0.1109239980578422,-999.0,0.9989539980888368,0.9989539980888368,1.4409199953079224,-999.0,-999.0,-999.0,-999.0,-999.0,1.4216800536814844e-07,3.833050072898914e-07,-4.931159764964832e-07,1.3694400280428454e-08,0.8917940258979797,2.75,-999.0,-999.0,-999.0,940.0,-999.0,9.301520442761556e-09,7.156290280363464e-07,25.016799926757812,0.25,1893,2523103827071076197,4053249,39.423763,26.0059557,0.0795029997825622,0.0751639977097511,56073.3648704,23.30179977416992,0.1881590038537979,22.90970039367676,0.0115160001441836,23.315200805664062,0.2549389898777008,35651585,0,0,15,1386.010009765625,6111.66015625,0.318011999130249,0.3006559908390045,0.979074001312256,0.9575909972190856,-70.71219635009766,0.267547994852066,0.0828879997134208,0.997003972530365,0.997003972530365,1.199280023574829,0.0932518988847732,0.0072160097770392,0.1613699942827224,0.6818990111351013,0.9263790249824524,1.7349400422972394e-06,3.26444990150776e-07,2.4895900878618704e-06,2.8669800755665165e-08,0.8684750199317932,2.25,1.7135599819084746e-06,4.368550037270325e-07,1.7047499418258667,1170.0,1.7341699600219729,3.981649854267744e-08,6.853990157651424e-07,25.041000366210938,0.25,1893,2523104761763333989,4056731,39.4237773,26.00595842,0.5668420195579529,0.5477550029754639,56119.4142644,24.31399917602539,1.2394800186157229,-999.0,0.0362950004637241,-999.0,-999.0,35651585,4,0,14,1385.8199462890625,6111.7001953125,2.2673699855804443,2.1910300254821777,1.0885299444198608,1.0684599876403809,7.489560127258301,0.423005998134613,-999.0,0.9975950121879578,0.9975950121879578,1.1705700159072876,-999.0,-999.0,-999.0,-999.0,-999.0,6.829370136074431e-07,8.464879783787183e-07,-4.1091800540016266e-07,1.4914100177065848e-08,0.8817179799079895,2.5,-999.0,-999.0,-999.0,660.0,-999.0,6.933210272563883e-08,1.4838400375083438e-06,25.017499923706055,0.25,1893,2523108760109451109,4071626,39.42377787,26.00595742,0.1876430064439773,0.1775790005922317,56051.8582931,22.518800735473633,0.5433570146560669,22.467300415039062,0.0114080002531409,-999.0,-999.0,35651585,4,0,12,1385.8199462890625,6111.7001953125,0.7505750060081482,0.7103189826011658,0.8088679909706116,0.769340991973877,-70.4041976928711,1.218500018119812,-999.0,0.9983140230178832,0.9983140230178832,1.3239200115203855,-999.0,-999.0,-999.0,-999.0,-999.0,3.568560032363166e-06,1.9389999579288997e-06,3.741839918802725e-06,4.2686000512048856e-08,0.8554580211639404,2.0,-999.0,-999.0,-999.0,860.0,-999.0,2.3691900707945027e-07,3.4495799354772316e-06,25.05430030822754,0.25,0.0039645031775248,,,,,,,,,,,,,,,,,
PSO J023743.223+260019.066,-999,-999,-999,139200394301036912,946363000055636,164583146839519,0,17564787738801,13920,1,1857,55,0.945022552222966,946363,38320,3,1343750144,160,39.43009947,26.00529636,0.0010000000474974,0.0010000000474974,39.43009947,26.00529636,0.0010000000474974,0.0010000000474974,55998.3308912,-999.0,0.6941972374879293,0.5708310476868514,0.4384542284673041,45.162014403194675,10.090898765657077,150.91068473058843,-31.028980072676447,-999,2,0,0,0,0,0,0,1121594000006585,1,0,1880,2523116944169633624,4102114,39.43010012,26.00529478,0.1046219989657402,0.0982656031847,55882.7709466,23.25760078430176,0.1887300014495849,22.875099182128903,0.0127579998224973,23.075199127197266,0.2375680059194564,35667969,0,196608,10,1303.989990234375,317.1260070800781,0.4184899926185608,0.3930619955062866,1.272279977798462,1.2060500383377075,-14.934200286865234,0.4230180084705353,8.339309715665877e-05,0.9980660080909728,0.9980660080909728,1.3537700176239014,0.2092300057411193,0.0439497008919715,0.2583230137825012,1.0209399461746216,1.1675299406051636,1.8069299585476983e-06,3.410210069887399e-07,2.570049900896265e-06,3.278909943560393e-08,0.9097260236740112,3.25,2.137609953933861e-06,5.07828019635781e-07,2.5523600578308105,946.0,3.934429883956909,2.168700063975848e-08,5.697199867427116e-07,24.974300384521484,0.25,1880,2523169177951274840,4296700,39.43010388,26.00529637,0.7919650077819824,0.7423099875450134,56195.1524026,-999.0,1.458490014076233,-999.0,0.0111060002818703,-999.0,-999.0,35651585,4,196608,14,1303.949951171875,317.1099853515625,3.1678600311279297,2.969229936599731,1.3044300079345703,1.246880054473877,89.84609985351562,0.1613380014896392,-999.0,0.9989050030708312,0.9989050030708312,1.3711299896240234,-999.0,-999.0,-999.0,-999.0,-999.0,-2.7211999054088665e-07,3.968860085024062e-07,-2.167510047001997e-06,2.4073299798033077e-08,0.9018779993057252,3.0,-999.0,-999.0,-999.0,1360.0,-999.0,1.8767400078445465e-08,6.747350198565982e-07,24.99839973449707,0.25,1880,2523103828950124376,4053256,39.43010336,26.00529655,1.5647000074386597,1.4572800397872925,56152.0322447,-999.0,3.693609952926636,-999.0,0.0648050010204315,-999.0,-999.0,35651585,4,196608,13,1303.949951171875,317.1099853515625,6.258790016174316,5.82912015914917,0.9545140266418456,0.9448639750480652,-53.72330093383789,0.3020560145378113,-999.0,0.9966310262680054,0.9966310262680054,1.2508100271224976,-999.0,-999.0,-999.0,-999.0,-999.0,-9.686630164651433e-08,3.577860070436145e-07,-5.4735501464620035e-08,3.5471399151276732e-09,0.8684750199317932,2.25,-999.0,-999.0,-999.0,1530.0,-999.0,2.6209599823801e-08,6.749580165887892e-07,25.03459930419922,0.25,1880,2523104764179253080,4056740,39.43010392,26.00529543,0.3330599963665008,0.3120979964733124,56077.0392398,-999.0,0.7571219801902771,-999.0,0.0123629998415708,-999.0,-999.0,35651585,4,196608,13,1303.949951171875,317.1099853515625,1.3322399854660034,1.2483899593353271,1.09306001663208,1.0594199895858765,7.284319877624512,0.5068539977073669,-999.0,0.9957079887390136,0.9957079887390136,1.1134599447250366,-999.0,-999.0,-999.0,-999.0,-999.0,-1.1742499737010803e-06,8.89049999841518e-07,-3.028409992111847e-06,3.7440198497051824e-08,0.8753520250320435,2.5,-999.0,-999.0,-999.0,780.0,-999.0,5.7158498378839795e-08,1.5087199471963686e-06,25.006099700927734,0.25,1880,2523108762525370200,4071635,39.43010357,26.00529636,0.2095749974250793,0.1973180025815963,56076.6176255,22.80150032043457,0.5970690250396729,22.270599365234375,0.0097979996353387,-999.0,-999.0,35651585,4,196608,14,1303.949951171875,317.1099853515625,0.8382989764213562,0.7892709970474243,0.7781460285186768,0.7471839785575867,-63.12860107421875,1.2152400016784668,-999.0,0.9969339966773988,0.9969339966773988,1.2108800411224363,-999.0,-999.0,-999.0,-999.0,-999.0,2.7504199806571705e-06,1.6421899999841116e-06,4.48478022008203e-06,4.394269836893727e-08,0.8654050230979919,2.0,-999.0,-999.0,-999.0,970.0,-999.0,1.3802299747567306e-07,3.3875799090310466e-06,25.045499801635746,0.25,0.0030764411038974,,,,,,,,,,,,,,,,,
PSO J023743.223+260019.066,-999,-999,-999,139200394301036912,946363000055636,164583146839519,0,17564787738801,13920,1,1857,55,0.945022552222966,946363,38320,3,1343750144,160,39.43009947,26.00529636,0.0010000000474974,0.0010000000474974,39.43009947,26.00529636,0.0010000000474974,0.0010000000474974,55998.3308912,-999.0,0.6941972374879293,0.5708310476868514,0.4384542284673041,45.162014403194675,10.090898765657077,150.91068473058843,-31.028980072676447,-999,2,0,0,0,0,0,0,1121788000006909,0,0,1782,2523116941485278966,4102104,39.43008672,26.00529432,0.0957973971962928,0.0892298966646194,55907.0427922,23.28059959411621,0.1869200021028518,22.9375,0.0144180003553628,23.16990089416504,0.243257999420166,35651585,0,0,10,1304.1700439453125,6102.10986328125,0.3831900060176849,0.3569200038909912,1.2484699487686155,1.188609957695007,-33.247798919677734,0.40870401263237,0.1734050065279007,0.9987959861755372,0.9987959861755372,1.363420009613037,0.1729030013084411,0.0326507985591888,0.2552129924297333,0.9846779704093932,0.7910439968109131,1.7691800167085605e-06,3.306959968085721e-07,2.42651003645733e-06,3.4985898622608154e-08,0.8996679782867432,3.0,1.959100018211757e-06,4.765649919136195e-07,2.461699962615967,774.0,1.361340045928955,1.8437800619608424e-08,5.735950026064529e-07,24.99959945678711,0.25,1782,2523169164261066486,4296649,39.43010102,26.00529838,0.3811399936676025,0.3612209856510162,56143.7089132,-999.0,0.742717981338501,-999.0,0.0142320003360509,-999.0,-999.0,35651585,4,0,13,1304.010009765625,6102.16015625,1.5245599746704102,1.4448800086975098,1.2718299627304075,1.2407499551773071,-85.99559783935547,0.1033790037035942,-999.0,0.9973710179328918,0.9973710179328918,1.4425699710845947,-999.0,-999.0,-999.0,-999.0,-999.0,-5.282070105749881e-07,3.923090048374434e-07,-1.8775699572870508e-06,2.6721899359927193e-08,0.8917940258979797,2.75,-999.0,-999.0,-999.0,940.0,-999.0,9.358010366611325e-09,7.131660026971076e-07,25.016799926757812,0.25,1782,2523103827071076086,4053249,39.43009932,26.00529969,3.5838499069213867,3.3882598876953125,56073.3648704,27.387500762939453,8.481860160827637,27.447200775146484,0.0930659994482994,-999.0,-999.0,35651585,4,0,14,1304.010009765625,6102.16015625,14.335399627685549,13.553000450134276,0.978699028491974,0.958847999572754,-68.03240203857422,0.265839010477066,-999.0,0.9959059953689576,0.9959059953689576,1.261780023574829,-999.0,-999.0,-999.0,-999.0,-999.0,4.0273601342732945e-08,3.415950118323963e-07,3.8118500356176816e-08,3.547550031512969e-09,0.8606160283088684,2.25,-999.0,-999.0,-999.0,1170.0,-999.0,3.7873100211527344e-08,6.867219894957088e-07,25.041000366210938,0.25,1782,2523104761763333878,4056731,39.43009888,26.00529996,0.3455879986286163,0.3339520096778869,56119.4142644,-999.0,0.7556790113449097,-999.0,0.0124319996684789,-999.0,-999.0,35651585,4,0,13,1304.010009765625,6102.16015625,1.3823599815368652,1.3358099460601809,1.0850900411605835,1.064370036125183,7.424339771270752,0.4382070004940033,-999.0,0.9958860278129578,0.9958860278129578,1.122630000114441,-999.0,-999.0,-999.0,-999.0,-999.0,-1.1610400179051794e-06,8.773729973654554e-07,-3.5021701023651985e-06,4.3539998273445235e-08,0.8817179799079895,2.5,-999.0,-999.0,-999.0,660.0,-999.0,7.144169700268321e-08,1.4792500451221713e-06,25.017499923706055,0.25,1782,2523108760109450998,4071626,39.43009947,26.00529896,0.2240349948406219,0.212018996477127,56051.8582931,22.87969970703125,0.648734986782074,22.48259925842285,0.0114879999309778,-999.0,-999.0,35651585,4,0,15,1304.010009765625,6102.16015625,0.8961399793624878,0.8480769991874695,0.8062859773635864,0.7672500014305115,-70.78829956054688,1.2226099967956543,-999.0,0.9961509704589844,0.9961509704589844,1.227329969406128,-999.0,-999.0,-999.0,-999.0,-999.0,2.559200083851465e-06,1.6602399455223349e-06,3.689599907374941e-06,4.2386901100144314e-08,0.8554580211639404,2.0,-999.0,-999.0,-999.0,860.0,-999.0,2.3513099733918355e-07,3.422110012252233e-06,25.05430030822754,0.25,0.0030764411038974,,,,,,,,,,,,,,,,,
PSO J023742.961+260021.540,-999,-999,-999,139200394290067731,946363000055621,164583146839504,0,17564787739414,13920,1,1857,55,0.986303363913953,946363,38320,3,1343750144,160,39.42900771,26.00598337,0.0010000000474974,0.0010000000474974,39.42900771,26.00598337,0.0010000000474974,0.0010000000474974,56067.90015046,-999.0,0.6942040535669457,0.5708144807081679,0.438465005017602,45.161285305110766,10.09185767774977,150.90929826952205,-31.028827531840125,-999,2,0,0,0,0,0,0,1121594000006572,1,0,1903,2523116944169633647,4102114,39.4290091,26.00598774,0.1581300050020218,0.1485230028629303,55882.7709466,23.713600158691406,0.2852540016174316,22.80069923400879,0.0123279998078942,-999.0,-999.0,35651585,4,196608,10,1318.1099853515625,327.114013671875,0.6325219869613647,0.59409099817276,1.272469997406006,1.2068599462509155,-14.910099983215332,0.4213509857654571,-999.0,0.9979730248451232,0.9979730248451232,1.3582500219345093,-999.0,-999.0,-999.0,-999.0,-999.0,1.1872699587911484e-06,3.3867300430756586e-07,2.752419959506369e-06,3.3932501253275404e-08,0.9097260236740112,3.25,-999.0,-999.0,-999.0,946.0,-999.0,2.2761399876003452e-08,5.681529842149757e-07,24.974300384521484,0.25,1903,2523169177951274863,4296700,39.42900943,26.00599042,1.6988600492477417,1.5923399925231934,56195.1524026,26.11090087890625,3.1286299228668213,-999.0,0.0162530001252889,-999.0,-999.0,35651585,4,196608,13,1318.1099853515625,327.114013671875,6.79541015625,6.369349956512451,1.303979992866516,1.2467299699783323,-89.67759704589844,0.1632920056581497,-999.0,0.998856008052826,0.998856008052826,1.3452399969100952,-999.0,-999.0,-999.0,-999.0,-999.0,1.305079990743252e-07,4.083109956809494e-07,-1.0121000286744677e-06,1.6450000472900683e-08,0.8974570035934448,3.0,-999.0,-999.0,-999.0,1360.0,-999.0,1.9745099777424e-08,6.740280014128075e-07,24.99839973449707,0.25,1903,2523103828950124399,4053256,39.42900633,26.00597899,0.0764634013175964,0.0712141022086143,56152.0322447,23.137500762939453,0.1804990023374557,22.486499786376953,0.0083330003544688,22.396699905395508,0.1868380010128021,35667969,0,196608,13,1318.1400146484375,326.9460144042969,0.305853009223938,0.2848559916019439,0.9542930126190186,0.9446579813957214,-54.76959991455078,0.3018099963665008,0.0009790089679881,0.9966089725494384,0.9966089725494384,1.2149499654769895,0.2224829941987991,-0.02907619997859,0.1148220002651214,1.0793499946594238,0.6724839806556702,2.018389977820334e-06,3.6431600847208756e-07,3.676050027934252e-06,3.063300013650405e-08,0.8645449876785278,2.25,3.993230166088324e-06,7.460889719368424e-07,2.6983699798583984,1530.0,3.296489953994751,2.7139400060605112e-08,6.732249744345609e-07,25.03459930419922,0.25,1903,2523104764179253103,4056740,39.42900948,26.00598948,0.1276369988918304,0.1196039989590644,56077.0392398,22.58009910583496,0.290147989988327,21.969900131225582,0.0093170003965497,-999.0,-999.0,35651585,4,196608,12,1318.1099853515625,327.114013671875,0.5105469822883606,0.4784150123596191,1.0939799547195437,1.0605100393295288,7.422100067138672,0.5041729807853699,-999.0,0.9964249730110168,0.9964249730110168,1.0971200466156006,-999.0,-999.0,-999.0,-999.0,-999.0,3.37251003657002e-06,9.78527964434761e-07,5.916159807384247e-06,5.5122200137702755e-08,0.8880850076675415,2.5,-999.0,-999.0,-999.0,780.0,-999.0,5.82505990109894e-08,1.5107899571376038e-06,25.006099700927734,0.25,1903,2523108762525370223,4071635,39.42900913,26.00599041,0.204256996512413,0.1923110038042068,56076.6176255,22.80489921569824,0.5819169878959656,22.447099685668945,0.0106279999017715,-999.0,-999.0,35651585,4,196608,15,1318.1099853515625,327.114013671875,0.8170260190963745,0.769241988658905,0.7783060073852539,0.7472090125083923,-63.15599822998047,1.2168500423431396,-999.0,0.9962700009346008,0.9962700009346008,1.29899001121521,-999.0,-999.0,-999.0,-999.0,-999.0,2.74184003501432e-06,1.5955199614836602e-06,3.8119699183880584e-06,4.051259949733321e-08,0.8604310154914856,2.0,-999.0,-999.0,-999.0,970.0,-999.0,1.3798199915981968e-07,3.380479938641656e-06,25.045499801635746,0.25,0.0019293058812639,,,,,,,,,,,,,,,,,
PSO J023742.961+260021.540,-999,-999,-999,139200394290067731,946363000055621,164583146839504,0,17564787739414,13920,1,1857,55,0.986303363913953,946363,38320,3,1343750144,160,39.42900771,26.00598337,0.0010000000474974,0.0010000000474974,39.42900771,26.00598337,0.0010000000474974,0.0010000000474974,56067.90015046,-999.0,0.6942040535669457,0.5708144807081679,0.438465005017602,45.161285305110766,10.09185767774977,150.90929826952205,-31.028827531840125,-999,2,0,0,0,0,0,0,1121788000006905,0,0,1795,2523116941485278979,4102104,39.42899546,26.00595867,0.1554879993200302,0.1448290050029754,55907.0427922,23.81679916381836,0.3033890128135681,23.08650016784668,0.0154419997707009,-999.0,-999.0,35651585,4,0,10,1318.2900390625,6111.68994140625,0.6219540238380432,0.5793150067329407,1.2481600046157837,1.1885000467300415,-33.32310104370117,0.4088720083236694,-999.0,0.9996399879455566,0.9996399879455566,1.3513400554656982,-999.0,-999.0,-999.0,-999.0,-999.0,1.079660023606266e-06,3.275569895322406e-07,2.1154698970349273e-06,3.2666701343941895e-08,0.8974570035934448,3.0,-999.0,-999.0,-999.0,774.0,-999.0,1.9051299204875253e-08,5.724019729314023e-07,24.99959945678711,0.25,1795,2523169164261066499,4296649,39.42899758,26.00595937,0.4599579870700836,0.4359200000762939,56143.7089132,24.75200080871582,0.8963090181350708,-999.0,0.0410469993948936,-999.0,-999.0,35651585,4,0,13,1318.2900390625,6111.68994140625,1.8398300409317017,1.7436800003051758,1.2719199657440186,1.2409100532531738,-85.37359619140625,0.1046959981322288,-999.0,0.9987159967422484,0.9987159967422484,1.446370005607605,-999.0,-999.0,-999.0,-999.0,-999.0,4.562309925404407e-07,4.089239951099444e-07,-2.257250031334479e-07,9.265280098702531e-09,0.8839020133018494,2.75,-999.0,-999.0,-999.0,940.0,-999.0,9.874430162426506e-09,7.137949751268025e-07,25.016799926757812,0.25,1795,2523103827071076099,4053249,39.42899906,26.00596601,0.0717846006155014,0.0678668990731239,56073.3648704,23.12179946899414,0.1698919981718063,22.603500366210938,0.0100010000169277,22.459699630737305,0.1782689988613128,35651585,0,0,14,1318.239990234375,6111.77001953125,0.2871379852294922,0.271467000246048,0.9787579774856568,0.9586359858512878,-68.52860260009766,0.2661359906196594,0.0092617897316813,0.9981189966201782,0.9981189966201782,1.1931899785995483,0.1970310062170028,-0.0287759006023406,0.1038850024342536,1.0124499797821045,0.6964370012283325,2.0478200895013288e-06,3.479080135093682e-07,3.300729986221995e-06,3.301149931189684e-08,0.8645449876785278,2.25,3.76790990230802e-06,6.717010023749026e-07,2.5311200618743896,1170.0,2.602240085601806,3.999360131956564e-08,6.863439807602845e-07,25.041000366210938,0.25,1795,2523104761763333891,4056731,39.42899544,26.00596096,0.1245120018720626,0.1203190013766288,56119.4142644,22.520599365234375,0.2722640037536621,21.998600006103516,0.0102040003985166,-999.0,-999.0,35651585,4,0,12,1318.2900390625,6111.68994140625,0.4980489909648895,0.4812789857387543,1.0856900215148926,1.0650899410247805,7.435400009155273,0.4355550110340118,-999.0,0.9974579811096193,0.9974579811096193,1.101830005645752,-999.0,-999.0,-999.0,-999.0,-999.0,3.56256009581557e-06,9.699559768705512e-07,5.761609827459324e-06,5.87927004858102e-08,0.8753520250320435,2.5,-999.0,-999.0,-999.0,660.0,-999.0,7.375229671424678e-08,1.478930016673985e-06,25.017499923706055,0.25,1795,2523108760109451011,4071626,39.42899603,26.00595995,0.1576779931783676,0.1492210030555725,56051.8582931,22.541000366210938,0.4565869867801666,22.50200080871582,0.0115919997915625,-999.0,-999.0,35651585,4,0,16,1318.2900390625,6111.68994140625,0.6307139992713928,0.5968859791755676,0.8067359924316406,0.767615020275116,-70.72049713134766,1.2218899726867676,-999.0,0.997722029685974,0.997722029685974,1.3160099983215332,-999.0,-999.0,-999.0,-999.0,-999.0,3.496089902910171e-06,1.5962699535521097e-06,3.624149940151256e-06,4.2009300926793e-08,0.8455110192298889,2.0,-999.0,-999.0,-999.0,860.0,-999.0,2.403209862222866e-07,3.4230499750265153e-06,25.05430030822754,0.25,0.0019293058812639,,,,,,,,,,,,,,,,,
PSO J023742.650+260027.526,-999,-999,-999,139200394276949708,946363000019425,164583146802144,0,17564787740098,13920,1,1857,55,0.934481258443074,946363,38320,3,444915712,53,39.42771234,26.00764617,0.0010000000474974,0.0010000000474974,39.42769554,26.00764142,0.0213300008326768,0.0229599997401237,55864.70622685,2.1877999305725098,0.694207324780965,0.5707905233656301,0.4384910131991826,45.16067286947354,10.09380095456134,150.9071807112733,-31.02790706998809,-999,10,48,10,10,15,10,3,1121594000004815,1,1,1921,2523116944169633665,4102114,39.42773313,26.00764132,0.023165600374341,0.0217579994350671,55882.7709466,21.56170082092285,0.0417889989912509,21.090700149536133,0.0056090001016855,21.15530014038086,0.0494609996676445,262160391,655488,196608,10,1334.6099853515625,350.9360046386719,0.0926622971892356,0.0870321989059448,1.272699952125549,1.2078100442886353,-14.88129997253418,0.419402003288269,4.7148001205044545e-17,0.9983699917793274,0.9983699917793274,1.34660005569458,0.3184120059013366,-0.0248713996261358,0.3089680075645447,1.2320200204849243,0.9154329895973206,8.6164900494623e-06,3.600719935548114e-07,1.3296200449985918e-05,7.458019979367236e-08,0.902191996574402,3.25,1.2528499610198196e-05,6.196789854584495e-07,3.080049991607666,946.0,8.393600463867188,2.2915999764450138e-08,5.664929858539836e-07,24.974300384521484,0.25,1921,2523169177951274881,4296700,39.42772433,26.00764565,0.01542180031538,0.0144549002870917,56195.1524026,20.97699928283691,0.0284010004252195,20.61860084533691,0.0037330000195652,20.671899795532227,0.0371199995279312,262160391,524416,196608,14,1334.719970703125,350.9590148925781,0.0616871006786823,0.0578193999826908,1.3034600019454956,1.246530055999756,-89.11380004882812,0.1655859947204589,1.295239968612805e-07,0.998998999595642,0.998998999595642,1.419700026512146,0.2543100118637085,0.0002700669865589,0.2557039856910705,1.1568200588226318,0.8656020164489746,1.4763500075787306e-05,4.192989990770002e-07,2.0539000615826808e-05,7.667129864330492e-08,0.8974570035934448,3.0,1.95537995750783e-05,7.258320238179294e-07,2.89205002784729,1360.0,5.279520034790039,2.0838099246134337e-08,6.726219794472854e-07,24.99839973449707,0.25,1921,2523103828950124417,4053256,39.42770325,26.00765266,0.0093338498845696,0.0086930701509118,56152.0322447,20.801599502563477,0.0220330003648996,20.374900817871097,0.0031510000117123,20.34339904785156,0.0278060007840394,262160391,524416,196608,12,1334.989990234375,351.0580139160156,0.0373352989554405,0.0347721986472606,0.9540389776229858,0.9444050192832948,-56.014801025390625,0.3015170097351074,1.3024800746674484e-26,0.9966970086097716,0.9966970086097716,1.354200005531311,0.1684599965810775,-0.0077735399827361,0.1632889956235885,1.0745899677276611,0.8308939933776855,1.7352200302411802e-05,3.823280110282212e-07,2.570710057625547e-05,8.100759885110166e-08,0.8684750199317932,2.25,2.6462799723958597e-05,7.358179914263019e-07,2.6864700317382812,1530.0,10.67710018157959,2.7277199166064747e-08,6.706039812343079e-07,25.03459930419922,0.25,1921,2523104764179253121,4056740,39.42769739,26.00764669,0.0185401998460292,0.0173732992261648,56077.0392398,20.579500198364254,0.0421460010111331,20.16080093383789,0.0040500001050531,20.21649932861328,0.0535200014710426,262160391,655488,196608,14,1335.0699462890625,350.9880065917969,0.074160598218441,0.0694931969046592,1.0950900316238403,1.06181001663208,7.589179992675781,0.5009610056877136,4.761159999241982e-13,0.995755970478058,0.995755970478058,1.1563600301742554,0.1996120065450668,0.0061122002080082,0.2152930051088333,1.078850030899048,0.8471130132675171,2.129099993908312e-05,8.973349849838996e-07,3.131090124952607e-05,1.268099936169165e-07,0.8817179799079895,2.5,2.9744300263701007e-05,1.591909949638648e-06,2.697119951248169,780.0,7.231949806213379,5.7901701211449115e-08,1.5160300108618685e-06,25.006099700927734,0.25,1921,2523108762525370241,4071635,39.42764718,26.00762696,0.0269414000213146,0.0253656990826129,56076.6176255,20.47949981689453,0.0767550021409988,20.024499893188477,0.003482999978587,20.054100036621097,0.0865999981760978,262160391,655360,196608,14,1335.719970703125,350.6910095214844,0.1077649965882301,0.101462997496128,0.7785040140151978,0.7472389936447144,-63.189998626708984,1.218850016593933,4.889970206534144e-09,0.9983530044555664,0.9983530044555664,1.3757200241088867,0.152097001671791,-0.0094979899004101,0.1369349956512451,0.8991760015487671,0.7730550169944763,2.334480086574331e-05,1.791819954632956e-06,3.549739994923584e-05,1.2362700374524138e-07,0.8455110192298889,2.0,3.454309990047477e-05,2.991439941979479e-06,2.2479400634765625,970.0,5.850870132446289,1.4066100106902013e-07,3.3799199172790395e-06,25.045499801635746,0.25,9.313301859880397e-05,,,,,,,,,,,,,,,,,
PSO J023742.650+260027.526,-999,-999,-999,139200394276949708,946363000019425,164583146802144,0,17564787740098,13920,1,1857,55,0.934481258443074,946363,38320,3,444915712,53,39.42771234,26.00764617,0.0010000000474974,0.0010000000474974,39.42769554,26.00764142,0.0213300008326768,0.0229599997401237,55864.70622685,2.1877999305725098,0.694207324780965,0.5707905233656301,0.4384910131991826,45.16067286947354,10.09380095456134,150.9071807112733,-31.02790706998809,-999,10,48,10,10,15,10,3,1121788000005445,0,1,1814,2523116941485278998,4102104,39.42772049,26.00764491,0.0215016994625329,0.0200277008116245,55907.0427922,21.598499298095703,0.0419539995491504,21.139799118041992,0.0063000000081956,21.192699432373047,0.0489760003983974,262160391,655488,0,10,1334.77001953125,6135.97998046875,0.0860069990158081,0.0801106989383697,1.2478100061416626,1.1883699893951416,-33.411800384521484,0.4090690016746521,6.92893994328801e-17,0.9989709854125975,0.9989709854125975,1.3553800582885742,0.2896850109100342,-0.0207019001245498,0.2795990109443664,1.2092499732971191,0.91006201505661,8.329449883603957e-06,3.4945600191349513e-07,1.2707499990938231e-05,8.006320229014818e-08,0.904088020324707,3.0,1.2103199878765736e-05,5.927610118305893e-07,3.023129940032959,774.0,8.34823989868164,1.9400900441723937e-08,5.702689804820693e-07,24.99959945678711,0.25,1814,2523169164261066518,4296649,39.42772072,26.00764524,0.0147711001336574,0.013999200426042,56143.7089132,21.002899169921875,0.0287839993834495,20.649999618530273,0.0045529999770224,20.680500030517575,0.0366749987006187,262160391,655488,0,14,1334.800048828125,6135.97998046875,0.0590845011174678,0.0559967011213302,1.272029995918274,1.2410900592803955,-84.6521987915039,0.1062180027365684,3.4202701044705464e-06,0.9982489943504332,0.9982489943504332,1.4979499578475952,0.2358089983463287,-0.0051165600307285,0.226511001586914,1.1407599449157717,0.8505740165710449,1.4415800251299515e-05,4.1494701008559787e-07,1.995310049096588e-05,9.08505981556118e-08,0.8944240212440491,2.75,1.9399600205360912e-05,7.114849722711369e-07,2.8518900871276855,940.0,4.643819808959961,1.0753799628560046e-08,7.141359787965484e-07,25.016799926757812,0.25,1814,2523103827071076118,4053249,39.42770419,26.00765132,0.008870200254023,0.0083860997110605,56073.3648704,20.81170082092285,0.0209929998964071,20.382999420166016,0.0035969999153167,20.350099563598633,0.0269520003348588,262160391,524416,0,13,1334.989990234375,6136.0400390625,0.0354808010160923,0.033544398844242,0.9788309931755066,0.9583839774131776,-69.09519958496094,0.2664850056171417,3.2974899938341637e-32,0.9966670274734496,0.9966670274734496,1.3605300188064575,0.1709959954023361,-0.0080912802368402,0.1641930043697357,1.0795199871063232,0.8283910155296326,1.7191599908983335e-05,3.60904010676677e-07,2.551569923525676e-05,9.178329918313467e-08,0.8684750199317932,2.25,2.6300500394427218e-05,7.088589768500242e-07,2.6988000869750977,1170.0,11.814200401306152,4.2163399882610975e-08,6.85662996602332e-07,25.041000366210938,0.25,1814,2523104761763333910,4056731,39.42770356,26.00764769,0.0192974004894495,0.0186475999653339,56119.4142644,20.59429931640625,0.0421970002353191,20.175500869750977,0.0044069997966289,20.256500244140625,0.0519380010664463,262160391,524416,0,14,1334.989990234375,6135.990234375,0.0771896988153457,0.0745904967188835,1.086400032043457,1.0659199953079224,7.448460102081299,0.4324510097503662,2.3210900805265954e-15,0.9965659976005554,0.9965659976005554,1.166100025177002,0.2023950070142746,0.0066565098240971,0.2196799963712692,1.0469599962234497,0.8390660285949707,2.100200072163716e-05,8.862119784680544e-07,3.0888200853951275e-05,1.3612799421025557e-07,0.8817179799079895,2.5,2.866730028472375e-05,1.4889200201650965e-06,2.6173899173736572,660.0,7.922860145568848,7.437540006094423e-08,1.4779500361328246e-06,25.017499923706055,0.25,1814,2523108760109451030,4071626,39.42764004,26.00762647,0.0254180002957582,0.0240547005087137,56051.8582931,20.43589973449707,0.0736029967665672,20.00510025024414,0.0036710000131279,20.045299530029297,0.0828519985079765,262160391,655360,0,15,1335.8199462890625,6135.7001953125,0.1016720011830329,0.096219003200531,0.8072900176048279,0.768064022064209,-70.63770294189453,1.2210099697113037,1.434100056485477e-07,0.9983159899711608,0.9983159899711608,1.417889952659607,0.1587409973144531,-0.0106354001909494,0.1417060047388076,0.8903480172157288,0.7685379981994629,2.4302700694533996e-05,1.788739950825402e-06,3.613769877119921e-05,1.3265500342640737e-07,0.8554580211639404,2.0,3.482530155451968e-05,2.8853301046183333e-06,2.22586989402771,860.0,5.260829925537109,2.4801400400065177e-07,3.4293900625925744e-06,25.05430030822754,0.25,9.313301859880397e-05,,,,,,,,,,,,,,,,,
PSO J023742.264+255956.331,-999,-999,-999,139190394261129332,946363000055589,164583146839472,0,17564787742652,13919,1,1857,45,0.986963220859844,946363,38320,3,404226048,48,39.42610347,25.99898108,0.0010000000474974,0.0010000000474974,39.42610347,25.99898108,0.0010000000474974,0.0010000000474974,56069.68258102,-999.0,0.6942743735508901,0.5708133191287875,0.4383551630079154,45.15654686890332,10.08601972073702,150.91039687217938,-31.03624098897742,-999,4,0,0,0,0,0,0,1121594000006551,0,0,1945,2523116944169633689,4102114,39.4261032,25.99898108,0.281917005777359,0.2647880017757416,55882.7709466,24.23870086669922,0.5085539817810059,23.410600662231445,0.0163260009139776,-999.0,-999.0,35651585,4,0,8,1355.780029296875,226.2429962158203,1.1276700496673584,1.059149980545044,1.2729899883270264,1.209030032157898,-14.843299865722656,0.4169000089168548,-999.0,0.9987289905548096,0.9987289905548096,1.189229965209961,-999.0,-999.0,-999.0,-999.0,-999.0,7.319979999920179e-07,3.722599899447232e-07,1.5695500223955603e-06,2.5624000699053795e-08,0.9059590101242064,3.25,-999.0,-999.0,-999.0,946.0,-999.0,2.4545499854866648e-08,5.768829964836186e-07,24.974300384521484,0.25,1945,2523169177951274905,4296700,39.42610347,25.99898383,0.361048012971878,0.3384110033512115,56195.1524026,24.327699661254883,0.6649109721183777,-999.0,0.0159309990704059,-999.0,-999.0,35651585,4,0,8,1355.780029296875,226.2429962158203,1.4441900253295898,1.3536399602890017,1.3028299808502195,1.246269941329956,-88.39209747314453,0.1684920042753219,-999.0,0.9989879727363586,0.9989879727363586,1.3769299983978271,-999.0,-999.0,-999.0,-999.0,-999.0,6.74407999667892e-07,4.484220141875994e-07,-1.0534099601500202e-06,1.6782399470116616e-08,0.8930360078811646,3.0,-999.0,-999.0,-999.0,1360.0,-999.0,1.7437299604239342e-08,6.812409765188931e-07,24.99839973449707,0.25,1945,2523103828950124441,4053256,39.42611228,25.99897951,0.0605471991002559,0.0563905984163284,56152.0322447,22.993499755859375,0.1429270058870315,23.114200592041016,0.0111260004341602,23.44219970703125,0.3087109923362732,35651585,0,0,18,1355.6600341796875,226.1779937744141,0.2421880066394806,0.2255620062351226,0.9537400007247924,0.9440820217132568,-57.54119873046875,0.3011580109596252,-0.7591339945793152,0.998390018939972,0.998390018939972,1.156999945640564,0.1228210031986236,0.0095999697223305,0.1383640021085739,0.7410240173339844,0.7819700241088867,2.304700046806829e-06,3.294030079814547e-07,2.062090061372146e-06,2.2943099864392025e-08,0.8724049925804138,2.25,1.5244700080074836e-06,4.706209892901825e-07,1.852560043334961,1530.0,-0.3066180050373077,2.9713600468994628e-08,6.824449769737839e-07,25.03459930419922,0.25,1945,2523104764179253145,4056740,39.42614353,25.99893723,0.0702167004346847,0.0657975003123283,56077.0392398,22.05069923400879,0.159619003534317,22.17639923095703,0.0102469995617866,22.169099807739254,0.225733995437622,35651585,0,0,13,1355.27001953125,225.5850067138672,0.2808659970760345,0.2631900012493133,1.096410036087036,1.063349962234497,7.790780067443848,0.4971370100975036,0.7894189953804016,0.996417999267578,0.996417999267578,1.1437300443649292,0.1723109930753708,0.0310897007584571,0.1936990022659301,0.7747690081596375,0.4928810000419616,5.4919501053518616e-06,8.766190262576856e-07,4.891559910902288e-06,5.012219972400089e-08,0.8689860105514526,2.5,4.92428989673499e-06,1.1115799907202015e-06,1.9369200468063352,780.0,0.2670649886131286,6.265980090347513e-08,1.4915699466655497e-06,25.006099700927734,0.25,1945,2523108762525370265,4071635,39.42610316,25.99898382,2.5395100116729736,2.3909900188446045,56076.6176255,25.48789978027344,7.234940052032471,24.04680061340332,0.0222009997814893,-999.0,-999.0,35651585,4,0,13,1355.780029296875,226.2429962158203,10.157999992370604,9.563929557800291,0.7787299752235413,0.7472730278968811,-63.22800064086914,1.2211400270462036,-999.0,0.99787700176239,0.99787700176239,1.291290044784546,-999.0,-999.0,-999.0,-999.0,-999.0,2.3165399909430562e-07,1.6760000107751694e-06,8.735390224501316e-07,1.9393500139130992e-08,0.8554580211639404,2.0,-999.0,-999.0,-999.0,970.0,-999.0,1.22293997151246e-07,3.385470108696609e-06,25.045499801635746,0.25,0.0087429408115673,,,,,,,,,,,,,,,,,
PSO J023742.264+255956.331,-999,-999,-999,139190394261129332,946363000055589,164583146839472,0,17564787742652,13919,1,1857,45,0.986963220859844,946363,38320,3,404226048,48,39.42610347,25.99898108,0.0010000000474974,0.0010000000474974,39.42610347,25.99898108,0.0010000000474974,0.0010000000474974,56069.68258102,-999.0,0.6942743735508901,0.5708133191287875,0.4383551630079154,45.15654686890332,10.08601972073702,150.91039687217938,-31.03624098897742,-999,4,0,0,0,0,0,0,1121788000006892,1,0,1849,2523116941485279033,4102104,39.42609315,25.99898436,0.235725000500679,0.2195650041103363,55907.0427922,24.166200637817383,0.4599469900131225,23.42280006408691,0.0180290006101131,-999.0,-999.0,35651585,4,196608,8,1355.9100341796875,6011.27978515625,0.9429010152816772,0.878259003162384,1.2473599910736084,1.1882100105285645,-33.52640151977539,0.4093210101127624,-999.0,0.9987279772758484,0.9987279772758484,1.2066199779510498,-999.0,-999.0,-999.0,-999.0,-999.0,7.825449870324519e-07,3.59929003934667e-07,1.55194004491932e-06,2.7979499606090034e-08,0.8952469825744629,3.0,-999.0,-999.0,-999.0,774.0,-999.0,1.8961500813929888e-08,5.845839723406243e-07,24.99959945678711,0.25,1849,2523169164261066553,4296649,39.42609525,25.99898506,0.3404380083084106,0.3226459920406341,56143.7089132,24.3518009185791,0.6634029746055603,30.795700073242188,0.4869199991226196,-999.0,-999.0,35651585,4,196608,8,1355.9100341796875,6011.27978515625,1.3617500066757202,1.2905900478363037,1.272189974784851,1.2413100004196167,-83.72769927978516,0.1081660017371177,-999.0,0.9979869723320008,0.9979869723320008,1.3492599725723269,-999.0,-999.0,-999.0,-999.0,-999.0,6.596170010197966e-07,4.3759200707427226e-07,1.744730027120056e-09,8.495459891122437e-10,0.8891630172729492,2.75,-999.0,-999.0,-999.0,940.0,-999.0,5.571270111914828e-09,7.165770057326881e-07,25.016799926757812,0.25,1849,2523103827071076153,4053249,39.42610729,25.99897008,0.0609277002513408,0.0576024986803531,56073.3648704,23.0039005279541,0.1441970020532608,23.0492000579834,0.0122800003737211,23.05610084533691,0.2067530006170272,35651585,0,196608,17,1355.739990234375,6011.0498046875,0.2437109947204589,0.2304099947214126,0.9789260029792786,0.9580659866333008,-69.77210235595703,0.2669169902801513,-0.1596039980649948,0.9974039793014526,0.9974039793014526,1.1429799795150757,0.1324429959058761,-3.4272500215593027e-06,0.1475120037794113,0.7157109975814819,0.8643829822540283,2.2826800432085292e-06,3.29155000144965e-07,2.1893799839745043e-06,2.6885700776801972e-08,0.8724049925804138,2.25,2.1754099179815967e-06,4.497740064834943e-07,1.7892800569534302,1170.0,-1.4063999652862549,3.4980299545850364e-08,6.880450200696941e-07,25.041000366210938,0.25,1849,2523104761763333945,4056731,39.42614363,25.99894152,0.0748945027589798,0.0723726004362106,56119.4142644,22.090900421142575,0.1637679934501648,22.24139976501465,0.0114110000431537,22.28870010375977,0.2598190009593963,35651585,0,196608,13,1355.260009765625,6010.6298828125,0.299578994512558,0.2894909977912903,1.087249994277954,1.066930055618286,7.4646501541137695,0.4286839962005615,0.8703070282936096,0.9969480037689208,0.9969480037689208,1.1482900381088257,0.1753109991550445,0.0298388991504907,0.1870680004358291,0.8039889931678772,0.595445990562439,5.292220066621667e-06,8.66693994794332e-07,4.607210030371789e-06,5.2573899012031695e-08,0.872169017791748,2.5,4.410780093166977e-06,1.1460000450824737e-06,2.00996994972229,660.0,0.1632679998874664,7.393560252921817e-08,1.4893399793436402e-06,25.017499923706055,0.25,1849,2523108760109451065,4071626,39.42609372,25.99898564,2.02524995803833,1.9166200160980225,56051.8582931,-999.0,5.864480018615723,24.624799728393555,0.0308110006153583,-999.0,-999.0,35651585,4,196608,14,1355.9100341796875,6011.27978515625,8.100990295410156,7.666500091552734,0.8079239726066589,0.768576979637146,-70.54340362548828,1.2200000286102295,-999.0,0.9969019889831544,0.9969019889831544,1.339769959449768,-999.0,-999.0,-999.0,-999.0,-999.0,-2.843079869307985e-07,1.667320020715124e-06,5.129570013195917e-07,1.5804600295155072e-08,0.8455110192298889,2.0,-999.0,-999.0,-999.0,860.0,-999.0,2.0894300689633385e-07,3.4226900424982887e-06,25.05430030822754,0.25,0.0087429408115673,,,,,,,,,,,,,,,,,
PSO J023741.405+260007.666,-999,-999,-999,139200394224933113,946363000055551,164583146839434,0,17564787743705,13920,1,1857,55,0.492642559569927,946363,38320,3,1075314688,128,39.42252415,26.00212946,0.0010000000474974,0.0010000000474974,39.42252415,26.00212946,0.0010000000474974,0.0010000000474974,56059.0778125,-999.0,0.694291423219123,0.5707546488462051,0.4384045511451835,45.15444052507039,10.090014866143733,150.9053652027973,-31.034947226280057,-999,1,0,0,0,0,0,0,1121788000006875,0,0,1911,2523116941485279095,4102104,39.42252414,26.00212818,1.407539963722229,1.3110500574111938,55907.0427922,26.11440086364746,2.7464001178741455,-999.0,0.0677030012011528,-999.0,-999.0,35651585,4,131072,8,1402.0699462890625,6056.580078125,5.630169868469238,5.244190216064453,1.2463799715042114,1.187849998474121,-33.78070068359375,0.4098730087280273,-999.0,0.9990159869194032,0.9990159869194032,1.1605000495910645,-999.0,-999.0,-999.0,-999.0,-999.0,1.3008700250338734e-07,3.5727001090890553e-07,-1.0237999958917501e-07,6.931490048600608e-09,0.9018779993057252,3.0,-999.0,-999.0,-999.0,774.0,-999.0,1.8176800509195346e-08,5.818139925395371e-07,24.99959945678711,0.25,1911,2523169164261066615,4296649,39.42252626,26.00212888,0.1330049932003021,0.1260540038347244,56143.7089132,23.46500015258789,0.2591840028762817,22.513999938964844,0.010742999613285,-999.0,-999.0,35651585,4,131072,10,1402.0699462890625,6056.580078125,0.5320219993591309,0.5042170286178589,1.2725800275802612,1.2417199611663818,-81.70880126953125,0.1124230027198791,-999.0,0.998001992702484,0.998001992702484,1.4112800359725952,-999.0,-999.0,-999.0,-999.0,-999.0,1.4927500160411e-06,3.8689799453095475e-07,3.5841899261868093e-06,3.850500007729352e-08,0.8812710046768188,2.75,-999.0,-999.0,-999.0,940.0,-999.0,6.667599805609825e-09,7.169679747676128e-07,25.016799926757812,0.25,1911,2523103827071076215,4053249,39.4224938,26.00213077,0.0798078030347824,0.0754522010684013,56073.3648704,23.297300338745117,0.1888799965381622,22.922700881958008,0.0115849999710917,23.18549919128418,0.2291239947080612,35651585,0,131072,14,1402.469970703125,6056.58984375,0.3192310035228729,0.301809012889862,0.9791589975357056,0.9573289752006532,-71.20059967041016,0.267890989780426,0.1777610033750534,0.9984089732170104,0.9984089732170104,1.1746699810028076,0.1638160049915313,-0.0100891003385186,0.1339309960603714,0.6924710273742676,0.6830270290374756,1.7421499478587066e-06,3.29057002090849e-07,2.459900088069844e-06,2.8498300608248428e-08,0.8448969721794128,2.25,1.931160113599617e-06,4.424759936227929e-07,1.73117995262146,1170.0,1.3476799726486206,3.665600090130283e-08,6.866109742986737e-07,25.041000366210938,0.25,1911,2523104761763334007,4056731,39.42252415,26.00213045,0.2197940051555633,0.2123930007219314,56119.4142644,23.00860023498535,0.4806100130081177,22.64189910888672,0.0137219997122883,-999.0,-999.0,35651585,4,131072,9,1402.0699462890625,6056.580078125,0.8791760206222534,0.8495720028877258,1.0892200469970703,1.0692700147628784,7.503109931945801,0.4199860095977783,-999.0,0.9967100024223328,0.9967100024223328,1.1295000314712524,-999.0,-999.0,-999.0,-999.0,-999.0,2.272849997098092e-06,1.092349975806428e-06,3.186069989169482e-06,4.3719900588712335e-08,0.872169017791748,2.5,-999.0,-999.0,-999.0,660.0,-999.0,6.854249789967072e-08,1.4882699588270043e-06,25.017499923706055,0.25,1911,2523108760109451127,4071626,39.42252472,26.00212946,0.2476080060005188,0.2343280017375946,56051.8582931,23.004100799560547,0.7169960141181946,-999.0,0.0089419996365904,-999.0,-999.0,35651585,4,131072,15,1402.0699462890625,6056.580078125,0.990435004234314,0.937313973903656,0.8093810081481934,0.769756019115448,-70.3291015625,1.2176799774169922,-999.0,0.9956960082054138,0.9956960082054138,1.3532500267028809,-999.0,-999.0,-999.0,-999.0,-999.0,2.282230070704827e-06,1.63635002081719e-06,-5.022230197937461e-06,4.4910098750960976e-08,0.8355630040168762,2.0,-999.0,-999.0,-999.0,860.0,-999.0,2.2041500358227498e-07,3.4499400953791337e-06,25.05430030822754,0.25,0.0072391168423565,,,,,,,,,,,,,,,,,
PSO J023744.727+255954.790,-999,-999,-999,139190394363688826,946363000055707,164583146839590,0,17564787744787,13919,1,1857,45,0.187516205187436,946363,38320,3,1343750144,160,39.43636426,25.99855279,0.0010000000474974,0.0010000000474974,39.43636426,25.99855279,0.0010000000474974,0.0010000000474974,56067.90015046,-999.0,0.6941746692647072,0.5709397252368301,0.4383484443883967,45.16531049701345,10.082734874057946,150.92015995122938,-31.03233538222835,-999,2,0,0,0,0,0,0,1121594000006632,0,0,1768,2523116944169633512,4102114,39.43636422,25.99853291,0.2652629911899566,0.2491459995508194,55882.7709466,24.015399932861328,0.4785130023956299,22.486799240112305,0.0106690004467964,-999.0,-999.0,35651585,4,0,6,1222.97998046875,219.70700073242188,1.0610500574111938,0.9965850114822388,1.2711600065231323,1.2014100551605225,-15.064000129699709,0.4325900077819824,-999.0,0.9981259703636168,0.9981259703636168,1.1378899812698364,-999.0,-999.0,-999.0,-999.0,-999.0,8.991580102701846e-07,4.3025801232943195e-07,3.675259904412087e-06,3.921060098832641e-08,0.902191996574402,3.25,-999.0,-999.0,-999.0,946.0,-999.0,1.6368000288480292e-08,5.795070023850712e-07,24.974300384521484,0.25,1768,2523169177951274728,4296700,39.4363646,25.99853561,0.5896260142326355,0.5526570081710815,56195.1524026,24.912500381469727,1.085860013961792,-999.0,0.0219739992171525,-999.0,-999.0,35651585,4,0,8,1222.97998046875,219.70700073242188,2.3585000038146973,2.2106199264526367,1.3071199655532837,1.247599959373474,87.206298828125,0.1501629948616027,-999.0,0.999023973941803,0.999023973941803,1.460260033607483,-999.0,-999.0,-999.0,-999.0,-999.0,3.935610095595621e-07,4.273530009868409e-07,-5.537390279641841e-07,1.2167699736664872e-08,0.8974570035934448,3.0,-999.0,-999.0,-999.0,1360.0,-999.0,1.1794700327527607e-08,6.811379762439174e-07,24.99839973449707,0.25,1768,2523103828950124264,4053256,39.43636823,25.99855781,0.0734632015228271,0.0684199035167694,56152.0322447,23.042499542236328,0.1734160035848617,22.603500366210938,0.0087940003722906,22.78580093383789,0.2430839985609054,35667969,0,0,10,1222.9300537109375,220.0240020751953,0.2938520014286041,0.2736789882183075,0.955892026424408,0.9459149837493896,-47.93119812011719,0.3034639954566955,0.0019953700248152,0.9966670274734496,0.9966670274734496,1.1508300304412842,0.1311489939689636,-0.032370701432228,0.1941400021314621,0.938031017780304,0.7389540076255798,2.2028200419299537e-06,3.820049983005447e-07,3.300609932921361e-06,2.90265997904271e-08,0.8684750199317932,2.25,2.7904300168302143e-06,6.78308026635932e-07,2.3450798988342285,1530.0,3.0909199714660645,2.0136399214720768e-08,6.861699830551515e-07,25.03459930419922,0.25,1768,2523104764179252968,4056740,39.43636467,25.99853468,0.1911820024251938,0.1791490018367767,56077.0392398,22.8125,0.4345999956130981,22.215099334716797,0.0104310000315308,-999.0,-999.0,35651585,4,0,9,1222.97998046875,219.70700073242188,0.7647250294685364,0.7165960073471069,1.0877900123596191,1.05322003364563,6.52386999130249,0.5221869945526123,-999.0,0.9970099925994872,0.9970099925994872,1.1217700242996216,-999.0,-999.0,-999.0,-999.0,-999.0,2.7227999908063794e-06,1.183330027743068e-06,4.720180186268408e-06,4.923640162246557e-08,0.8817179799079895,2.5,-999.0,-999.0,-999.0,780.0,-999.0,5.2371198933087726e-08,1.4913699715179971e-06,25.006099700927734,0.25,1768,2523108762525370088,4071635,39.4363643,25.99853562,0.1796829998493194,0.1691740006208419,56076.6176255,22.4822998046875,0.511909008026123,22.34160041809082,0.0101239997893571,-999.0,-999.0,35651585,4,0,12,1222.97998046875,219.70700073242188,0.7187319993972778,0.6766970157623291,0.7772210240364075,0.7470390200614929,-62.96540069580078,1.206030011177063,-999.0,0.9971010088920592,0.9971010088920592,1.3004499673843384,-999.0,-999.0,-999.0,-999.0,-999.0,3.690520088639459e-06,1.889210011540854e-06,4.201130195724545e-06,4.2530398758344745e-08,0.8405370116233826,2.0,-999.0,-999.0,-999.0,970.0,-999.0,1.374300069301171e-07,3.4165500437666196e-06,25.045499801635746,0.25,0.0118602768687397,,,,,,,,,,,,,,,,,
PSO J023744.727+255954.790,-999,-999,-999,139190394363688826,946363000055707,164583146839590,0,17564787744787,13919,1,1857,45,0.187516205187436,946363,38320,3,1343750144,160,39.43636426,25.99855279,0.0010000000474974,0.0010000000474974,39.43636426,25.99855279,0.0010000000474974,0.0010000000474974,56067.90015046,-999.0,0.6941746692647072,0.5709397252368301,0.4383484443883967,45.16531049701345,10.082734874057946,150.92015995122938,-31.03233538222835,-999,2,0,0,0,0,0,0,1121788000006937,1,0,1668,2523116941485278852,4102104,39.43636003,25.99855182,0.2240940034389495,0.2087309956550598,55907.0427922,23.95359992980957,0.4372540116310119,22.7106990814209,0.0129880001768469,-999.0,-999.0,35651585,4,196608,6,1223.0400390625,6004.97021484375,0.8963789939880371,0.8349270224571228,1.2502000331878662,1.189229965209961,-32.82429885864258,0.4077349901199341,-999.0,0.9983919858932496,0.9983919858932496,1.1604499816894531,-999.0,-999.0,-999.0,-999.0,-999.0,9.51837023421831e-07,4.1619401258685684e-07,2.990369921462843e-06,3.8838798843698896e-08,0.8952469825744629,3.0,-999.0,-999.0,-999.0,774.0,-999.0,1.5821600030108133e-08,5.842520067744772e-07,24.99959945678711,0.25,1668,2523169164261066372,4296649,39.43636212,25.99855251,0.3262070119380951,0.3091590106487274,56143.7089132,24.359600067138672,0.6356729865074158,24.455900192260746,0.0262729991227388,-999.0,-999.0,35651585,4,196608,8,1223.0400390625,6004.97021484375,1.3048299551010132,1.2366399765014648,1.271440029144287,1.239650011062622,-89.4656982421875,0.0959116965532302,-999.0,0.9975730180740356,0.9975730180740356,1.479640007019043,-999.0,-999.0,-999.0,-999.0,-999.0,6.548809778905706e-07,4.162899926996033e-07,5.992799856358033e-07,1.5744799242156663e-08,0.8917940258979797,2.75,-999.0,-999.0,-999.0,940.0,-999.0,6.3856497867220704e-09,7.096350032043119e-07,25.016799926757812,0.25,1668,2523103827071075972,4053249,39.43635659,25.99856145,0.0736818015575409,0.0696605965495109,56073.3648704,23.051300048828125,0.1743820011615753,22.584800720214844,0.0099160000681877,22.76469993591309,0.2299810051918029,35651585,0,196608,10,1223.0899658203125,6005.080078125,0.2947269976139068,0.2786419987678528,0.978426992893219,0.9599869847297668,-64.94660186767578,0.2641519904136657,0.019285699352622,0.9959139823913574,0.9959139823913574,1.1448899507522583,0.1354410052299499,-0.0248495992273092,0.1917070001363754,0.8976569771766663,0.8962649703025818,2.1850601115147583e-06,3.810359885392245e-07,3.357909918122459e-06,3.32961995752612e-08,0.8684750199317932,2.25,2.8452800506784115e-06,6.543589847751718e-07,2.2441399097442627,1170.0,2.3399600982666016,2.6278700104853673e-08,6.882650041006855e-07,25.041000366210938,0.25,1668,2523104761763333764,4056731,39.43635998,25.99855408,0.1979169994592666,0.1912530064582824,56119.4142644,22.831199645996097,0.4327749907970428,22.380800247192383,0.0121680004522204,-999.0,-999.0,35651585,4,196608,9,1223.0400390625,6004.97021484375,0.7916709780693054,0.7650129795074463,1.0816800594329834,1.0603300333023071,7.364170074462891,0.4532530009746551,-999.0,0.9959139823913574,0.9959139823913574,1.1163500547409058,-999.0,-999.0,-999.0,-999.0,-999.0,2.676129952305928e-06,1.1581599892451775e-06,4.051999894727487e-06,4.930450003826081e-08,0.8817179799079895,2.5,-999.0,-999.0,-999.0,660.0,-999.0,5.7251099860877737e-08,1.4821899867456525e-06,25.017499923706055,0.25,1668,2523108760109450884,4071626,39.4363606,25.99855308,0.1935590058565139,0.1831779927015304,56051.8582931,22.585899353027344,0.5604869723320007,22.59830093383789,0.0121170002967119,-999.0,-999.0,35651585,4,196608,13,1223.0400390625,6004.97021484375,0.7742379903793335,0.732712984085083,0.8037319779396057,0.7651770114898682,-71.1791000366211,1.226680040359497,-999.0,0.9968760013580322,0.9968760013580322,1.392009973526001,-999.0,-999.0,-999.0,-999.0,-999.0,3.354560021762154e-06,1.8801899841491831e-06,3.3165999866469065e-06,4.0187298822047524e-08,0.880325973033905,2.0,-999.0,-999.0,-999.0,860.0,-999.0,2.0173399661871374e-07,3.4206400414404925e-06,25.05430030822754,0.25,0.0118602768687397,,,,,,,,,,,,,,,,,
PSO J023743.856+255951.783,-999,-999,-999,139190394327407811,946363000055662,164583146839545,0,17564787745286,13919,1,1857,45,0.805959871789403,946363,38320,3,1343750144,160,39.43273559,25.9977175,0.0010000000474974,0.0010000000474974,39.43273559,25.9977175,0.0010000000474974,0.0010000000474974,56067.90015046,-999.0,0.6942157625172724,0.570899819454479,0.4383353410568274,45.16189852833506,10.082959012545524,150.9172424938089,-31.034590509188597,-999,2,0,0,0,0,0,0,1121594000006602,0,0,1837,2523116944169633581,4102114,39.4327306,25.99772097,1.0403000116348269,0.977088987827301,55882.7709466,25.399499893188477,1.8766100406646729,-999.0,0.030001999810338,-999.0,-999.0,35651585,4,0,4,1270.02001953125,208.04299926757812,4.161190032958984,3.908360004425049,1.2718100547790527,1.204110026359558,-14.990400314331056,0.427033007144928,-999.0,0.9980210065841676,0.9980210065841676,1.2051299810409546,-999.0,-999.0,-999.0,-999.0,-999.0,2.513110075597069e-07,4.7161299221443187e-07,-4.365720087662339e-07,1.3098199858063708e-08,0.9153760075569152,3.25,-999.0,-999.0,-999.0,946.0,-999.0,2.0850499993230187e-08,5.776619786956871e-07,24.974300384521484,0.25,1837,2523169177951274797,4296700,39.43273094,25.9977237,0.1412069946527481,0.1323540061712265,56195.1524026,23.319400787353516,0.2600489854812622,22.620399475097656,0.0093849999830126,-999.0,-999.0,35651585,4,0,8,1270.02001953125,208.04299926757812,0.5648279786109924,0.5294139981269836,1.3055299520492554,1.2472200393676758,88.72160339355469,0.1566549986600875,-999.0,0.9982990026474,0.9982990026474,1.373870015144348,-999.0,-999.0,-999.0,-999.0,-999.0,1.707020032881701e-06,4.439100109721039e-07,3.2496400308446027e-06,3.0497300684828594e-08,0.8952469825744629,3.0,-999.0,-999.0,-999.0,1360.0,-999.0,1.3871099824314116e-08,6.818619908699475e-07,24.99839973449707,0.25,1837,2523103828950124333,4053256,39.43274055,25.99771263,0.0598457008600235,0.0557372011244297,56152.0322447,22.860700607299805,0.1412709951400756,22.364599227905273,0.0078779999166727,22.40970039367676,0.1586340069770813,35667969,0,0,12,1269.8900146484375,207.88099670410156,0.2393829971551895,0.2229489982128143,0.9550700187683104,0.9453309774398804,-51.23929977416992,0.3026480078697204,0.0003994939906988,0.9972429871559144,0.9972429871559144,1.1893199682235718,0.1173859983682632,-0.0140923000872135,0.1980240046977996,0.889968991279602,0.6942890286445618,2.60440992860822e-06,3.679269866552204e-07,4.11296014135587e-06,3.2402301286538204e-08,0.8606160283088684,2.25,3.945509888581e-06,6.258910048018151e-07,2.2249200344085693,1530.0,3.5404200553894043,2.4789200026020808e-08,6.852910132693069e-07,25.03459930419922,0.25,1837,2523104764179253037,4056740,39.43273101,25.99772276,0.5567780137062073,0.5217360258102417,56077.0392398,24.163299560546875,1.265679955482483,22.98870086669922,0.014894999563694,-999.0,-999.0,35651585,4,0,10,1270.02001953125,208.04299926757812,2.227109909057617,2.086940050125122,1.090849995613098,1.056820034980774,6.95999002456665,0.5132799744606018,-999.0,0.9950090050697328,0.9950090050697328,1.169819951057434,-999.0,-999.0,-999.0,-999.0,-999.0,7.846639960007451e-07,9.931369504556642e-07,2.3148199943534564e-06,3.44798003482083e-08,0.8817179799079895,2.5,-999.0,-999.0,-999.0,780.0,-999.0,5.8460898344492314e-08,1.4879700529490949e-06,25.006099700927734,0.25,1837,2523108762525370157,4071635,39.43273063,25.9977237,0.2079849988222122,0.19582100212574,56076.6176255,22.61739921569824,0.5925390124320984,21.34589958190918,0.0063999998383224,-999.0,-999.0,35651585,4,0,9,1270.02001953125,208.04299926757812,0.8319399952888489,0.783282995223999,0.7777600288391113,0.7471240162849426,-63.0614013671875,1.2113800048828125,-999.0,0.996425986289978,0.996425986289978,1.387060046195984,-999.0,-999.0,-999.0,-999.0,-999.0,3.2588000067335088e-06,1.9309700292069465e-06,1.0510500032978598e-05,6.72711024662931e-08,0.880325973033905,2.0,-999.0,-999.0,-999.0,970.0,-999.0,1.273880059216026e-07,3.3944400001928443e-06,25.045499801635746,0.25,0.0108155334999488,,,,,,,,,,,,,,,,,
PSO J023743.856+255951.783,-999,-999,-999,139190394327407811,946363000055662,164583146839545,0,17564787745286,13919,1,1857,45,0.805959871789403,946363,38320,3,1343750144,160,39.43273559,25.9977175,0.0010000000474974,0.0010000000474974,39.43273559,25.9977175,0.0010000000474974,0.0010000000474974,56067.90015046,-999.0,0.6942157625172724,0.570899819454479,0.4383353410568274,45.16189852833506,10.082959012545524,150.9172424938089,-31.034590509188597,-999,2,0,0,0,0,0,0,1121788000006919,1,0,1737,2523116941485278921,4102104,39.4327353,25.99771177,0.955277979373932,0.8897879719734192,55907.0427922,25.42729949951172,1.8639400005340576,-999.0,0.0441609993577003,-999.0,-999.0,35651585,4,196608,4,1269.9599609375,5992.89990234375,3.821120023727417,3.559159994125366,1.2491899728775024,1.1888699531555176,-33.067298889160156,0.4082950055599212,-999.0,0.9986820220947266,0.9986820220947266,1.223889946937561,-999.0,-999.0,-999.0,-999.0,-999.0,2.4495298589499725e-07,4.565789879507065e-07,-2.4063999148893345e-07,1.0626799884505544e-08,0.8974570035934448,3.0,-999.0,-999.0,-999.0,774.0,-999.0,1.7613599467836142e-08,5.853380002918129e-07,24.99959945678711,0.25,1737,2523169164261066441,4296649,39.43273739,25.99771246,0.1544499993324279,0.1463779956102371,56143.7089132,23.508899688720703,0.3009729981422424,22.564199447631836,0.0109940003603696,-999.0,-999.0,35651585,4,196608,8,1269.9599609375,5992.89990234375,0.6178010106086731,0.5855129957199097,1.2716399431228638,1.2403199672698977,-87.46939849853516,0.1002390012145042,-999.0,0.9984949827194214,0.9984949827194214,1.347219944000244,-999.0,-999.0,-999.0,-999.0,-999.0,1.4336100093714776e-06,4.314790089665621e-07,3.4222400699945865e-06,3.762509948046499e-08,0.8970549702644348,2.75,-999.0,-999.0,-999.0,940.0,-999.0,5.808780123572887e-09,7.126009791136312e-07,25.016799926757812,0.25,1737,2523103827071076041,4053249,39.43274606,25.99771392,0.0615946017205715,0.0582331009209156,56073.3648704,22.896799087524418,0.1457760035991668,22.40730094909668,0.0091369999572634,22.48040008544922,0.1685989946126938,35667969,0,196608,12,1269.8199462890625,5992.91015625,0.2463780045509338,0.2329320013523101,0.9785709977149964,0.9593430161476136,-66.78469848632812,0.2651270031929016,0.0008246870129369,0.9974730014801024,0.9974730014801024,1.193850040435791,0.1152480021119117,-0.0137694999575614,0.1996240019798278,0.8765450119972229,0.70524001121521,2.5192400698870188e-06,3.672440129776078e-07,3.954529802285833e-06,3.613330079588195e-08,0.8606160283088684,2.25,3.697010015457636e-06,6.233109957065608e-07,2.1913599967956543,1170.0,3.344369888305664,2.968639911671289e-08,6.884200161039189e-07,25.041000366210938,0.25,1737,2523104761763333833,4056731,39.43273527,25.99771403,0.4834130108356476,0.4671350121498108,56119.4142644,23.98390007019043,1.0570499897003174,23.046300888061523,0.0165320001542568,-999.0,-999.0,35651585,4,196608,10,1269.9599609375,5992.89990234375,1.9336600303649905,1.8685400485992432,1.0836600065231323,1.0626699924468994,7.398509979248047,0.4445349872112274,-999.0,0.9964929819107056,0.9964929819107056,1.1689900159835815,-999.0,-999.0,-999.0,-999.0,-999.0,9.256260113943426e-07,9.784359917830443e-07,2.1951800590613857e-06,3.62899008621298e-08,0.8753520250320435,2.5,-999.0,-999.0,-999.0,660.0,-999.0,6.597959867349347e-08,1.4861000181554118e-06,25.017499923706055,0.25,1737,2523108760109450953,4071626,39.43273587,25.99771304,0.2979010045528412,0.2819229960441589,56051.8582931,23.041000366210938,0.8626270294189453,21.686899185180664,0.0079640001058578,-999.0,-999.0,35651585,4,196608,10,1269.9599609375,5992.89990234375,1.19159996509552,1.1276899576187134,0.8052120208740234,0.7663789987564087,-70.95130157470703,1.2243200540542605,-999.0,0.9976080060005188,0.9976080060005188,1.4171099662780762,-999.0,-999.0,-999.0,-999.0,-999.0,2.2060501123633003e-06,1.9029999975828105e-06,7.678049769310746e-06,6.114599671036558e-08,0.8703789710998535,2.0,-999.0,-999.0,-999.0,860.0,-999.0,2.0112599941057854e-07,3.4145000427088235e-06,25.05430030822754,0.25,0.0108155334999488,,,,,,,,,,,,,,,,,
PSO J023743.626+260015.038,-999,-999,-999,139200394317935519,946363000019780,164583146802499,0,17564787745842,13920,1,1857,55,0.0306707583653468,946363,38320,3,436527104,52,39.43181103,26.00418144,0.0010000000474974,0.0010000000474974,39.43177804,26.00417735,0.031199999153614,0.0368800014257431,55893.91009259,0.944100022315979,0.694187127713103,0.570856823920609,0.4384366753599734,45.163115516391755,10.089364847080676,150.91285043956486,-31.029270106014497,-999,6,17,1,0,9,3,4,1121594000004838,1,1,1855,2523116944169633599,4102114,39.43180965,26.00417222,0.1400810033082962,0.1315689980983734,55882.7709466,23.580799102783203,0.2526929974555969,22.836599349975582,0.012533999979496,-999.0,-999.0,35651585,4,196608,10,1281.8800048828125,300.947998046875,0.5603219866752625,0.526278018951416,1.27197003364563,1.2047899961471558,-14.971099853515623,0.4256309866905212,-999.0,0.9984920024871826,0.9984920024871826,1.2754000425338743,-999.0,-999.0,-999.0,-999.0,-999.0,1.34180004351947e-06,3.390630070043699e-07,2.6628499654179905e-06,3.3375901153931415e-08,0.9116089940071106,3.25,-999.0,-999.0,-999.0,946.0,-999.0,2.001620025282591e-08,5.721070124309335e-07,24.974300384521484,0.25,1855,2523169177951274815,4296700,39.43181001,26.0041749,0.134999006986618,0.1265340000391006,56195.1524026,23.361600875854492,0.2486149966716766,23.65250015258789,0.0150960003957152,-999.0,-999.0,35651585,4,196608,14,1281.8800048828125,300.947998046875,0.5399940013885498,0.5061370134353638,1.3051400184631348,1.2471100091934204,89.11180114746094,0.1582919955253601,-999.0,0.9990170001983644,0.9990170001983644,1.414270043373108,-999.0,-999.0,-999.0,-999.0,-999.0,1.6420100337199983e-06,4.082280042894127e-07,1.2559900142150582e-06,1.8959900316417588e-08,0.9018779993057252,3.0,-999.0,-999.0,-999.0,1360.0,-999.0,1.7211899461244684e-08,6.758569952580729e-07,24.99839973449707,0.25,1855,2523103828950124351,4053256,39.43181058,26.0041801,0.0243088994175195,0.022640099748969,56152.0322447,21.84939956665039,0.0573830008506774,21.843900680541992,0.0061980001628398,21.97089958190918,0.0891290009021759,35651585,0,196608,13,1281.8599853515625,301.0199890136719,0.0972355008125305,0.0905603021383285,0.9548699855804444,0.9451709985733032,-52.107200622558594,0.3024399876594543,0.6465960144996643,0.996638000011444,0.996638000011444,1.1902899742126465,0.0993660986423492,-0.0048141200095415,0.1412730067968368,0.7489100098609924,0.60589998960495,6.6105999394494575e-06,3.7933799035272386e-07,6.644329914706759e-06,4.118360052984826e-08,0.8684750199317932,2.25,5.9104900174133945e-06,5.267959863886063e-07,1.8722699880599976,1530.0,0.4584969878196716,2.4678200816197204e-08,6.775809993087023e-07,25.03459930419922,0.25,1855,2523104764179253055,4056740,39.43177815,26.00419823,0.0259703993797302,0.0243359003216028,56077.0392398,20.91200065612793,0.0590369999408721,20.879199981689453,0.0056380000896751,20.956199645996097,0.0941200032830238,35651585,0,196608,13,1282.2900390625,301.2969970703125,0.1038810014724731,0.0973434001207351,1.0916500091552734,1.0577600002288818,7.076379776000977,0.5109549760818481,-0.3060939908027649,0.9968860149383544,0.9968860149383544,1.1587400436401367,0.1531350016593933,-0.0049268100410699,0.1245070025324821,0.9552729725837708,0.7615910172462463,1.567479921504855e-05,9.253899975192326e-07,1.6156000128830783e-05,9.10906976514525e-08,0.8753520250320435,2.5,1.504929969087243e-05,1.4164399999572197e-06,2.3881800174713135,780.0,-1.0234500169754028,5.5480299465671123e-08,1.5056100437504938e-06,25.006099700927734,0.25,1855,2523108762525370175,4071635,39.43181148,26.00417613,0.024975499138236,0.023514699190855,56076.6176255,20.50670051574707,0.0711539983749389,20.56889915466309,0.0044749998487532,20.713699340820312,0.1034549996256828,35651585,0,196608,15,1281.8599853515625,300.9649963378906,0.0999016985297203,0.0940587967634201,0.7778949737548828,0.7471449971199036,-63.084999084472656,1.212730050086975,0.7994229793548584,0.9976980090141296,0.9976980090141296,1.247689962387085,0.0960142016410827,0.010704300366342,0.0990239009261131,0.6418949961662292,0.5744919776916504,2.2768499547964893e-05,1.6200599475268973e-06,2.1500200091395527e-05,9.621380314683849e-08,0.8554580211639404,2.0,1.8814900613506325e-05,1.94650010598707e-06,1.604740023612976,970.0,0.2540940046310425,1.383649959052491e-07,3.3980500120378565e-06,25.045499801635746,0.25,0.0049773804660974,,,,,,,,,,,,,,,,,
PSO J023743.626+260015.038,-999,-999,-999,139200394317935519,946363000019780,164583146802499,0,17564787745842,13920,1,1857,55,0.0306707583653468,946363,38320,3,436527104,52,39.43181103,26.00418144,0.0010000000474974,0.0010000000474974,39.43177804,26.00417735,0.031199999153614,0.0368800014257431,55893.91009259,0.944100022315979,0.694187127713103,0.570856823920609,0.4384366753599734,45.163115516391755,10.089364847080676,150.91285043956486,-31.029270106014497,-999,6,17,1,0,9,3,4,1121788000005461,0,1,1750,2523116941485278934,4102104,39.43181515,26.00418109,0.1232860013842582,0.1148340031504631,55907.0427922,23.56049919128418,0.240555003285408,23.010499954223633,0.0149109996855258,-999.0,-999.0,35651585,4,0,10,1281.81005859375,6086.06982421875,0.4931440055370331,0.4593360126018524,1.2489399909973145,1.1887799501419067,-33.12950134277344,0.4084370136260986,-999.0,0.9986940026283264,0.9986940026283264,1.2823699712753296,-999.0,-999.0,-999.0,-999.0,-999.0,1.367140043839754e-06,3.288729999439966e-07,2.2687900127493776e-06,3.382979940624864e-08,0.8996679782867432,3.0,-999.0,-999.0,-999.0,774.0,-999.0,1.7519500516982592e-08,5.755330221290933e-07,24.99959945678711,0.25,1750,2523169164261066454,4296649,39.43181726,26.00418179,0.1599880009889602,0.1516270041465759,56143.7089132,23.62569999694824,0.3117649853229522,23.48979949951172,0.0168379992246627,-999.0,-999.0,35651585,4,0,14,1281.81005859375,6086.06982421875,0.6399520039558411,0.6065070033073425,1.2717000246047974,1.240470051765442,-86.95829772949219,0.1013320013880729,-999.0,0.9978359937667848,0.9978359937667848,1.4126399755477903,-999.0,-999.0,-999.0,-999.0,-999.0,1.2873699688498164e-06,4.013569991911936e-07,1.4590500541089568e-06,2.4567299305999768e-08,0.8944240212440491,2.75,-999.0,-999.0,-999.0,940.0,-999.0,8.606179768833044e-09,7.121669796106289e-07,25.016799926757812,0.25,1750,2523103827071076054,4053249,39.43181191,26.00418407,0.0238623991608619,0.0225600991398096,56073.3648704,21.86429977416992,0.0564749985933303,21.856199264526367,0.0070890001952648,22.03030014038086,0.0918719992041587,35651585,0,0,13,1281.8599853515625,6086.080078125,0.0954495966434478,0.0902403965592384,0.9786139726638794,0.9591709971427916,-67.23290252685547,0.265377014875412,0.7741829752922058,0.9965559840202332,0.9965559840202332,1.2086199522018433,0.1055959984660148,0.0001458100014133,0.1428419947624206,0.7472109794616699,0.6374719738960266,6.5202198129554745e-06,3.6822899573962786e-07,6.569110155396629e-06,4.6570800549261555e-08,0.8645449876785278,2.25,5.596260052698199e-06,5.141379801898438e-07,1.8680299520492551,1170.0,0.2869080007076263,3.468650078275459e-08,6.872419930914475e-07,25.041000366210938,0.25,1750,2523104761763333846,4056731,39.43177803,26.00419417,0.0272164996713399,0.026300000026822,56119.4142644,20.93510055541992,0.0595129989087581,20.892099380493164,0.0061300001107156,20.964000701904297,0.0937390029430389,35651585,0,0,13,1282.2900390625,6086.22021484375,0.1088659986853599,0.1052000001072883,1.0841799974441528,1.063289999961853,7.407800197601318,0.4422430098056793,-0.2597360014915466,0.9964399933815002,0.9964399933815002,1.1633199453353882,0.1552740037441253,-0.0024105398915708,0.129053995013237,0.9545829892158508,0.7377210259437561,1.5344399798777886e-05,9.131899787462316e-07,1.5964300473569892e-05,9.786469945538556e-08,0.8785349726676941,2.5,1.4942400412110146e-05,1.4006900528329425e-06,2.386460065841675,660.0,-1.1270099878311155,6.784519968050517e-08,1.479690013184154e-06,25.017499923706055,0.25,1750,2523108760109450966,4071626,39.43180863,26.00417504,0.0252710003405809,0.0239156000316143,56051.8582931,20.53890037536621,0.0731770023703575,20.56920051574707,0.004759999923408,20.739999771118164,0.1083580031991005,35651585,0,0,16,1281.9000244140625,6085.9599609375,0.1010840013623237,0.0956626012921333,0.8055880069732666,0.7666850090026855,-70.8938980102539,1.2237199544906616,0.7147189974784851,0.99760901927948,0.99760901927948,1.2684500217437744,0.0987690016627311,0.0123493997380137,0.108085997402668,0.6676430106163025,0.5794090032577515,2.210260026913602e-05,1.6174000165847249e-06,2.149499960069079e-05,1.0230800029376041e-07,0.8703789710998535,2.0,1.8366199583397247e-05,1.99012993107317e-06,1.6691099405288696,860.0,0.3655259907245636,2.2724699988430078e-07,3.4210499961773166e-06,25.05430030822754,0.25,0.0049773804660974,,,,,,,,,,,,,,,,,
PSO J023743.918+260005.951,-999,-999,-999,139200394329922541,946363000055668,164583146839551,0,17564787746455,13920,1,1857,55,0.143318533099553,946363,38320,3,1075314688,128,39.43299228,26.00165311,0.0010000000474974,0.0010000000474974,39.43299228,26.00165311,0.0010000000474974,0.0010000000474974,56059.0778125,-999.0,0.6941899479883873,0.5708838037714679,0.4383970788033383,45.16336854777951,10.086626103494233,150.9153468615984,-31.03099831551858,-999,1,0,0,0,0,0,0,1121788000006921,0,0,1731,2523116941485278915,4102104,39.43299186,26.00165184,0.2115840017795562,0.1970790028572082,55907.0427922,23.928199768066406,0.4128429889678955,22.74180030822754,0.0131759997457265,-999.0,-999.0,35651585,4,131072,6,1266.5999755859375,6049.64013671875,0.8463360071182251,0.7883149981498718,1.249269962310791,1.1888999938964844,-33.049800872802734,0.408255010843277,-999.0,0.999684989452362,0.999684989452362,1.16975998878479,-999.0,-999.0,-999.0,-999.0,-999.0,9.7440295121487e-07,4.022749919840863e-07,2.9057800929876976e-06,3.82853997393795e-08,0.884194016456604,3.0,-999.0,-999.0,-999.0,774.0,-999.0,1.710579944358415e-08,5.794639719169936e-07,24.99959945678711,0.25,1731,2523169164261066435,4296649,39.43299396,26.00165254,0.4502240121364593,0.4266940057277679,56143.7089132,24.70170021057129,0.8773400187492371,-999.0,0.021128000691533,-999.0,-999.0,35651585,4,131072,11,1266.5999755859375,6049.64013671875,1.8008999824523926,1.706779956817627,1.271630048751831,1.2402700185775757,-87.61360168457031,0.0999294966459274,-999.0,0.9996349811553956,0.9996349811553956,1.496870040893555,-999.0,-999.0,-999.0,-999.0,-999.0,4.778970037477848e-07,4.192789901935612e-07,-8.519920129401726e-07,1.8000600121581556e-08,0.8839020133018494,2.75,-999.0,-999.0,-999.0,940.0,-999.0,7.440200011643583e-09,7.117479867702059e-07,25.016799926757812,0.25,1731,2523103827071076035,4053249,39.43299228,26.00165383,0.0868000984191894,0.0820629000663757,56073.3648704,23.3174991607666,0.2054290026426315,23.225400924682617,0.0133180003613233,-999.0,-999.0,35651585,4,131072,12,1266.5999755859375,6049.64013671875,0.3472000062465668,0.3282510042190552,0.9785599708557128,0.9593889713287354,-66.66290283203125,0.2650589942932129,-999.0,0.9986609816551208,0.9986609816551208,1.1419600248336792,-999.0,-999.0,-999.0,-999.0,-999.0,1.70999999227206e-06,3.512830062391004e-07,1.8614499595059897e-06,2.4790500319227252e-08,0.8527560234069824,2.25,-999.0,-999.0,-999.0,1170.0,-999.0,3.163169992603798e-08,6.878090061945841e-07,25.041000366210938,0.25,1731,2523104761763333827,4056731,39.43298846,26.00165452,0.08887480199337,0.0858822017908096,56119.4142644,22.180500030517575,0.1943379938602447,22.28529930114746,0.0116440001875162,22.456600189208984,0.3432070016860962,35651585,0,131072,12,1266.6500244140625,6049.64013671875,0.3555000126361847,0.3435289859771728,1.0835200548171997,1.0625100135803225,7.3960700035095215,0.4451499879360199,0.9083369970321656,0.997793972492218,0.997793972492218,1.1554100513458252,0.1376180052757263,-0.0117779001593589,0.1528490036725998,0.8263180255889893,0.9036629796028136,4.872839781455696e-06,9.469770247960696e-07,4.424619874043856e-06,5.1521599431225695e-08,0.8689860105514526,2.5,3.7789600355608854e-06,1.2969700264875428e-06,2.0657899379730225,660.0,0.1151359975337982,6.523730178287225e-08,1.4817300098002306e-06,25.017499923706055,0.25,1731,2523108760109450947,4071626,39.43299243,26.00165311,0.1733260005712509,0.1640300005674362,56051.8582931,22.56010055541992,0.501899003982544,-999.0,0.0196630004793405,-999.0,-999.0,35651585,4,131072,13,1266.5999755859375,6049.64013671875,0.6933069825172424,0.6561220288276672,0.805105984210968,0.7662929892539978,-70.96739959716797,1.2244900465011597,-999.0,0.9990820288658142,0.9990820288658142,1.3472900390625,-999.0,-999.0,-999.0,-999.0,-999.0,3.43540000358189e-06,1.7242299463759991e-06,-1.0386900157755008e-06,2.0423900792820863e-08,0.8504840135574341,2.0,-999.0,-999.0,-999.0,860.0,-999.0,2.157070042585474e-07,3.418949972910923e-06,25.05430030822754,0.25,0.0075410924131797,,,,,,,,,,,,,,,,,
PSO J023743.059+255959.257,-999,-999,-999,139200394293940307,946363000019577,164583146802296,0,17564787747441,13920,1,1857,45,0.56338512670564,946363,38320,3,512024576,61,39.42941607,25.9997937,0.0010000000474974,0.0010000000474974,39.42940499,25.99978233,0.0102399997413158,0.0094299996271729,55882.89012731,1.8280999660491943,0.6942367457203323,0.5708494304492978,0.4383677322150376,45.15966429749672,10.085854898418011,150.9130292172685,-31.034152909577745,-999,10,52,2,10,13,13,14,1121594000004825,0,1,1895,2523116944169633639,4102114,39.42945427,25.99979356,0.0350163988769054,0.0328887999057769,55882.7709466,21.899599075317383,0.0631669983267784,21.027099609375,0.0054469997994601,20.854000091552734,0.0573569983243942,262160391,655360,0,8,1312.4000244140625,237.91400146484375,0.140065997838974,0.1315550059080124,1.2723900079727173,1.2065399885177612,-14.919899940490724,0.4220249950885772,4.0403299507649084e-38,0.9984149932861328,0.9984149932861328,1.2485899925231934,0.3628230094909668,0.0168332997709512,0.32880699634552,1.5950599908828735,0.9720770120620728,6.312100140348775e-06,3.987140075878415e-07,1.409779997629812e-05,7.679520308556675e-08,0.9003080129623413,3.25,1.6534500900888816e-05,9.483729854764532e-07,3.987649917602539,946.0,12.908300399780272,2.4063300685384093e-08,5.73790998714685e-07,24.974300384521484,0.25,1895,2523169177951274855,4296700,39.4294145,25.99978843,0.0093256495893001,0.008740940131247,56195.1524026,20.247900009155273,0.0171739999204874,19.84779930114746,0.0026179999113082,19.857099533081055,0.0215029995888471,262160391,524416,0,8,1312.9200439453125,237.802001953125,0.0373025014996528,0.0349637009203434,1.3041399717330933,1.246790051460266,-89.85250091552734,0.1625770032405853,2.4904301249515373e-16,0.9990230202674866,0.9990230202674866,1.5669000148773191,0.2764489948749542,0.016109399497509,0.2539370059967041,1.3322800397872925,0.9772210121154784,2.8895599825773388e-05,4.962599859936745e-07,4.177229857305065e-05,1.0934199679013545e-07,0.8996679782867432,3.0,4.141469980822876e-05,8.905220170163375e-07,3.330699920654297,1360.0,8.19575023651123,1.6942999891966792e-08,6.799029961257474e-07,24.99839973449707,0.25,1895,2523103828950124391,4053256,39.42941066,25.99979457,0.0037318901158869,0.0034756900276988,56152.0322447,19.709400177001953,0.0088090002536773,19.2362003326416,0.0018649999983608,18.98189926147461,0.0125320004299283,262160391,524416,0,14,1312.9599609375,237.88800048828125,0.0149274999275803,0.0139026995748281,0.9543730020523072,0.94473397731781,-54.387699127197266,0.3018989861011505,0.0,0.997290015220642,0.997290015220642,2.4909799098968506,0.1699589937925338,0.0039653098210692,0.1585759967565536,1.6940399408340454,0.9168069958686828,4.745000114780851e-05,4.18007999769543e-07,7.336970156757161e-05,1.368539983559458e-07,0.8684750199317932,2.25,9.27321016206406e-05,1.162159946943575e-06,4.235099792480469,1530.0,14.863699913024902,2.8441800026257624e-08,6.811980028942344e-07,25.03459930419922,0.25,1895,2523104764179253095,4056740,39.42941632,25.99977554,0.0054459501989185,0.0051032002083957,56077.0392398,19.20330047607422,0.0123800002038478,18.780099868774418,0.0021440000273287,18.620399475097656,0.0169980004429817,262160391,524416,0,15,1312.9000244140625,237.6300048828125,0.0217838007956743,0.0204128008335828,1.0936399698257446,1.0601099729537964,7.371240139007568,0.5051590204238892,8.058450193621445e-29,0.9972230195999146,0.9972230195999146,1.624400019645691,0.2188400030136108,0.0050163501873612,0.2063200026750564,1.5082999467849731,0.9505599737167358,7.562500104540959e-05,9.362299806525698e-07,0.0001116799976443,2.3949399974299013e-07,0.8785349726676941,2.5,0.0001293679961236,2.19903995457571e-06,3.770750045776367,780.0,11.13949966430664,6.20838989107142e-08,1.492709998274222e-06,25.006099700927734,0.25,1895,2523108762525370215,4071635,39.4294098,25.99978811,0.007835860364139,0.0073775798082351,56076.6176255,19.138099670410156,0.0223239995539188,18.59510040283203,0.0018029999919235,18.49670028686523,0.0275090001523494,262160391,524416,0,13,1312.97998046875,237.7969970703125,0.031343400478363,0.0295103006064891,0.7782480120658875,0.7472000122070312,-63.14609909057617,1.2162699699401855,0.0,0.9971259832382202,0.9971259832382202,1.6021499633789062,0.1465560048818588,0.0003566019877325,0.1461630016565323,1.2149900197982788,0.8697839975357056,8.030630124267191e-05,1.792760031094076e-06,0.0001324220065725,2.3877899479884945e-07,0.8504840135574341,2.0,0.0001449819974368,3.988339813076891e-06,3.037480115890503,970.0,15.007399559020996,1.2414000138960546e-07,3.3777500902942847e-06,25.045499801635746,0.25,0.0079774261532482,,,,,,,,,,,,,,,,,
PSO J023743.059+255959.257,-999,-999,-999,139200394293940307,946363000019577,164583146802296,0,17564787747441,13920,1,1857,45,0.56338512670564,946363,38320,3,512024576,61,39.42941607,25.9997937,0.0010000000474974,0.0010000000474974,39.42940499,25.99978233,0.0102399997413158,0.0094299996271729,55882.89012731,1.8280999660491943,0.6942367457203323,0.5708494304492978,0.4383677322150376,45.15966429749672,10.085854898418011,150.9130292172685,-31.034152909577745,-999,10,52,2,10,13,13,14,1121788000005452,1,1,1787,2523116941485278971,4102104,39.42945073,25.99979451,0.032397698611021,0.0301766991615295,55907.0427922,21.93630027770996,0.0632150024175643,21.1200008392334,0.0062429998070001,20.938499450683594,0.0561610013246536,262160391,655360,196608,8,1312.449951171875,6022.919921875,0.1295910030603408,0.1207069978117942,1.248289942741394,1.188539981842041,-33.29199981689453,0.4088020026683807,2.22839997307688e-36,0.9991440176963806,0.9991440176963806,1.2869999408721924,0.3148390054702759,0.0129279997199773,0.283937007188797,1.4912400245666504,0.9501529932022096,6.102330189605709e-06,3.857560102460411e-07,1.2941400200361386e-05,8.07966031857177e-08,0.8996679782867432,3.0,1.5296600395231508e-05,8.59076010328863e-07,3.728090047836304,774.0,12.59570026397705,1.90348004025509e-08,5.820040200887888e-07,24.99959945678711,0.25,1787,2523169164261066491,4296649,39.42941149,25.99979383,0.0090876603499054,0.0086127202957868,56143.7089132,20.308799743652344,0.0177090000361204,19.887800216674805,0.0032049999572336,19.852500915527344,0.021748999133706,262160391,524416,196608,8,1312.97998046875,6022.89990234375,0.0363507010042667,0.0344508998095989,1.2718900442123413,1.2408499717712402,-85.60479736328125,0.1042070016264915,4.528580125573945e-16,0.9981210231781006,0.9981210231781006,1.5784900188446045,0.2571200132369995,0.014644700102508,0.2388669997453689,1.3720799684524536,0.9705449938774108,2.732030043262057e-05,4.838120162276027e-07,4.026199894724414e-05,1.290540012632846e-07,0.8917940258979797,2.75,4.159260060987435e-05,9.046029845194424e-07,3.43021011352539,940.0,8.123519897460938,6.596609924969243e-09,7.147929750317417e-07,25.016799926757812,0.25,1787,2523103827071076091,4053249,39.4294109,25.99979393,0.0036959799472242,0.0034942699130624,56073.3648704,19.712600708007812,0.00874700024724,19.246400833129883,0.0021309999283403,18.98390007019043,0.0126520004123449,262160391,524416,196608,14,1312.969970703125,6022.8798828125,0.0147839002311229,0.0139771001413464,0.9787359833717346,0.95871502161026,-68.34639739990234,0.2660259902477264,0.0,0.997281014919281,0.997281014919281,2.430569887161255,0.1695639938116073,0.004030920099467,0.1587650030851364,1.715809941291809,0.9140999913215636,4.731250010081567e-05,4.138539964060328e-07,7.268499757628888e-05,1.5491100668896254e-07,0.8684750199317932,2.25,9.256679913960396e-05,1.1711599654518068e-06,4.289539813995361,1170.0,16.50200080871582,3.47020012725352e-08,6.879889724586974e-07,25.041000366210938,0.25,1787,2523104761763333883,4056731,39.42941609,25.99977672,0.0057057701051235,0.0055136498995125,56119.4142644,19.224599838256836,0.0124770002439618,18.794300079345703,0.0023330000694841,18.638099670410156,0.0170319993048906,262160391,524416,196608,15,1312.9000244140625,6022.6298828125,0.0228231009095907,0.0220545995980501,1.0854699611663818,1.0648200511932373,7.431169986724853,0.4365560114383697,0.0,0.9973350167274476,0.9973350167274476,1.6303600072860718,0.2225490063428878,0.0052113598212599,0.2096679955720901,1.499690055847168,0.9506139755249025,7.415519939968362e-05,9.251970141122e-07,0.0001102270034607,2.571549941876583e-07,0.8785349726676941,2.5,0.0001272759982384,2.167719912904431e-06,3.749229907989502,660.0,13.250800132751465,7.373059673909665e-08,1.486449946241919e-06,25.017499923706055,0.25,1787,2523108760109451003,4071626,39.42941606,25.99978797,0.0075508398003876,0.0071458602324128,56051.8582931,19.12739944458008,0.0218649990856647,18.60650062561035,0.0019280000124126,18.522300720214844,0.0267869997769594,262160391,524416,196608,14,1312.9100341796875,6022.81005859375,0.0302034001797437,0.028583500534296,0.8065670132637024,0.7674779891967773,-70.74600219726562,1.2221599817276,9.843349773552123e-35,0.9975289702415466,0.9975289702415466,1.635949969291687,0.1531810015439987,0.0005643619806505,0.1523080021142959,1.2006900310516355,0.8824440240859985,8.109989721560851e-05,1.7732400010572746e-06,0.0001310410007135,2.52608003847854e-07,0.8504840135574341,2.0,0.0001416000013705,3.7929899008304342e-06,3.0017199516296387,860.0,12.293299674987791,2.121280004985238e-07,3.41268992087862e-06,25.05430030822754,0.25,0.0079774261532482,,,,,,,,,,,,,,,,,
PSO J023742.604+255953.492,-999,-999,-999,139190394275228395,946363000019401,164583146802120,0,17564787748911,13919,1,1857,45,0.304142358064784,946363,38320,3,1375809536,164,39.42751185,25.99817296,0.0010000000474974,0.0010000000474974,39.42751728,25.99819223,0.197610005736351,0.197610005736351,56224.53090278,-999.0,0.6942649499185546,0.5708342835852042,0.4383427882358208,45.15752304206899,10.084873696937116,150.91213787182244,-31.0363492287466,-999,2,1,0,0,1,0,0,1121594000004814,0,0,1925,2523116944169633669,4102114,39.42751283,25.99816984,1.4569499492645264,1.3684300184249878,55882.7709466,-999.0,2.6282200813293457,24.803800582885746,0.031012000516057,-999.0,-999.0,35651585,4,0,6,1337.550048828125,214.5489959716797,5.82781982421875,5.473730087280273,1.2727400064468384,1.207980036735535,-14.876099586486816,0.4190550148487091,-999.0,0.9992259740829468,0.9992259740829468,1.2218400239944458,-999.0,-999.0,-999.0,-999.0,-999.0,-1.576320016738464e-07,4.142920033700648e-07,4.3497800561453914e-07,1.3489399819377468e-08,0.9003080129623413,3.25,-999.0,-999.0,-999.0,946.0,-999.0,2.5544100168417572e-08,5.755139795837749e-07,24.974300384521484,0.25,1925,2523169177951274885,4296700,39.42751311,25.99817259,0.3433310091495514,0.3218050003051758,56195.1524026,24.29010009765625,0.6322829723358154,24.564300537109375,0.0229729991406202,-999.0,-999.0,35651585,4,0,8,1337.550048828125,214.5489959716797,1.3733199834823608,1.2872200012207031,1.303380012512207,1.246500015258789,-89.01750183105469,0.1659750044345855,-999.0,0.9997010231018066,0.9997010231018066,1.2939200401306152,-999.0,-999.0,-999.0,-999.0,-999.0,6.981509841352818e-07,4.414289946907957e-07,5.423340212473704e-07,1.2458800213721588e-08,0.8775629997253418,3.0,-999.0,-999.0,-999.0,1360.0,-999.0,1.708469987704575e-08,6.816169957346574e-07,24.99839973449707,0.25,1925,2523103828950124421,4053256,39.42750563,25.99817708,0.0617970004677772,0.0575544983148574,56152.0322447,22.97249984741211,0.1458770036697387,23.17970085144043,0.0114660002291202,23.375,0.2715510129928589,35651585,0,0,14,1337.6400146484375,214.61199951171875,0.247188001871109,0.2302179932594299,0.9539999961853028,0.9443650245666504,-56.21049880981445,0.3014709949493408,-0.119108997285366,0.9986770153045654,0.9986770153045654,1.2157299518585205,0.0812043026089668,-0.012168800458312,0.0995222032070159,0.6828609704971313,0.5417420268058777,2.3496299945691135e-06,3.427570050007489e-07,1.941499931490398e-06,2.2262199195210997e-08,0.8527560234069824,2.25,1.6218300515902229e-06,4.404099911425874e-07,1.7071499824523926,1530.0,-1.5585299730300903,3.0213801238687665e-08,6.829390031271032e-07,25.03459930419922,0.25,1925,2523104764179253125,4056740,39.42751317,25.99817165,0.0910824984312057,0.0853501036763191,56077.0392398,22.331600189208984,0.207052007317543,21.84269905090332,0.0087869996204972,-999.0,-999.0,35651585,4,0,13,1337.550048828125,214.5489959716797,0.364329993724823,0.341399997472763,1.0952500104904177,1.062000036239624,7.613699913024902,0.5004919767379761,-999.0,0.9984099864959716,0.9984099864959716,1.121019959449768,-999.0,-999.0,-999.0,-999.0,-999.0,4.2400201891723555e-06,8.779039717410342e-07,6.65121979182004e-06,5.8446300243986116e-08,0.872169017791748,2.5,-999.0,-999.0,-999.0,780.0,-999.0,6.435399768633944e-08,1.4882399455018458e-06,25.006099700927734,0.25,1925,2523108762525370245,4071635,39.4275128,25.99817258,0.2187959998846054,0.2059990018606186,56076.6176255,22.820899963378903,0.623337984085083,21.95800018310547,0.0084840003401041,-999.0,-999.0,35651585,4,0,13,1337.550048828125,214.5489959716797,0.8751819729804993,0.8239960074424744,0.7785249948501587,0.7472419738769531,-63.19350051879883,1.219059944152832,-999.0,0.9990950226783752,0.9990950226783752,1.2839499711990356,-999.0,-999.0,-999.0,-999.0,-999.0,2.7017699721909594e-06,1.684119979472598e-06,5.9813000916619785e-06,5.0747399171768854e-08,0.8256160020828247,2.0,-999.0,-999.0,-999.0,970.0,-999.0,1.1865999738347457e-07,3.3749900012480794e-06,25.045499801635746,0.25,0.009438485244386,,,,,,,,,,,,,,,,,
PSO J023742.604+255953.492,-999,-999,-999,139190394275228395,946363000019401,164583146802120,0,17564787748911,13919,1,1857,45,0.304142358064784,946363,38320,3,1375809536,164,39.42751185,25.99817296,0.0010000000474974,0.0010000000474974,39.42751728,25.99819223,0.197610005736351,0.197610005736351,56224.53090278,-999.0,0.6942649499185546,0.5708342835852042,0.4383427882358208,45.15752304206899,10.084873696937116,150.91213787182244,-31.0363492287466,-999,2,1,0,0,1,0,0,1121788000005442,1,0,1819,2523116941485279003,4102104,39.4275088,25.99817105,0.8769429922103882,0.8168230056762695,55907.0427922,-999.0,1.7110899686813354,-999.0,0.02810800075531,-999.0,-999.0,35651585,4,196608,6,1337.5999755859375,5999.56005859375,3.50777006149292,3.2672998905181885,1.2477500438690186,1.188349962234497,-33.427101135253906,0.4091030061244964,-999.0,0.9996820092201232,0.9996820092201232,1.2467000484466553,-999.0,-999.0,-999.0,-999.0,-999.0,-2.3453000608242294e-07,4.013029979432759e-07,-5.940049732089392e-07,1.6695999249805027e-08,0.884194016456604,3.0,-999.0,-999.0,-999.0,774.0,-999.0,1.9412700780208073e-08,5.849469744134694e-07,24.99959945678711,0.25,1819,2523169164261066523,4296649,39.4275109,25.99817175,0.3172760009765625,0.30069500207901,56143.7089132,24.292699813842773,0.6182690262794495,24.36599922180176,0.0252069998532533,-999.0,-999.0,35651585,4,196608,8,1337.5999755859375,5999.56005859375,1.2691099643707275,1.20278000831604,1.2720600366592407,1.2411199808120728,-84.52960205078125,0.1064769998192787,-999.0,0.999629020690918,0.999629020690918,1.284060001373291,-999.0,-999.0,-999.0,-999.0,-999.0,6.964659746699908e-07,4.3060398979832826e-07,6.51040011234727e-07,1.6410700354185792e-08,0.8839020133018494,2.75,-999.0,-999.0,-999.0,940.0,-999.0,5.469449781969615e-09,7.162900033108599e-07,25.016799926757812,0.25,1819,2523103827071076123,4053249,39.42750767,25.9981789,0.0604548007249832,0.0571555010974407,56073.3648704,22.949399948120117,0.1430779993534088,23.084999084472656,0.0124840000644326,23.3435001373291,0.2644909918308258,35651585,0,196608,14,1337.6199951171875,5999.64013671875,0.2418189942836761,0.2286220043897628,0.97884202003479,0.9583439826965332,-69.18260192871094,0.266539990901947,-0.0925391018390655,0.9986640214920044,0.9986640214920044,1.206769943237305,0.0868389010429382,-0.012687399983406,0.1004580035805702,0.6818990111351013,0.6654109954833984,2.4001299152587308e-06,3.434059863138828e-07,2.1184500837989617e-06,2.6446599576956945e-08,0.8527560234069824,2.25,1.669539983595314e-06,4.415769865317998e-07,1.7047499418258667,1170.0,-1.6821500062942505,3.45834010317958e-08,6.883749961161811e-07,25.041000366210938,0.25,1819,2523104761763333915,4056731,39.42750879,25.99817332,0.0921569988131523,0.0890538021922111,56119.4142644,22.31439971923828,0.2015150040388107,21.81889915466309,0.0093930000439286,-999.0,-999.0,35651585,4,196608,13,1337.5999755859375,5999.56005859375,0.3686290085315704,0.3562160134315491,1.0865099430084229,1.0660500526428225,7.450520038604736,0.4319660067558288,-999.0,0.9982270002365112,0.9982270002365112,1.1193900108337402,-999.0,-999.0,-999.0,-999.0,-999.0,4.307739800424315e-06,8.680730161358952e-07,6.799220045650145e-06,6.386760276200222e-08,0.872169017791748,2.5,-999.0,-999.0,-999.0,660.0,-999.0,7.582710281894833e-08,1.489710030000424e-06,25.017499923706055,0.25,1819,2523108760109451035,4071626,39.42750937,25.99817233,0.2446160018444061,0.2314960062503814,56051.8582931,22.965900421142575,0.7083309888839722,21.74970054626465,0.0081979995593428,-999.0,-999.0,35651585,4,196608,14,1337.5999755859375,5999.56005859375,0.9784650206565856,0.9259859919548036,0.807345986366272,0.7681090235710144,-70.62930297851562,1.2209199666976929,-999.0,0.9990649819374084,0.9990649819374084,1.3015899658203125,-999.0,-999.0,-999.0,-999.0,-999.0,2.3638999664399307e-06,1.6744199911045143e-06,7.246039785968605e-06,5.9400900198625095e-08,0.8405370116233826,2.0,-999.0,-999.0,-999.0,860.0,-999.0,2.0560599978125538e-07,3.412659907553462e-06,25.05430030822754,0.25,0.009438485244386,,,,,,,,,,,,,,,,,
PSO J023742.377+260002.987,-999,-999,-999,139200394265761549,946363000055592,164583146839475,0,17564787749593,13920,1,1857,55,0.948096916962505,946363,38320,3,1075314688,128,39.42657397,26.00082975,0.0010000000474974,0.0010000000474974,39.42657397,26.00082975,0.0010000000474974,0.0010000000474974,56059.0778125,-999.0,0.6942587606328878,0.5708100375337881,0.4383841629611658,45.157540934865786,10.08764408363602,150.90983166944673,-31.034407448597555,-999,1,0,0,0,0,0,0,1121788000006894,0,0,1838,2523116941485279022,4102104,39.4265734,26.00082905,0.283066987991333,0.2636620104312897,55907.0427922,24.36639976501465,0.5523219704627991,23.09269905090332,0.0154860001057386,-999.0,-999.0,35651585,4,131072,8,1349.6800537109375,6037.83984375,1.1322699785232544,1.0546499490737915,1.247499942779541,1.1882599592208862,-33.49250030517578,0.4092470109462738,-999.0,0.9994109869003296,0.9994109869003296,1.199079990386963,-999.0,-999.0,-999.0,-999.0,-999.0,6.507800094368577e-07,3.594400084239169e-07,2.10336997952254e-06,3.2573201025343224e-08,0.8996679782867432,3.0,-999.0,-999.0,-999.0,774.0,-999.0,1.914539993208564e-08,5.813610073346354e-07,24.99959945678711,0.25,1838,2523169164261066542,4296649,39.42657551,26.00082975,0.8715699911117554,0.8260200023651123,56143.7089132,25.519699096679688,1.6984100341796875,-999.0,0.0311760008335113,-999.0,-999.0,35651585,4,131072,10,1349.6800537109375,6037.83984375,3.4862799644470215,3.304080009460449,1.2721400260925293,1.2412500381469729,-84.00070190429688,0.1075910031795501,-999.0,0.998354971408844,0.998354971408844,1.4520200490951538,-999.0,-999.0,-999.0,-999.0,-999.0,2.2496999463328393e-07,3.8209199715311115e-07,-3.912940087502648e-07,1.2198899668192098e-08,0.8839020133018494,2.75,-999.0,-999.0,-999.0,940.0,-999.0,6.763760218575498e-09,7.15991006927652e-07,25.016799926757812,0.25,1838,2523103827071076142,4053249,39.42657665,26.00082711,0.0698146000504493,0.0660044997930526,56073.3648704,23.068599700927734,0.1652300059795379,22.590499877929688,0.0099419998005032,22.580799102783203,0.2014369964599609,35667969,0,131072,12,1349.6400146484375,6037.7900390625,0.2792580127716064,0.2640179991722107,0.978896975517273,0.9581599831581116,-69.57620239257812,0.2667900025844574,0.0004678260011132,0.9987109899520874,0.9987109899520874,1.163849949836731,0.1406649947166443,0.0143485004082322,0.1591079980134964,1.0168399810791016,0.8272500038146973,2.150509999410133e-06,3.553280123469449e-07,3.3403400720999343e-06,3.3209001770728725e-08,0.8684750199317932,2.25,3.370400008861907e-06,6.789219924030476e-07,2.5420899391174316,1170.0,3.49852991104126,3.654200142477748e-08,6.874980158499966e-07,25.041000366210938,0.25,1838,2523104761763333934,4056731,39.4265734,26.00083132,0.2035039961338043,0.1966509968042373,56119.4142644,23.20439910888672,0.4449909925460815,22.58289909362793,0.0133549999445676,-999.0,-999.0,35651585,4,131072,15,1349.6800537109375,6037.83984375,0.8140169978141785,0.786607027053833,1.0870100259780884,1.0666500329971311,7.460179805755615,0.4297209978103637,-999.0,0.9973350167274476,0.9973350167274476,1.1196099519729614,-999.0,-999.0,-999.0,-999.0,-999.0,1.8977799527419847e-06,8.44496014451579e-07,3.3638500553934136e-06,4.4923101683025386e-08,0.8785349726676941,2.5,-999.0,-999.0,-999.0,660.0,-999.0,7.411740199358975e-08,1.4869500546410563e-06,25.017499923706055,0.25,1838,2523108760109451054,4071626,39.42657397,26.00083033,0.1824419945478439,0.1726569980382919,56051.8582931,22.652700424194336,0.5282959938049316,-999.0,0.0227710008621215,-999.0,-999.0,35651585,4,131072,15,1349.6800537109375,6037.83984375,0.7297700047492981,0.6906300187110901,0.8077269792556763,0.76841801404953,-70.57250213623047,1.2203099727630615,-999.0,0.9978569746017456,0.9978569746017456,1.3916300535202026,-999.0,-999.0,-999.0,-999.0,-999.0,3.15431998387794e-06,1.666419962020882e-06,-7.745189805064001e-07,1.763650026020969e-08,0.8504840135574341,2.0,-999.0,-999.0,-999.0,860.0,-999.0,2.1726400234456378e-07,3.423280077186064e-06,25.05430030822754,0.25,0.0068493089730163,,,,,,,,,,,,,,,,,
PSO J023744.816+255941.990,-999,-999,-999,139190394367314538,946363000020262,164583146802981,0,17564787774243,13919,1,1857,45,0.0557596805093434,946363,38320,3,436527104,52,39.43673561,25.99499743,0.0010000000474974,0.0010000000474974,39.43672884,25.99499646,0.0059299999848008,0.0054100002162158,55886.13445602,1.0449999570846558,0.6941920485247469,0.5709614245553317,0.4382926550089124,45.16449961949134,10.079253855789831,150.92242726424854,-31.035332127710095,-999,10,55,7,10,13,13,12,1121594000004874,0,1,1760,2523116944169633504,4102114,39.43673426,25.99498053,0.0267532002180814,0.02512769959867,55882.7709466,21.41069984436035,0.048259999603033,21.18470001220703,0.0058570001274347,21.2632999420166,0.066501997411251,262160391,524416,0,5,1218.219970703125,168.5500030517578,0.107013002038002,0.1005109995603561,1.2711000442504885,1.20114004611969,-15.071200370788574,0.4331519901752472,3.633199958130717e-05,0.9987990260124208,0.9987990260124208,1.266800045967102,0.2419539988040924,0.0143584003672003,0.273932009935379,1.164289951324463,0.7998679876327515,9.902159945340829e-06,4.77883020266745e-07,1.2192899703222793e-05,7.141880331573702e-08,0.902191996574402,3.25,1.1341699973854702e-05,7.542440130237082e-07,2.910720109939575,946.0,4.129650115966797,1.6998200180751155e-08,5.819239845550328e-07,24.974300384521484,0.25,1760,2523169177951274720,4296700,39.43673598,25.9949985,0.0106186000630259,0.0114593999460339,56195.1524026,20.225400924682617,0.0168290007859468,20.252500534057617,0.0031540000345557,20.337299346923828,0.0253090001642704,262144069,524416,0,11,1218.199951171875,168.77000427246094,0.0424745008349418,0.0458373986184597,1.307289958000183,1.247630000114441,87.05280303955078,0.1494919955730438,0.7831869721412659,0.9990090131759644,0.9990090131759644,1.4680999517440796,0.1984100043773651,-0.0016441500047221,0.207164004445076,0.9374380111694336,0.805508017539978,2.950029920611996e-05,4.964600179846457e-07,2.8774000384146348e-05,9.074930318320185e-08,0.8930360078811646,3.0,2.66128008661326e-05,6.735439797012077e-07,2.343600034713745,1360.0,0.2751680016517639,9.970150038896008e-09,6.843329742878268e-07,24.99839973449707,0.25,1760,2523103828950124256,4053256,39.4367335,25.99499747,0.0034958999603986,0.0034733600914478,56152.0322447,19.344900131225582,0.0071680000983178,19.366500854492188,0.0019809999503195,19.468700408935547,0.0112239997833967,262144069,524416,0,12,1218.22998046875,168.7519989013672,0.0139835998415946,0.0138934003189206,0.955977976322174,0.9459699988365172,-47.61000061035156,0.3035460114479065,-0.8861629962921143,0.9981259703636168,0.9981259703636168,1.1604100465774536,0.1174260005354881,-0.0017990899505093,0.1166630014777183,0.9252200126647948,0.7439039945602417,6.637880142079666e-05,4.758099976243102e-07,6.507200305350125e-05,1.2888300204849656e-07,0.8645449876785278,2.25,5.922660056967288e-05,6.647840109508252e-07,2.3130500316619873,1530.0,-0.1431609988212585,1.9834200060131483e-08,6.895700153108919e-07,25.03459930419922,0.25,1760,2523104764179252960,4056740,39.43673524,25.99499502,0.0068571800366044,0.0066293100826442,56077.0392398,18.986900329589844,0.0117560001090168,18.929000854492188,0.0022970000281929,19.03730010986328,0.0174570009112358,262144069,524416,0,12,1218.2099609375,168.73300170898438,0.0274286996573209,0.0265171993523836,1.0874899625778198,1.0528600215911863,6.481180191040039,0.5230759978294373,0.2291499972343444,0.9970149993896484,0.9970149993896484,1.1538000106811523,0.1663980036973953,-0.0029183200094848,0.1568289995193481,0.9723820090293884,0.8186609745025635,9.231000149156898e-05,1.0852199920918792e-06,9.73623973550275e-05,2.236159986068742e-07,0.8817179799079895,2.5,8.811729640001431e-05,1.538300011816318e-06,2.4309499263763428,780.0,1.2025500535964966,5.4044800634756036e-08,1.482609945924196e-06,25.006099700927734,0.25,1760,2523108762525370080,4071635,39.43673622,25.99500165,0.0076597300358116,0.0078860502690076,56076.6176255,18.76919937133789,0.0171639993786811,18.715999603271484,0.0019059999613091,18.867799758911133,0.0280680004507303,262144069,524416,0,11,1218.199951171875,168.81500244140625,0.03063889965415,0.0315441004931926,0.7771660089492798,0.7470300197601318,-62.95539855957031,1.2054799795150757,0.3365049958229065,0.996783971786499,0.996783971786499,1.3581000566482544,0.1017130017280578,0.0014663100009784,0.1061979979276657,0.8423179984092712,0.7024739980697632,0.000112806999823,1.9362300918146502e-06,0.00011847299902,2.2585300030186775e-07,0.8455110192298889,2.0,0.0001030100029311,2.8912600100738928e-06,2.105799913406372,970.0,0.9610940217971802,1.3308999768923968e-07,3.410609906495665e-06,25.045499801635746,0.25,0.014969358576857,,,,,,,,,,,,,,,,,
PSO J023744.816+255941.990,-999,-999,-999,139190394367314538,946363000020262,164583146802981,0,17564787774243,13919,1,1857,45,0.0557596805093434,946363,38320,3,436527104,52,39.43673561,25.99499743,0.0010000000474974,0.0010000000474974,39.43672884,25.99499646,0.0059299999848008,0.0054100002162158,55886.13445602,1.0449999570846558,0.6941920485247469,0.5709614245553317,0.4382926550089124,45.16449961949134,10.079253855789831,150.92242726424854,-31.035332127710095,-999,10,55,7,10,13,13,12,1121788000005494,1,1,1657,2523116941485278841,4102104,39.4367351,25.99498618,0.0247530993074178,0.023056099191308,55907.0427922,21.444599151611328,0.0482980012893676,21.19610023498535,0.0064659998752176,21.314800262451172,0.0657920017838478,262160391,524416,196608,5,1218.2099609375,5953.6201171875,0.0990123003721237,0.092224396765232,1.250300049781799,1.18927001953125,-32.799598693847656,0.4076769948005676,0.0021577500738203,0.9994230270385742,0.9994230270385742,1.2694499492645264,0.2195570021867752,0.0087503297254443,0.247188001871109,1.11913001537323,0.8035240173339844,9.597770258551463e-06,4.635550112652709e-07,1.206579963763943e-05,7.80152973334225e-08,0.8996679782867432,3.0,1.0816799658641685e-05,7.11654024598829e-07,2.797840118408203,774.0,3.067610025405884,1.6215500053817777e-08,5.893949719393277e-07,24.99959945678711,0.25,1657,2523169164261066361,4296649,39.43673682,25.99499738,0.0101661002263426,0.0107340002432465,56143.7089132,20.230300903320312,0.0164379999041557,20.23259925842285,0.0037569999694824,20.343000411987305,0.0255479998886585,262144069,524416,196608,11,1218.2099609375,5953.77001953125,0.0406643003225326,0.042936198413372,1.2714300155639648,1.2395800352096558,-89.66940307617188,0.0954637974500656,0.8536930084228516,0.9983320236206056,0.9983320236206056,1.4303300380706787,0.1867039948701858,-0.0042743901722133,0.1891739964485168,0.9504579901695251,0.7997589707374573,2.93691991828382e-05,4.827800239581848e-07,2.930650043708738e-05,1.101039970308193e-07,0.8865320086479187,2.75,2.6472500394447707e-05,6.76329023008293e-07,2.376149892807007,940.0,0.1844090074300766,5.373789857543443e-09,7.09770972662227e-07,25.016799926757812,0.25,1657,2523103827071075961,4053249,39.4367346,25.99499685,0.0035050199367105,0.0035505900159478,56073.3648704,19.35540008544922,0.0071629998274147,19.37420082092285,0.0022599999792873,19.468599319458008,0.0114129995927214,262144069,524416,196608,12,1218.219970703125,5953.75,0.014020100235939,0.0142024001106619,0.978413999080658,0.9600520133972168,-64.74649810791016,0.2640509903430938,-0.5747659802436829,0.9981229901313782,0.9981229901313782,1.1983200311660769,0.1176069974899292,-0.0022118499036878,0.1166070029139518,0.9330229759216307,0.7427939772605896,6.573859718628228e-05,4.70874994107362e-07,6.461240263888612e-05,1.460559957422447e-07,0.8645449876785278,2.25,5.9231198974885046e-05,6.760309929632058e-07,2.3325600624084473,1170.0,-0.5610470175743103,2.462540038550287e-08,6.884379786242789e-07,25.041000366210938,0.25,1657,2523104761763333753,4056731,39.43673505,25.99499614,0.0067611997947096,0.0066132000647485,56119.4142644,19.00079917907715,0.0118089998140931,18.939699172973633,0.0024949999060481,19.048799514770508,0.017467999830842,262144069,524416,196608,12,1218.2099609375,5953.72998046875,0.0270447991788387,0.0264528002589941,1.0814800262451172,1.060089945793152,7.36076021194458,0.4541400074958801,0.1415909975767135,0.9971230030059814,0.9971230030059814,1.1562000513076782,0.167614996433258,-0.0027060599531978,0.1594859957695007,0.9682329893112184,0.8198300004005432,9.1132998932153e-05,1.0761799558167695e-06,9.640929783927275e-05,2.404979966286192e-07,0.8817179799079895,2.5,8.71934971655719e-05,1.5231199768095394e-06,2.4205799102783203,660.0,1.469889998435974,5.6051700170201e-08,1.484909944338142e-06,25.017499923706055,0.25,1657,2523108760109450873,4071626,39.4367376,25.99499894,0.0079458700492978,0.0082988897338509,56051.8582931,18.80340003967285,0.0174209997057914,18.74959945678711,0.0020590000785887,18.92110061645508,0.0285149998962879,262144069,524416,196608,12,1218.18994140625,5953.7900390625,0.0317834988236427,0.0331955999135971,0.8035780191421509,0.7650520205497742,-71.2030029296875,1.2269200086593628,0.3589380085468292,0.9966279864311218,0.9966279864311218,1.3924100399017334,0.1061199977993965,0.0014791400171816,0.1126409992575645,0.8526250123977661,0.7188630104064941,0.0001093070022761,1.9041799532715231e-06,0.0001148599985754,2.364979962976577e-07,0.8455110192298889,2.0,9.807579772314055e-05,2.7966700599790784e-06,2.1315600872039795,860.0,0.917389988899231,1.9074199997248797e-07,3.4199899801024003e-06,25.05430030822754,0.25,0.014969358576857,,,,,,,,,,,,,,,,,
PSO J023744.390+255934.383,-999,-999,-999,139190394350182006,946363000020087,164583146802806,0,17564787775231,13919,1,1857,45,0.974842217727417,946363,38320,3,436285440,52,39.43496157,25.99288438,0.0010000000474974,0.0010000000474974,39.43502016,25.99285948,0.1035099998116493,0.1035099998116493,55484.55392361,0.3973000049591064,0.6942217006436502,0.5709511053984292,0.4382591306518892,45.16234034334631,10.0777028014864,150.9219990906436,-31.03793805599066,-999,9,2,0,0,2,0,0,1121594000004859,0,0,1796,2523116944169633540,4102114,39.43510657,25.99300973,0.0947649031877517,0.0890071019530296,55882.7709466,23.032800674438477,0.1709479987621307,22.505699157714844,0.0107620004564523,22.992599487304688,0.2318219989538192,35651585,0,0,8,1239.300048828125,140.18299865722656,0.3790600001811981,0.3560279905796051,1.2713899612426758,1.2023500204086304,-15.038999557495115,0.430660992860794,0.0105999000370502,0.9984179735183716,0.9984179735183716,1.2411400079727173,0.3091480135917663,0.0077583501115441,0.1876460015773773,0.964380979537964,0.8247860074043274,2.2226299734029453e-06,3.799530077230884e-07,3.6116200590186054e-06,3.8869600871294097e-08,0.902191996574402,3.25,2.306469923496479e-06,5.346910256776027e-07,2.410949945449829,946.0,2.555619955062866,1.94817992849039e-08,5.823209789923567e-07,24.974300384521484,0.25,1796,2523169177951274756,4296700,39.43492953,25.99287936,0.086201898753643,0.0807972028851509,56195.1524026,22.924400329589844,0.1587509959936142,22.850500106811523,0.0104339998215436,22.951400756835938,0.2201779931783676,35651585,0,0,13,1241.5999755859375,138.26800537109375,0.3448069989681244,0.3231880068778991,1.306480050086975,1.2474600076675415,87.79979705810547,0.1527329981327057,0.5099819898605347,0.9996650218963624,0.9996650218963624,1.4246000051498413,0.2694750130176544,-0.0274007990956306,0.1447930037975311,0.8911120295524597,0.6876000165939331,2.4560399651818443e-06,3.898979912264622e-07,2.6291600079275668e-06,2.7431699578528423e-08,0.8996679782867432,3.0,2.395790033915546e-06,5.274990257930767e-07,2.2277801036834717,1360.0,0.6588659882545471,1.0279100237653438e-08,6.862899795123667e-07,24.99839973449707,0.25,1796,2523103828950124292,4053256,39.43496198,25.99285751,0.0334229990839958,0.0311283990740776,56152.0322447,22.279300689697266,0.0788979977369308,22.32159996032715,0.0077240001410245,22.380599975585938,0.1166559979319572,35651585,0,0,14,1241.1800537109375,137.9499969482422,0.1336919963359832,0.1245139986276626,0.9555649757385254,0.9456959962844848,-49.19660186767578,0.3031469881534576,0.6538800001144409,0.9965760111808776,0.9965760111808776,1.1777700185775757,0.1214910000562667,0.0088619301095604,0.1243970021605491,0.7156640291213989,0.7263500094413757,4.449199877853971e-06,3.510320141231205e-07,4.279249878891278e-06,3.305079943061173e-08,0.8606160283088684,2.25,4.052869826409733e-06,4.727909868051938e-07,1.7891600131988523,1530.0,0.4483790099620819,2.2450299397291932e-08,6.910850061103702e-07,25.03459930419922,0.25,1796,2523104764179252996,4056740,39.43493966,25.99288473,0.0497426986694335,0.0466120988130569,56077.0392398,21.629899978637695,0.1130769997835159,21.584999084472656,0.0078039998188614,21.67460060119629,0.1498890072107315,35651585,0,0,14,1241.469970703125,138.35800170898438,0.1989710032939911,0.1864479929208755,1.0889999866485596,1.0546300411224363,6.693459987640381,0.518684983253479,0.3364500105381012,0.997560977935791,0.997560977935791,1.1631799936294556,0.1587119996547699,-0.0372754000127315,0.1726450026035308,0.7747690081596375,0.6706309914588928,8.091469680948649e-06,9.149570132649388e-07,8.433589755441062e-06,6.58131966702058e-08,0.8689860105514526,2.5,7.765210284560453e-06,1.1639200465651811e-06,1.9369200468063352,780.0,0.9612039923667908,5.822739979066682e-08,1.4761700413146173e-06,25.006099700927734,0.25,1796,2523108762525370116,4071635,39.43495854,25.99285523,0.0749171003699302,0.0705355033278465,56076.6176255,21.717199325561523,0.2134349942207336,21.752300262451172,0.0077169998548924,-999.0,-999.0,35651585,4,0,15,1241.219970703125,137.9199981689453,0.29966801404953,0.2821420133113861,0.7774310111999512,0.7470719814300537,-63.00299835205078,1.208109974861145,-999.0,0.9968370199203492,0.9968370199203492,1.3488199710845947,-999.0,-999.0,-999.0,-999.0,-999.0,7.4663398663687985e-06,1.5935800092847785e-06,7.229260063468246e-06,5.5790799535770936e-08,0.8504840135574341,2.0,-999.0,-999.0,-999.0,970.0,-999.0,1.2460699849725645e-07,3.397409955141484e-06,25.045499801635746,0.25,0.0161295722493719,,,,,,,,,,,,,,,,,
PSO J023744.390+255934.383,-999,-999,-999,139190394350182006,946363000020087,164583146802806,0,17564787775231,13919,1,1857,45,0.974842217727417,946363,38320,3,436285440,52,39.43496157,25.99288438,0.0010000000474974,0.0010000000474974,39.43502016,25.99285948,0.1035099998116493,0.1035099998116493,55484.55392361,0.3973000049591064,0.6942217006436502,0.5709511053984292,0.4382591306518892,45.16234034334631,10.0777028014864,150.9219990906436,-31.03793805599066,-999,9,2,0,0,2,0,0,1121788000005478,1,0,1699,2523116941485278883,4102104,39.43508666,25.9929985,0.0862288996577262,0.0803174003958702,55907.0427922,23.048200607299805,0.1682499945163726,22.615800857543945,0.0124329999089241,22.706899642944336,0.18470199406147,35651585,0,196608,8,1239.56005859375,5925.009765625,0.3449159860610962,0.3212699890136719,1.2498400211334229,1.1891000270843506,-32.9093017578125,0.4079320132732391,0.0043779402039945,0.9988459944725036,0.9988459944725036,1.2675100564956665,0.2744550108909607,0.0036638299934566,0.179637998342514,1.0350500345230105,0.8420810103416443,2.1913699583819835e-06,3.686980107886484e-07,3.2634300168865593e-06,4.05733011632492e-08,0.8996679782867432,3.0,3.000860033353092e-06,5.542639769373636e-07,2.5876200199127197,774.0,2.849560022354126,1.7162699705863815e-08,5.923109824834683e-07,24.99959945678711,0.25,1699,2523169164261066403,4296649,39.43495231,25.99287172,0.0781593024730682,0.0740746036171913,56143.7089132,22.908599853515625,0.1523070037364959,22.97050094604492,0.013256000354886,22.83209991455078,0.1849420070648193,35651585,0,196608,13,1241.3299560546875,5923.18017578125,0.3126380145549774,0.296299010515213,1.2715100049972534,1.2399200201034546,-88.69300079345703,0.0975989028811454,0.1649550050497055,0.9982500076293944,0.9982500076293944,1.511330008506775,0.2563770115375519,-0.0392973013222217,0.1566299945116043,0.8417890071868896,0.3801450133323669,2.4921200747485273e-06,3.795680072471441e-07,2.3539200810773764e-06,3.120459979299994e-08,0.8891630172729492,2.75,2.674029929039534e-06,4.945420073454443e-07,2.1044700145721436,940.0,1.3885999917984009,4.325260150039867e-09,7.115389735190547e-07,25.016799926757812,0.25,1699,2523103827071076003,4053249,39.43496116,25.99285709,0.0335800983011722,0.0317475013434886,56073.3648704,22.29640007019043,0.079474002122879,22.30500030517578,0.0087169995531439,22.443199157714844,0.1336960047483444,35651585,0,196608,14,1241.18994140625,5922.9501953125,0.1343200057744979,0.1269900053739547,0.9784780144691468,0.95974200963974,-65.67720031738281,0.2645300030708313,0.6335139870643616,0.9969040155410768,0.9969040155410768,1.196179986000061,0.1243010014295578,0.0100245997309684,0.1196760013699531,0.771589994430542,0.7190170288085938,4.379559868539218e-06,3.48060012811402e-07,4.345280103734694e-06,3.7876400682534956e-08,0.8645449876785278,2.25,3.825699877779698e-06,5.114820282869914e-07,1.9289699792861936,1170.0,0.4767870008945465,2.5224199617923663e-08,6.888349730616028e-07,25.041000366210938,0.25,1699,2523104761763333795,4056731,39.4349389,25.99288403,0.0513384006917476,0.0496096983551979,56119.4142644,21.632200241088867,0.1122590005397796,21.63909912109375,0.0086470004171133,21.72610092163086,0.1563210040330886,35651585,0,196608,14,1241.47998046875,5923.330078125,0.2053540050983429,0.1984390020370483,1.0824600458145142,1.0612499713897705,7.377500057220459,0.4498269855976105,0.5937449932098389,0.9970030188560486,0.9970030188560486,1.1645100116729736,0.1585820019245147,-0.0352318994700908,0.1675239950418472,0.7776780128479004,0.6400610208511353,8.074760444287676e-06,9.06463014871406e-07,8.023629561648704e-06,6.938039831538846e-08,0.8626199960708618,2.5,7.405320047837449e-06,1.157599967882561e-06,1.944200038909912,660.0,0.5334169864654541,6.050029810467096e-08,1.4887599490975845e-06,25.017499923706055,0.25,1699,2523108760109450915,4071626,39.43501558,25.992886,0.066900297999382,0.0633122026920318,56051.8582931,21.609800338745117,0.1937219947576522,21.988300323486328,0.0091500002890825,21.82990074157715,0.2919270098209381,35651585,0,196608,16,1240.489990234375,5923.3798828125,0.2676010131835937,0.2532489895820617,0.8042830228805542,0.7656239867210388,-71.09390258789062,1.2258000373840332,0.9450380206108092,0.9986140131950378,0.9986140131950378,1.3681299686431885,0.0959620028734207,0.0155084999278187,0.1148020029067993,0.6676430106163025,0.3683499991893768,8.242839612648822e-06,1.5968199704730068e-06,5.816560133098392e-06,5.322009855035503e-08,0.8405370116233826,2.0,6.730249879183248e-06,1.964740022231126e-06,1.6691099405288696,860.0,0.0689389035105705,1.837120038317153e-07,3.4149900329794036e-06,25.05430030822754,0.25,0.0161295722493719,,,,,,,,,,,,,,,,,
PSO J023744.213+255942.089,-999,-999,-999,139190394342264580,946363000055680,164583146839563,0,17564787793248,13919,1,1857,45,0.917296549228296,946363,38320,3,404226048,48,39.43422113,25.99502476,0.0010000000474974,0.0010000000474974,39.43422113,25.99502476,0.0010000000474974,0.0010000000474974,56067.90015046,-999.0,0.6942168703798113,0.5709309032427219,0.4382930989674719,45.16233354908145,10.07998407406936,150.92008259516365,-31.036354483700453,-999,4,0,0,0,0,0,0,1121594000006614,0,0,1813,2523116944169633557,4102114,39.43421711,25.99501411,0.3023310005664825,0.2839620113372803,55882.7709466,24.184499740600582,0.5453789830207825,23.86090087890625,0.0200880002230405,-999.0,-999.0,35651585,4,0,6,1250.800048828125,169.05299377441406,1.2093199491500854,1.135849952697754,1.2715500593185425,1.2029999494552612,-15.020999908447266,0.4293029904365539,-999.0,0.9981629848480223,0.9981629848480223,1.2159099578857422,-999.0,-999.0,-999.0,-999.0,-999.0,7.695169870203244e-07,4.196789973320847e-07,1.0367000413680216e-06,2.0825000390800597e-08,0.9097260236740112,3.25,-999.0,-999.0,-999.0,946.0,-999.0,1.9920999960731933e-08,5.80494997848291e-07,24.974300384521484,0.25,1813,2523169177951274773,4296700,39.43407757,25.99511128,0.0969176962971687,0.0908410996198654,56195.1524026,23.048999786376953,0.1784850060939788,24.319499969482425,0.0205230005085468,-999.0,-999.0,35651585,0,0,13,1252.6099853515625,170.41400146484375,0.3876700103282928,0.3633640110492706,1.3061100244522097,1.2473700046539309,88.15470123291016,0.1542530059814453,-0.5834869742393494,0.9996569752693176,0.9996569752693176,1.3159600496292114,0.2339850068092346,0.0862146019935607,0.1794870048761367,-999.0,-0.0879347026348114,2.189699898735853e-06,3.9082800640244386e-07,6.795290232730622e-07,1.3945900434464422e-08,0.884194016456604,3.0,-999.0,-999.0,-999.0,1360.0,-0.5482980012893677,1.1836799984621392e-08,6.842630000392091e-07,24.99839973449707,0.25,1813,2523103828950124309,4053256,39.4342269,25.99501976,0.0639339983463287,0.0595448985695838,56152.0322447,22.99650001525879,0.1509220004081726,22.885499954223633,0.0100140003487467,23.16679954528809,0.2289080023765564,35651585,0,0,14,1250.6700439453125,169.0919952392578,0.2557359933853149,0.2381789982318878,0.9553980231285096,0.9455779790878296,-49.86589813232422,0.3029820024967193,-0.8053590059280396,0.9980769753456116,0.9980769753456116,1.1564899682998655,0.0956771001219749,-0.0282978005707263,0.1441390067338943,0.6828609704971313,0.778285026550293,2.2982098926149774e-06,3.46849986954112e-07,2.545549932619906e-06,2.5491200261740232e-08,0.8724049925804138,2.25,1.9646499822556507e-06,4.497240126966062e-07,1.7071499824523926,1530.0,-0.2464179992675781,2.3232200163647576e-08,6.887099743835279e-07,25.03459930419922,0.25,1813,2523104764179253013,4056740,39.43421753,25.99501591,0.1437509953975677,0.1347029954195022,56077.0392398,22.735599517822266,0.3267790079116821,22.004199981689453,0.0094659999012947,-999.0,-999.0,35651585,4,0,12,1250.800048828125,169.05299377441406,0.5750020146369934,0.5388129949569702,1.0895999670028689,1.0553499460220337,6.779970169067383,0.5169190168380737,-999.0,0.9963099956512452,0.9963099956512452,1.1772700548171997,-999.0,-999.0,-999.0,-999.0,-999.0,2.922449994002818e-06,9.54992970036983e-07,5.73206989429309e-06,5.4257800030654835e-08,0.8785349726676941,2.5,-999.0,-999.0,-999.0,780.0,-999.0,5.796670166091644e-08,1.4813599591434468e-06,25.006099700927734,0.25,1813,2523108762525370133,4071635,39.43421715,25.99501685,0.1194100007414817,0.1124270036816597,56076.6176255,21.954299926757812,0.3401939868927002,21.053300857543945,0.0055929999798536,-999.0,-999.0,35651585,4,0,10,1250.800048828125,169.05299377441406,0.4776409864425659,0.4497050046920776,0.7775400280952454,0.7470899820327759,-63.02259826660156,1.2092000246047974,-999.0,0.9968780279159546,0.9968780279159546,1.3559099435806274,-999.0,-999.0,-999.0,-999.0,-999.0,6.002040208841208e-06,2.0418599433469353e-06,1.3762600246991497e-05,7.697789783378539e-08,0.8504840135574341,2.0,-999.0,-999.0,-999.0,970.0,-999.0,1.2620900236015586e-07,3.397859927645186e-06,25.045499801635746,0.25,0.0138193452970421,,,,,,,,,,,,,,,,,
PSO J023744.213+255942.089,-999,-999,-999,139190394342264580,946363000055680,164583146839563,0,17564787793248,13919,1,1857,45,0.917296549228296,946363,38320,3,404226048,48,39.43422113,25.99502476,0.0010000000474974,0.0010000000474974,39.43422113,25.99502476,0.0010000000474974,0.0010000000474974,56067.90015046,-999.0,0.6942168703798113,0.5709309032427219,0.4382930989674719,45.16233354908145,10.07998407406936,150.92008259516365,-31.036354483700453,-999,4,0,0,0,0,0,0,1121788000006927,1,0,1713,2523116941485278897,4102104,39.43422115,25.99502412,0.4033760130405426,0.3757219910621643,55907.0427922,24.608800888061523,0.7870680093765259,24.395200729370117,0.0282119996845722,-999.0,-999.0,35651585,4,196608,6,1250.75,5954.18994140625,1.6134999990463257,1.5028899908065796,1.2496000528335571,1.189020037651062,-32.967201232910156,0.4080660045146942,-999.0,0.9988679885864258,0.9988679885864258,1.2395700216293335,-999.0,-999.0,-999.0,-999.0,-999.0,5.205760089666001e-07,4.097279884263117e-07,6.337600098049734e-07,1.7879900227057988e-08,0.8952469825744629,3.0,-999.0,-999.0,-999.0,774.0,-999.0,1.72518994645543e-08,5.89353987834329e-07,24.99959945678711,0.25,1713,2523169164261066417,4296649,39.43408017,25.99508625,0.0905231013894081,0.0857921987771987,56143.7089132,23.06559944152832,0.1764000058174133,23.51609992980957,0.0170430000871419,23.249500274658203,0.273479014635086,35651585,0,196608,13,1252.5999755859375,5955.06982421875,0.3620930016040802,0.3431690037250519,1.2715599536895752,1.2400799989700315,-88.21330261230469,0.0986381992697715,-0.8582929968833923,0.9980040192604064,0.9980040192604064,1.3474700450897217,0.2276390045881271,0.0909562036395073,0.1662130057811737,0.8417890071868896,0.545989990234375,2.15648992707429e-06,3.804059929279902e-07,1.4242100405681413e-06,2.4272200249697562e-08,0.8839020133018494,2.75,1.8205900005341391e-06,4.978909942110477e-07,2.1044700145721436,940.0,-0.1785469949245453,4.944889830937882e-09,7.119410270206572e-07,25.016799926757812,0.25,1713,2523103827071076017,4053249,39.43422325,25.99501988,0.0636164024472236,0.0601444989442825,56073.3648704,23.003400802612305,0.1505600064992904,22.92930030822754,0.0116200000047683,23.19529914855957,0.2359379976987838,35651585,0,196608,14,1250.72998046875,5954.10009765625,0.2544659972190857,0.2405779957771301,0.9785079956054688,0.9596109986305236,-66.05239868164062,0.2647289931774139,-0.874750018119812,0.9977480173110962,0.9977480173110962,1.1791399717330933,0.0876002982258796,-0.0299970991909503,0.1478119939565658,0.6818990111351013,0.765175998210907,2.28365001930797e-06,3.438279918555054e-07,2.445050085952971e-06,2.8412099339902852e-08,0.8684750199317932,2.25,1.9136600712954532e-06,4.515040075148136e-07,1.7047499418258667,1170.0,-0.1576279997825622,2.6844299227946067e-08,6.886979804221482e-07,25.041000366210938,0.25,1713,2523104761763333809,4056731,39.43422111,25.99502638,0.1525160074234008,0.147379994392395,56119.4142644,22.776899337768555,0.3334980010986328,21.990400314331055,0.0101659996435046,-999.0,-999.0,35651585,4,196608,12,1250.75,5954.18994140625,0.6100649833679199,0.5895220041275024,1.0828499794006348,1.061710000038147,7.384339809417725,0.4481039941310882,-999.0,0.997160017490387,0.997160017490387,1.1721199750900269,-999.0,-999.0,-999.0,-999.0,-999.0,2.813580067595467e-06,9.383230121784436e-07,5.805390173918568e-06,5.901560129473182e-08,0.8817179799079895,2.5,-999.0,-999.0,-999.0,660.0,-999.0,6.236120242419929e-08,1.4874600537950755e-06,25.017499923706055,0.25,1713,2523108760109450929,4071626,39.43422172,25.99502539,0.1141019985079765,0.1079830005764961,56051.8582931,21.907699584960938,0.3304049968719482,21.12070083618164,0.0061360001564025,-999.0,-999.0,35651585,4,196608,11,1250.75,5954.18994140625,0.4564099907875061,0.4319309890270233,0.804606020450592,0.7658870220184326,-71.04409790039062,1.2252800464630127,-999.0,0.9971230030059814,0.9971230030059814,1.3870400190353394,-999.0,-999.0,-999.0,-999.0,-999.0,6.264750027185073e-06,2.06989989237627e-06,1.293399964197306e-05,7.936139923003793e-08,0.8455110192298889,2.0,-999.0,-999.0,-999.0,860.0,-999.0,1.9090199998572646e-07,3.414729917494697e-06,25.05430030822754,0.25,0.0138193452970421,,,,,,,,,,,,,,,,,
PSO J023743.610+255944.904,-999,-999,-999,139190394317085524,946363000055652,164583146839535,0,17564787793478,13919,1,1857,45,0.52653165303779,946363,38320,3,1343750144,160,39.43170849,25.99580675,0.0010000000474974,0.0010000000474974,39.43170849,25.99580675,0.0010000000474974,0.0010000000474974,56059.0778125,-999.0,0.6942372868045188,0.5708966590769264,0.4383053664571128,45.16040208748984,10.081431755832549,150.9173245714668,-31.036711422896875,-999,1,0,0,0,0,0,0,1121788000006915,1,0,1752,2523116941485278936,4102104,39.43170849,25.99580478,1.4559500217437744,1.3561400175094604,55907.0427922,26.007699966430664,2.8408501148223877,-999.0,0.076784998178482,-999.0,-999.0,35651585,4,196608,6,1283.260009765625,5965.4501953125,5.82381010055542,5.4245500564575195,1.2489099502563477,1.188770055770874,-33.13719940185547,0.4084540009498596,-999.0,0.99958598613739,0.99958598613739,1.2133500576019287,-999.0,-999.0,-999.0,-999.0,-999.0,1.4352299615438826e-07,4.077269863955735e-07,-7.959410197599938e-08,6.111649852869051e-09,0.8952469825744629,3.0,-999.0,-999.0,-999.0,774.0,-999.0,1.8233199838846303e-08,5.881869924451166e-07,24.99959945678711,0.25,1752,2523169164261066456,4296649,39.4316993,25.99581367,0.1037850007414817,0.0983614027500152,56143.7089132,23.223400115966797,0.2022439986467361,23.77400016784668,0.0191920008510351,24.02079963684082,0.5538219809532166,35651585,0,196608,10,1283.4100341796875,5965.56982421875,0.4151419997215271,0.3934459984302521,1.2717100381851196,1.2404899597167969,-86.88909912109375,0.1014799997210502,-0.0021547700744122,0.9995689988136292,0.9995689988136292,1.354789972305298,0.1131990030407905,-0.0112324003130197,0.1654099971055984,0.8417890071868896,0.5571950078010559,1.864829982878291e-06,3.7715099665547314e-07,1.1230199561396148e-06,2.1553400841867187e-08,0.8839020133018494,2.75,8.946689717959089e-07,4.954869723405864e-07,2.1044700145721436,940.0,-3.0680301189422607,4.864129987680599e-09,7.137639954635233e-07,25.016799926757812,0.25,1752,2523103827071076056,4053249,39.43170891,25.99580675,0.1444880068302154,0.1366029977798462,56073.3648704,23.86750030517578,0.341958999633789,23.570199966430664,0.0156100001186132,-999.0,-999.0,35651585,4,196608,12,1283.260009765625,5965.4501953125,0.5779529809951782,0.5464109778404236,0.9786189794540404,0.9591500163078308,-67.28479766845703,0.265406996011734,-999.0,0.9977840185165404,0.9977840185165404,1.203830003738403,-999.0,-999.0,-999.0,-999.0,-999.0,1.03040997601056e-06,3.523589953147166e-07,1.3549099548981758e-06,2.115029928972945e-08,0.8527560234069824,2.25,-999.0,-999.0,-999.0,1170.0,-999.0,2.9554099612028043e-08,6.888109851388435e-07,25.041000366210938,0.25,1752,2523104761763333848,4056731,39.43170846,25.99580704,0.1504240036010742,0.145358994603157,56119.4142644,22.731599807739254,0.3289240002632141,22.5674991607666,0.013260000385344,-999.0,-999.0,35651585,4,196608,10,1283.260009765625,5965.4501953125,0.6016979813575745,0.5814369916915894,1.084220051765442,1.0633399486541748,7.4085798263549805,0.4420619904994964,-999.0,0.996729016304016,0.996729016304016,1.22160005569458,-999.0,-999.0,-999.0,-999.0,-999.0,2.9334200917219277e-06,9.648730383560178e-07,3.41190002473013e-06,4.52427997288396e-08,0.8689860105514526,2.5,-999.0,-999.0,-999.0,660.0,-999.0,6.860790335849742e-08,1.4891500086378071e-06,25.017499923706055,0.25,1752,2523108760109450968,4071626,39.43170906,25.99580605,1.3145099878311155,1.2440099716186523,56051.8582931,24.65060043334961,3.806420087814331,21.774999618530273,0.0082940002903342,-999.0,-999.0,35651585,4,196608,10,1283.260009765625,5965.4501953125,5.258059978485107,4.976049900054932,0.8056319952011108,0.7667189836502075,-70.88739776611328,1.223649978637695,-999.0,0.9971789717674256,0.9971789717674256,1.4169299602508545,-999.0,-999.0,-999.0,-999.0,-999.0,5.009339929529233e-07,1.906769966808497e-06,7.079319857439259e-06,5.8713599315751714e-08,0.8405370116233826,2.0,-999.0,-999.0,-999.0,860.0,-999.0,1.940930047794609e-07,3.4104500628018286e-06,25.05430030822754,0.25,0.0122895457392222,,,,,,,,,,,,,,,,,
PSO J023742.016+255935.066,-999,-999,-999,139190394249212250,946363000019162,164583146801881,0,17564787795415,13919,1,1857,45,0.846624926521094,946363,38320,3,444915712,53,39.4250692,25.99307408,0.0010000000474974,0.0010000000474974,39.42501398,25.993117,0.0527499988675117,0.0457499995827674,56000.39701389,3.064300060272217,0.6943198798248943,0.5708286063141836,0.4382631705874349,45.153743128802205,10.08075413516321,150.91256413089624,-31.04188883383943,-999,10,30,0,7,16,7,0,1121594000004797,0,1,1963,2523116944169633707,4102114,39.42515371,25.99297778,0.0603631995618343,0.0566955991089344,55882.7709466,22.584999084472656,0.1088899970054626,21.876699447631836,0.0080549996346235,21.995800018310547,0.1097590029239654,262160391,655360,0,9,1368.1300048828125,139.8040008544922,0.241453006863594,0.2267830073833465,1.2731499671936035,1.2097400426864624,-14.82069969177246,0.4154410064220428,2.911849890097074e-07,0.9982900023460388,0.9982900023460388,1.3317099809646606,0.3612970113754272,0.0332100987434387,0.3668810129165649,1.2169500589370728,0.7183300256729126,3.357459945618757e-06,3.655950138181652e-07,6.446719908126397e-06,5.193119889668196e-08,0.9116089940071106,3.25,5.7765400924836285e-06,6.340250138237025e-07,3.0423800945281982,946.0,5.129059791564941,2.5704199657639037e-08,5.847550141879765e-07,24.974300384521484,0.25,1963,2523169177951274923,4296700,39.42509837,25.99304492,0.0292881000787019,0.0274516995996236,56195.1524026,21.71739959716797,0.0539369992911815,20.982799530029297,0.0044149998575448,21.018999099731445,0.0554810017347335,262160391,524288,0,10,1368.8499755859375,140.7310028076172,0.1171519979834556,0.1098069995641708,1.3024400472640991,1.2460999488830566,-87.9406967163086,0.1702950000762939,4.605560053965778e-28,0.9991509914398192,0.9991509914398192,1.4592100381851196,0.3553490042686462,0.007727270014584,0.3613060116767883,1.299839973449707,0.8752920031547546,7.465030193998245e-06,4.0264399103762116e-07,1.4684699635836296e-05,6.482989789446948e-08,0.8952469825744629,3.0,1.420399985363474e-05,7.880590260356257e-07,3.2495999336242676,1360.0,10.983200073242188,1.535570071098391e-08,6.869000230835809e-07,24.99839973449707,0.25,1963,2523103828950124459,4053256,39.4250172,25.99310324,0.0150698004290461,0.0140351997688412,56152.0322447,21.491899490356445,0.0355740003287792,20.629899978637695,0.0035439999774098,20.52589988708496,0.0327880010008811,262160391,655488,0,18,1369.8900146484375,141.57000732421875,0.0602790005505085,0.056140799075365,0.9535409808158876,0.9438520073890686,-58.58660125732422,0.3009099960327148,0.0,0.9983969926834106,0.9983969926834106,1.655959963798523,0.216399997472763,-0.0003705339913722,0.2127889990806579,1.1844799518585205,0.94310200214386,9.188580406771509e-06,3.2687000839359825e-07,2.03259005502332e-05,7.203170326874897e-08,0.8645449876785278,2.25,2.2369500584318303e-05,7.334559768423787e-07,2.961210012435913,1530.0,19.058000564575195,3.1390200661007845e-08,6.906220164637489e-07,25.03459930419922,0.25,1963,2523104764179253163,4056740,39.42497958,25.99310372,0.0264382008463144,0.0247742999345064,56077.0392398,20.923500061035156,0.0601000003516674,20.234699249267575,0.0041899997740983,20.18560028076172,0.0621329993009567,262160391,655360,0,13,1370.3900146484375,141.5919952392578,0.1057529971003532,0.0990969985723495,1.097390055656433,1.0645099878311155,7.943819999694824,0.4942730069160461,6.380109786201238e-25,0.9978860020637512,0.9978860020637512,1.1988699436187744,0.2283769994974136,0.0277612004429101,0.2702420055866241,1.2051700353622437,0.8627139925956726,1.5509900549659505e-05,9.321449851995568e-07,2.9250299121486023e-05,1.2256700188117978e-07,0.8753520250320435,2.5,3.06012989312876e-05,1.9013400560652371e-06,3.012929916381836,780.0,10.309499740600586,6.503739768959349e-08,1.4758600173081504e-06,25.006099700927734,0.25,1963,2523108762525370283,4071635,39.4250392,25.99300473,0.0331065990030765,0.0311702992767095,56076.6176255,20.72669982910156,0.094319000840187,20.07539939880371,0.0035649999044835,20.145999908447266,0.0997380018234252,262160391,655360,0,13,1369.6099853515625,140.1529998779297,0.1324259936809539,0.1246810033917427,0.778885006904602,0.7472959756851196,-63.25400161743164,1.2227100133895874,1.9447800574806667e-13,0.9971250295639038,0.9971250295639038,1.350119948387146,0.1600410044193267,0.0127574997022748,0.1601289957761764,0.9635589718818665,0.7841249704360962,1.8592099877423607e-05,1.7535900269649574e-06,3.3870899642352015e-05,1.2076199595867365e-07,0.8455110192298889,2.0,3.173829827574082e-05,3.165519956382923e-06,2.408900022506714,970.0,7.352540016174316,1.125349982089574e-07,3.3905701002368005e-06,25.045499801635746,0.25,0.0147274715039545,,,,,,,,,,,,,,,,,
PSO J023742.016+255935.066,-999,-999,-999,139190394249212250,946363000019162,164583146801881,0,17564787795415,13919,1,1857,45,0.846624926521094,946363,38320,3,444915712,53,39.4250692,25.99307408,0.0010000000474974,0.0010000000474974,39.42501398,25.993117,0.0527499988675117,0.0457499995827674,56000.39701389,3.064300060272217,0.6943198798248943,0.5708286063141836,0.4382631705874349,45.153743128802205,10.08075413516321,150.91256413089624,-31.04188883383943,-999,10,30,0,7,16,7,0,1121788000005423,1,1,1874,2523116941485279058,4102104,39.42514633,25.99301143,0.0560101009905338,0.0521702989935874,55907.0427922,22.61549949645996,0.1092870011925697,21.97610092163086,0.0092599997296929,21.962499618530273,0.107632003724575,262160391,655360,196608,9,1368.219970703125,5925.27978515625,0.224041000008583,0.2086810022592544,1.247099995613098,1.1881099939346311,-33.59370040893555,0.4094690084457397,2.6105100303652762e-08,0.9989590048789978,0.9989590048789978,1.4545700550079346,0.3314130008220672,0.0205457005649805,0.3681110143661499,1.2550699710845947,0.7404170036315918,3.264379984102561e-06,3.567539863524871e-07,5.88272996537853e-06,5.4474298849527265e-08,0.8952469825744629,3.0,5.956630047876388e-06,6.41126973732753e-07,3.1376700401306152,774.0,5.565730094909668,1.8363600418069836e-08,5.947010208728898e-07,24.99959945678711,0.25,1874,2523169164261066578,4296649,39.42511034,25.99303025,0.0277571007609367,0.0263065006583929,56143.7089132,21.74650001525879,0.0540900006890296,20.940200805664062,0.005204000044614,21.027000427246097,0.0548710003495216,262160391,524288,196608,10,1368.719970703125,5925.5400390625,0.1110289990901947,0.1052260026335716,1.2722899913787842,1.2414300441741943,-83.16690063476562,0.1093470007181167,2.7734500865843373e-30,0.9994580149650574,0.9994580149650574,1.565019965171814,0.3345620036125183,5.109670019010082e-05,0.3374849855899811,1.295560002326965,0.9294170141220092,7.267599812621484e-06,3.9310199895226106e-07,1.527230051578954e-05,7.948300151383593e-08,0.8865320086479187,2.75,1.4098999599809758e-05,7.736219913567766e-07,3.238899946212769,940.0,11.43570041656494,1.7429000465085662e-09,7.183299999269366e-07,25.016799926757812,0.25,1874,2523103827071076178,4053249,39.42501982,25.99311929,0.0145273003727197,0.0137344999238848,56073.3648704,21.45800018310547,0.0343820005655288,20.609600067138672,0.0039929999038577,20.50629997253418,0.0333359986543655,262160391,524416,196608,18,1369.8699951171875,5926.81005859375,0.058109100908041,0.0549377985298633,0.9789940118789672,0.9578459858894348,-70.21790313720703,0.2672120034694671,0.0,0.997967004776001,0.997967004776001,1.6207200288772583,0.2125609964132309,-0.0005889200256206,0.2114820033311844,1.2335699796676636,0.9220269918441772,9.479859727434814e-06,3.259330014770967e-07,2.07088996830862e-05,8.268720108617346e-08,0.8684750199317932,2.25,2.2775999241275713e-05,7.592529982503038e-07,3.083940029144287,1170.0,20.13999938964844,3.0276801510353835e-08,6.899389859427174e-07,25.041000366210938,0.25,1874,2523104761763333970,4056731,39.42497101,25.99311171,0.0280594006180763,0.0271144993603229,56119.4142644,20.96129989624023,0.0613560006022453,20.27519989013672,0.0046140002086758,20.211700439453125,0.0628620013594627,262160391,655360,196608,13,1370.489990234375,5926.68994140625,0.1122379973530769,0.1084579974412918,1.0878900289535522,1.0676900148391724,7.476940155029297,0.4258539974689483,1.8279299621320636e-27,0.9973840117454528,0.9973840117454528,1.203029990196228,0.2340209931135177,0.0279149003326892,0.2753219902515411,1.2089699506759644,0.8515419960021973,1.4978900253481696e-05,9.19045987757272e-07,2.8179299988551065e-05,1.3002200205392e-07,0.8594369888305664,2.5,2.9874599931645207e-05,1.877990030152432e-06,3.0224199295043945,660.0,10.857999801635742,7.366769949612717e-08,1.495830019848654e-06,25.017499923706055,0.25,1874,2523108760109451090,4071626,39.42504003,25.99299685,0.0349860005080699,0.0331096015870571,56051.8582931,20.798599243164062,0.1013090014457702,20.159900665283203,0.0039420002140104,20.29199981689453,0.1108819991350174,262160391,655360,196608,13,1369.6099853515625,5925.0498046875,0.1399440020322799,0.1324390023946762,0.808355987071991,0.7689269781112671,-70.47940063476562,1.2193100452423096,1.396419958832329e-11,0.9956700205802916,0.9956700205802916,1.4148099422454834,0.1706800013780594,0.0173514001071453,0.1616140007972717,0.964559018611908,0.7918739914894104,1.740019979479257e-05,1.7627900206207414e-06,3.1335199309978634e-05,1.2352599298992573e-07,0.8355630040168762,2.0,2.7745700208470225e-05,3.0765199880988803e-06,2.411400079727173,860.0,6.758279800415039,1.8319700245683634e-07,3.417799916860531e-06,25.05430030822754,0.25,0.0147274715039545,,,,,,,,,,,,,,,,,
PSO J023741.773+255948.174,-999,-999,-999,139190394240006616,946363000019063,164583146801782,0,17564787796246,13919,1,1857,45,0.928397237256539,946363,38320,3,436527104,52,39.42410649,25.99671056,0.0010000000474974,0.0010000000474974,39.42405777,25.99671518,0.0960199981927871,0.0636700019240379,56115.01174769,1.1440000534057615,0.6943081443425058,0.5707995390009606,0.4383196173752173,45.15405433619402,10.084440829009283,150.909724983414,-31.039101703099423,-999,8,12,0,0,9,1,2,1121594000004790,0,1,1980,2523116944169633724,4102114,39.42408164,25.99671238,0.117417000234127,0.1102830022573471,55882.7709466,23.404600143432617,0.2118110060691833,23.368499755859375,0.0160130001604557,-999.0,-999.0,186646529,655364,0,10,1381.969970703125,193.59100341796875,0.4696699976921081,0.4411329925060272,1.2733399868011477,1.2105300426483154,-14.7947998046875,0.4138059914112091,-999.0,0.9743289947509766,0.9743289947509766,1.244510054588318,-999.0,-999.0,-999.0,-999.0,-999.0,1.5781299680384109e-06,3.342649961268762e-07,1.631540044400026e-06,2.6125100305307573e-08,0.4821740090847015,3.25,-999.0,-999.0,-999.0,946.0,-999.0,2.407159982453777e-08,5.825090170219482e-07,24.974300384521484,0.25,1980,2523169177951274940,4296700,39.42412111,25.99668131,0.0549319013953208,0.0514876991510391,56195.1524026,22.40999984741211,0.1011629998683929,21.843299865722656,0.0065620001405477,21.890199661254883,0.1150889992713928,262160391,655360,0,10,1381.4599609375,193.10400390625,0.2197269946336746,0.2059500068426132,1.3020700216293335,1.245919942855835,-87.50250244140625,0.1720360070466995,4.642199940008141e-07,0.9990010261535645,0.9990010261535645,1.3634400367736816,0.2779209911823272,0.0094730397686362,0.3213729858398437,1.2184799909591677,0.8614510297775269,3.944469881389523e-06,3.990359971339785e-07,6.647690042882459e-06,4.361929839546974e-08,0.8996679782867432,3.0,6.366530215018429e-06,7.327200250983879e-07,3.046190023422241,1360.0,5.0405402183532715,1.6704200689332538e-08,6.838409944975865e-07,24.99839973449707,0.25,1980,2523103828950124476,4053256,39.42407716,25.99671801,0.0216486006975173,0.0201623998582363,56152.0322447,21.874799728393555,0.0511029995977878,21.41309928894043,0.0050829998217523,21.443099975585938,0.060853999108076,262160391,524416,0,18,1382.02001953125,193.6300048828125,0.0865940973162651,0.0806493982672691,0.9533770084381104,0.9436500072479248,-59.4718017578125,0.3007000088691711,1.0682300183306735e-10,0.9973369836807252,0.9973369836807252,1.2661399841308594,0.1708890050649643,-0.0005662079784087,0.1633220016956329,0.9527570009231568,0.7643160223960876,6.457490144384792e-06,3.299990112282103e-07,9.88021020020824e-06,5.022059923476264e-08,0.8724049925804138,2.25,9.610809684090782e-06,5.84851989060553e-07,2.381890058517456,1530.0,6.45697021484375,3.007519921993662e-08,6.862439931865083e-07,25.03459930419922,0.25,1980,2523104764179253180,4056740,39.42411283,25.99672698,0.0430274009704589,0.0403194017708301,56077.0392398,21.555400848388672,0.0978109985589981,21.069799423217773,0.0061559998430311,21.05920028686523,0.1137000024318695,262160391,655360,0,15,1381.5699462890625,193.7749938964844,0.172108992934227,0.1612769961357116,1.0981299877166748,1.065369963645935,8.05813980102539,0.4921559989452362,1.4854999790259171e-05,0.9971789717674256,0.9971789717674256,1.169700026512146,0.1955959945917129,0.0318008996546268,0.2507190108299255,1.1024999618530271,0.7258750200271606,8.666769645060413e-06,8.477069854961883e-07,1.3554299584939145e-05,8.343450019765443e-08,0.8658030033111572,2.5,1.368789980915608e-05,1.556319944029383e-06,2.756239891052246,780.0,4.330830097198486,6.212270164951407e-08,1.4869300457576171e-06,25.006099700927734,0.25,1980,2523108762525370300,4071635,39.42409012,25.99667852,0.038928598165512,0.0366518013179302,56076.6176255,20.979999542236328,0.11090599745512,20.82270050048828,0.005030000116676,21.110700607299805,0.1698389947414398,195035141,655360,0,15,1381.8599853515625,193.06399536132812,0.1557140052318573,0.1466069966554641,0.7790210247039795,0.7473160028457642,-63.27669906616211,1.2240999937057495,0.335094004869461,0.9968889951705932,0.9968889951705932,1.3301899433135986,0.0998227000236511,0.0236495994031429,0.1184820011258125,0.7159960269927979,0.7538750171661377,1.472349958930863e-05,1.632919975236291e-06,1.7018199287122115e-05,8.559970154919938e-08,0.8554580211639404,2.0,1.3052899703325238e-05,2.216889924966381e-06,1.789989948272705,970.0,0.9639040231704712,1.2093400414414648e-07,3.3989699659287e-06,25.045499801635746,0.25,0.0114187655970895,,,,,,,,,,,,,,,,,
PSO J023741.773+255948.174,-999,-999,-999,139190394240006616,946363000019063,164583146801782,0,17564787796246,13919,1,1857,45,0.928397237256539,946363,38320,3,436527104,52,39.42410649,25.99671056,0.0010000000474974,0.0010000000474974,39.42405777,25.99671518,0.0960199981927871,0.0636700019240379,56115.01174769,1.1440000534057615,0.6943081443425058,0.5707995390009606,0.4383196173752173,45.15405433619402,10.084440829009283,150.909724983414,-31.039101703099423,-999,8,12,0,0,9,1,2,1121788000005416,1,1,1890,2523116941485279074,4102104,39.42407872,25.99670625,0.1089060008525848,0.1014399975538253,55907.0427922,23.441699981689453,0.2124979943037033,23.244199752807617,0.0166049990803003,-999.0,-999.0,186646529,655364,196608,10,1382.010009765625,5978.5,0.4356240034103393,0.4057599902153015,1.246809959411621,1.187999963760376,-33.669498443603516,0.4096330106258392,-999.0,0.9752910137176514,0.9752910137176514,1.3145099878311155,-999.0,-999.0,-999.0,-999.0,-999.0,1.5251699778673355e-06,3.240949979499419e-07,1.829380039453099e-06,3.037759910284876e-08,0.565883994102478,3.0,-999.0,-999.0,-999.0,774.0,-999.0,1.8155100534045232e-08,5.895309982406616e-07,24.99959945678711,0.25,1890,2523169164261066594,4296649,39.42411677,25.99670873,0.0535947009921073,0.0507938005030155,56143.7089132,22.472000122070312,0.1044389978051185,21.93269920349121,0.008220000192523,21.961599349975582,0.1154730021953582,262160391,655360,196608,10,1381.5400390625,5978.52001953125,0.214378997683525,0.2031749933958053,1.2724000215530396,1.2415499687194824,-82.60569763183594,0.1105289980769157,8.048180006881012e-07,0.9996230006217957,0.9996230006217957,1.448539972305298,0.2562170028686523,0.0021736801136285,0.2938520014286041,1.1618499755859375,0.8671879768371582,3.7255299503158312e-06,3.890899904490652e-07,6.122149898146745e-06,5.032390149040111e-08,0.8733789920806885,2.75,5.9615499594656285e-06,6.884000072204799e-07,2.9046199321746826,940.0,4.934199810028076,3.669460069133379e-09,7.177930001489585e-07,25.016799926757812,0.25,1890,2523103827071076194,4053249,39.42407797,25.9967061,0.021068699657917,0.0199187994003295,56073.3648704,21.87220001220703,0.0498629994690418,21.394100189208984,0.005729999858886,21.42140007019043,0.059043001383543,262160391,655488,196608,19,1382.02001953125,5978.4599609375,0.0842745974659919,0.0796751976013183,0.9790539741516112,0.9576550126075744,-70.59159851074219,0.2674649953842163,1.566610036141114e-11,0.9970729947090148,0.9970729947090148,1.1995400190353394,0.1713480055332183,0.0004206000012345,0.1651079952716827,0.9539750218391418,0.7395880222320557,6.4734699662949424e-06,3.227870024602453e-07,1.0054200174636208e-05,5.7614901294300587e-08,0.8606160283088684,2.25,9.80496042757295e-06,5.789099759567762e-07,2.3849399089813232,1170.0,6.7415900230407715,3.291290084916909e-08,6.887020163048874e-07,25.041000366210938,0.25,1890,2523104761763333986,4056731,39.42411074,25.99672718,0.0451559983193874,0.0436354987323284,56119.4142644,21.57859992980957,0.0987399965524673,21.12019920349121,0.0068089999258518,21.08650016784668,0.1161620020866394,262160391,655360,196608,15,1381.5899658203125,5978.759765625,0.1806239932775497,0.1745419949293136,1.0883599519729614,1.0682499408721924,7.486040115356445,0.4237909913063049,1.7932899936567992e-05,0.9972829818725586,0.9972829818725586,1.1770700216293335,0.1969089955091476,0.0349422991275787,0.2499749958515167,1.1059000492095947,0.6974920034408569,8.483279998472426e-06,8.376400160159392e-07,1.2939800399180967e-05,8.810790319557783e-08,0.8689860105514526,2.5,1.334690023213625e-05,1.550400043015543e-06,2.764739990234375,660.0,4.28918981552124,7.181949968071423e-08,1.4923200524208369e-06,25.017499923706055,0.25,1890,2523108760109451106,4071626,39.42410225,25.9966913,0.0390530005097389,0.0369585007429122,56051.8582931,20.988800048828125,0.113085001707077,20.979799270629883,0.0057500000111758,21.253999710083008,0.1896110028028488,195035141,655360,196608,15,1381.7099609375,5978.259765625,0.1562120020389557,0.1478340029716491,0.8087379932403564,0.7692360281944275,-70.42320251464844,1.2187000513076782,-0.925500988960266,0.9977409839630128,0.9977409839630128,1.36257004737854,0.0921358987689018,0.0283831991255283,0.1175709962844848,0.7277489900588989,0.5668820142745972,1.4604899661208036e-05,1.651609977670887e-06,1.472589974582661e-05,8.468060030963899e-08,0.8504840135574341,2.0,1.1439099580456968e-05,2.1689800178137375e-06,1.8193700313568115,860.0,-0.0935067981481552,1.9892999603143838e-07,3.4303600386920152e-06,25.05430030822754,0.25,0.0114187655970895,,,,,,,,,,,,,,,,,
PSO J023742.265+255934.771,-999,-999,-999,139190394259642104,946363000019272,164583146801991,0,17564787799596,13919,1,1857,45,0.505239515104554,946363,38320,3,436527104,52,39.42619554,25.99306972,0.0010000000474974,0.0010000000474974,39.42610461,25.99299209,0.1705400049686432,0.2027300000190735,55676.48717593,2.3540000915527344,0.6943097519613526,0.5708424294387441,0.4382612110189964,45.15464948722209,10.080329527893609,150.91364506326792,-31.04154403696811,-999,6,7,1,3,3,0,0,1121594000004805,0,1,1944,2523116944169633688,4102114,39.42619519,25.99306278,0.0872858986258506,0.0819825008511543,55882.7709466,22.979700088500977,0.1574559956789016,22.867300033569336,0.0127119999378919,-999.0,-999.0,35651585,4,0,9,1354.6500244140625,141.0189971923828,0.3491440117359161,0.3279300034046173,1.2729699611663818,1.2089600563049316,-14.845399856567385,0.4170340001583099,-999.0,0.998082995414734,0.998082995414734,1.326300024986267,-999.0,-999.0,-999.0,-999.0,-999.0,2.3341899577644658e-06,3.675339996789262e-07,2.588579945950187e-06,3.290709926773161e-08,0.904075026512146,3.25,-999.0,-999.0,-999.0,946.0,-999.0,2.6272099162838455e-08,5.827220093124197e-07,24.974300384521484,0.25,1944,2523169177951274904,4296700,39.42614006,25.99300726,0.0396790988743305,0.0371912010014057,56195.1524026,22.05870056152344,0.073072999715805,22.108299255371097,0.0074129998683929,21.720199584960938,0.0779550001025199,35667969,0,0,10,1355.3699951171875,140.17999267578125,0.1587159931659698,0.1487649977207183,1.302839994430542,1.2462799549102783,-88.40640258789062,0.1684350073337555,4.560110067330925e-09,0.9991940259933472,0.9991940259933472,1.439560055732727,0.2773599922657013,-0.0262886006385087,0.2693339884281158,0.9617480039596558,0.8313379883766174,5.451349807117367e-06,3.983489875736268e-07,5.207969934417633e-06,3.86080003522693e-08,0.8974570035934448,3.0,7.445640221703798e-06,5.804270131193334e-07,2.404370069503784,1360.0,5.862480163574219,1.5217299420555722e-08,6.867359729767486e-07,24.99839973449707,0.25,1944,2523103828950124440,4053256,39.42618915,25.9930642,0.0268233008682727,0.0249818004667758,56152.0322447,22.05039978027344,0.0633189976215362,21.83609962463379,0.006175999995321,22.169300079345703,0.0919110029935836,35651585,0,0,16,1354.719970703125,140.9969940185547,0.107293002307415,0.0999272018671035,0.9537529945373536,0.9440969824790956,-57.472198486328125,0.3011740148067474,0.5681520104408264,0.998049020767212,0.998049020767212,1.221959948539734,0.1447010040283203,-0.0299639999866485,0.132859006524086,0.6828609704971313,0.5737159848213196,5.4932002058194485e-06,3.4782200941663177e-07,6.692010174447205e-06,4.1331098543651024e-08,0.8724049925804138,2.25,4.923690084979171e-06,4.525419967649214e-07,1.7071499824523926,1530.0,0.5707740187644958,3.159879824465861e-08,6.901499887135287e-07,25.03459930419922,0.25,1944,2523104764179253144,4056740,39.42624033,25.99315995,0.0464387983083725,0.0435160994529724,56077.0392398,21.549699783325195,0.1055660024285316,21.208799362182617,0.0065620001405477,21.27899932861328,0.1228900030255317,35667969,0,0,12,1354.0699462890625,142.39100646972656,0.1857549995183944,0.1740639954805374,1.0963300466537476,1.0632599592208862,7.7787699699401855,0.4973640143871307,0.0007615779759362,0.9963989853858948,0.9963989853858948,1.1776700019836426,0.1967920064926147,-0.0248638000339269,0.2205190062522888,0.8890389800071716,0.7152850031852722,8.71204974828288e-06,9.196970154334848e-07,1.1925700164283626e-05,7.826150039136337e-08,0.8817179799079895,2.5,1.1179299690411426e-05,1.3738299458054826e-06,2.222599983215332,780.0,3.3663899898529053,6.640070182584168e-08,1.4747699879080756e-06,25.006099700927734,0.25,1944,2523108762525370264,4071635,39.42619513,25.99306557,0.0916766002774238,0.0863149017095565,56076.6176255,21.775999069213867,0.2611820101737976,21.673599243164062,0.0074430000968277,-999.0,-999.0,35651585,4,0,11,1354.6500244140625,141.0189971923828,0.3667060136795044,0.3452590107917785,0.7787169814109802,0.7472710013389587,-63.22589874267578,1.2210099697113037,-999.0,0.9951800107955932,0.9951800107955932,1.3824800252914429,-999.0,-999.0,-999.0,-999.0,-999.0,7.072640073602088e-06,1.847250018727209e-06,7.772439857944846e-06,5.7848900780754775e-08,0.8405370116233826,2.0,-999.0,-999.0,-999.0,970.0,-999.0,1.0992199861448173e-07,3.3818400879681576e-06,25.045499801635746,0.25,0.0147248857914797,,,,,,,,,,,,,,,,,
PSO J023742.265+255934.771,-999,-999,-999,139190394259642104,946363000019272,164583146801991,0,17564787799596,13919,1,1857,45,0.505239515104554,946363,38320,3,436527104,52,39.42619554,25.99306972,0.0010000000474974,0.0010000000474974,39.42610461,25.99299209,0.1705400049686432,0.2027300000190735,55676.48717593,2.3540000915527344,0.6943097519613526,0.5708424294387441,0.4382612110189964,45.15464948722209,10.080329527893609,150.91364506326792,-31.04154403696811,-999,6,7,1,3,3,0,0,1121788000005433,1,1,1848,2523116941485279032,4102104,39.42619588,25.9930694,0.0683144032955169,0.0636311024427414,55907.0427922,22.81450080871582,0.1332949995994568,22.605100631713867,0.0123709999024868,-999.0,-999.0,35651585,4,196608,8,1354.6400146484375,5926.10986328125,0.2732580006122589,0.2545239925384521,1.2473900318145752,1.1882200241088867,-33.519500732421875,0.409305989742279,-999.0,0.9990389943122864,0.9990389943122864,1.437190055847168,-999.0,-999.0,-999.0,-999.0,-999.0,2.7177800347999437e-06,3.6226700217412144e-07,3.295840087957913e-06,4.0774200016358015e-08,0.8996679782867432,3.0,-999.0,-999.0,-999.0,774.0,-999.0,1.883999978247175e-08,5.938770186730835e-07,24.99959945678711,0.25,1848,2523169164261066552,4296649,39.42613342,25.99301231,0.0358765013515949,0.0340014994144439,56143.7089132,22.03689956665039,0.0699120014905929,21.92329978942871,0.0081839999184012,21.67259979248047,0.0744450017809867,35667969,0,196608,10,1355.47998046875,5925.27001953125,0.1435060054063797,0.1360059976577758,1.272189974784851,1.2412999868392944,-83.74690246582031,0.1081259995698928,9.811790052313696e-13,0.9992330074310304,0.9992330074310304,1.543720006942749,0.2633160054683685,-0.0237083993852138,0.2415619939565658,0.9761980175971984,0.8913530111312866,5.56186978428741e-06,3.888399930929154e-07,6.175890121085104e-06,5.0544301188892866e-08,0.8865320086479187,2.75,7.779850420774892e-06,5.791699777546455e-07,2.440500020980835,940.0,7.133120059967041,2.077439997805186e-09,7.179600061135716e-07,25.016799926757812,0.25,1848,2523103827071076152,4053249,39.42619346,25.99307004,0.0269911997020244,0.025518100708723,56073.3648704,22.06570053100586,0.0638799965381622,21.77400016784668,0.0068259998224675,22.13170051574707,0.087747998535633,35651585,0,196608,16,1354.6800537109375,5926.08984375,0.1079649999737739,0.10207299888134,0.9789209961891174,0.9580820202827454,-69.73829650878906,0.2668949961662292,0.3016870021820068,0.9980570077896118,0.9980570077896118,1.19691002368927,0.1455529928207397,-0.0292365998029708,0.1381469964981079,0.6818990111351013,0.7024959921836853,5.416629846877186e-06,3.4601399079292605e-07,7.086150162649574e-06,4.836880052039305e-08,0.8724049925804138,2.25,5.097189841762884e-06,4.472690022794268e-07,1.7047499418258667,1170.0,1.0328199863433838,3.0332099498764364e-08,6.899260256432171e-07,25.041000366210938,0.25,1848,2523104761763333944,4056731,39.42623768,25.99316302,0.0487046986818313,0.0470646992325782,56119.4142644,21.57410049438477,0.1064999997615814,21.22209930419922,0.007135999854654,21.326900482177734,0.1232879981398582,35667969,0,196608,12,1354.0999755859375,5927.419921875,0.1948190033435821,0.1882590055465698,1.0872000455856323,1.0668799877166748,7.463709831237793,0.4289000034332275,0.0007958260248415,0.9965100288391112,0.9965100288391112,1.1813499927520752,0.1973160058259964,-0.0256750006228685,0.221670001745224,0.8629509806632996,0.7424319982528687,8.51876029628329e-06,9.072480224858736e-07,1.178070033347467e-05,8.406910012581649e-08,0.872169017791748,2.5,1.0696800018195065e-05,1.3187900549382905e-06,2.1573801040649414,660.0,3.3542399406433105,7.520409894823389e-08,1.4958600331738126e-06,25.017499923706055,0.25,1848,2523108760109451064,4071626,39.42619645,25.99307067,0.0977891981601715,0.0925443992018699,56051.8582931,21.88089942932129,0.2831670045852661,21.969900131225582,0.0090720001608133,-999.0,-999.0,35651585,4,196608,12,1354.6400146484375,5926.10986328125,0.3911570012569427,0.3701780140399933,0.8078839778900146,0.7685449719429016,-70.54930114746094,1.2200599908828735,-999.0,0.9963629841804504,0.9963629841804504,1.439869999885559,-999.0,-999.0,-999.0,-999.0,-999.0,6.421500074793585e-06,1.8183600332122296e-06,5.916219834034564e-06,5.3674099831368955e-08,0.8455110192298889,2.0,-999.0,-999.0,-999.0,860.0,-999.0,1.8297099302344577e-07,3.4109500575141283e-06,25.05430030822754,0.25,0.0147248857914797,,,,,,,,,,,,,,,,,
PSO J023742.544+255932.705,-999,-999,-999,139190394272691451,946363000055603,164583146839486,0,17564787801668,13919,1,1857,45,0.971544416594826,946363,38320,3,404226048,48,39.42727001,25.99241818,0.0010000000474974,0.0010000000474974,39.42727001,25.99241818,0.0010000000474974,0.0010000000474974,56111.14847222,-999.0,0.6943015317027341,0.5708593396138834,0.4382522075823901,45.15547838226755,10.079457375628785,150.91503890926364,-31.04156560246161,-999,6,0,0,0,0,0,0,1121594000006558,0,0,1930,2523116944169633674,4102114,39.42725068,25.99241037,0.4136259853839874,0.3884940147399902,55882.7709466,-999.0,0.7461450099945068,-999.0,0.0143229998648166,-999.0,-999.0,35651585,4,0,8,1340.989990234375,131.61599731445312,1.6545000076293943,1.553979992866516,1.272779941558838,1.208179950714111,-14.869999885559082,0.4186469912528991,-999.0,0.9980679750442504,0.9980679750442504,1.3124500513076782,-999.0,-999.0,-999.0,-999.0,-999.0,-4.901160082226852e-07,3.65698014093141e-07,-1.915580014610896e-06,2.7436900751354187e-08,0.8984249830245972,3.25,-999.0,-999.0,-999.0,946.0,-999.0,2.7031900273755127e-08,5.812800054627587e-07,24.974300384521484,0.25,1930,2523169177951274890,4296700,39.42725094,25.99241316,2.205820083618164,2.0675199031829834,56195.1524026,26.46109962463379,4.062270164489746,-999.0,0.0219299998134374,-999.0,-999.0,35651585,4,0,10,1340.989990234375,131.61599731445312,8.823280334472656,8.27007007598877,1.3032699823379517,1.2464599609375,-88.89969635009766,0.1664510071277618,-999.0,0.9990090131759644,0.9990090131759644,1.4255599975585938,-999.0,-999.0,-999.0,-999.0,-999.0,9.45281968256495e-08,3.8399900859076297e-07,-5.559670057664334e-07,1.2192099774210874e-08,0.8996679782867432,3.0,-999.0,-999.0,-999.0,1360.0,-999.0,1.4890099819808713e-08,6.869909725537582e-07,24.99839973449707,0.25,1930,2523103828950124426,4053256,39.42726974,25.99241249,0.0454961992800235,0.0423729009926319,56152.0322447,22.644100189208984,0.1073980033397674,22.639799118041992,0.0089419996365904,22.919099807739254,0.1789900064468383,35651585,0,0,16,1340.739990234375,131.60400390625,0.181985005736351,0.1694909930229187,0.953953981399536,0.9443169832229614,-56.440399169921875,0.3014169931411743,-0.3862659931182861,0.9987069964408876,0.9987069964408876,1.162269949913025,0.1137330010533332,-0.0241069998592138,0.1026640012860298,0.6828609704971313,0.5481259822845459,3.179440000167233e-06,3.414660056932917e-07,3.1921799745759927e-06,2.8545800390133994e-08,0.8645449876785278,2.25,2.4681301056261873e-06,4.417709931203717e-07,1.7071499824523926,1530.0,-0.8664100170135498,3.1953998558265084e-08,6.903870257701783e-07,25.03459930419922,0.25,1930,2523104764179253130,4056740,39.42728154,25.99241983,0.0601782016456127,0.0563907995820045,56077.0392398,21.67770004272461,0.1367989927530288,21.572099685668945,0.007757999934256,21.798200607299805,0.2463680058717727,35651585,0,0,10,1340.5999755859375,131.72500610351562,0.2407130002975464,0.2255630046129226,1.0954500436782837,1.0622299909591677,7.644020080566406,0.4999139904975891,0.4013740122318268,0.9974499940872192,0.9974499940872192,1.14506995677948,0.1768629997968673,0.0618669018149375,0.1157289966940879,1.007580041885376,0.9585689902305604,7.743010428384878e-06,1.05924004856206e-06,8.533959771739319e-06,6.620359727094184e-08,0.872169017791748,2.5,6.929520168341696e-06,1.7072100035875335e-06,2.5189599990844727,780.0,0.839169979095459,6.799589868933253e-08,1.471820041842875e-06,25.006099700927734,0.25,1930,2523108762525370250,4071635,39.42721586,25.99243556,0.0603041015565395,0.0567772015929222,56076.6176255,21.322599411010746,0.1718029975891113,21.45560073852539,0.0067320000380277,21.47439956665039,0.2399089932441711,35651585,0,0,11,1341.43994140625,131.93800354003906,0.2412160038948059,0.2271080017089843,0.7785689830780029,0.7472490072250366,-63.20090103149414,1.2195099592208862,0.6524890065193176,0.9965220093727112,0.9965220093727112,1.4155499935150146,0.0829743966460228,-0.0024709799326956,0.0800701007246971,0.6418949961662292,0.2445770055055618,1.0738700439105742e-05,1.8449400158715432e-06,9.501160093350336e-06,6.395939777803505e-08,0.8355630040168762,2.0,9.337890332972164e-06,2.2402400645660236e-06,1.604740023612976,970.0,0.4503070116043091,1.0625600310731897e-07,3.37378992298909e-06,25.045499801635746,0.25,0.0151773323208639,,,,,,,,,,,,,,,,,
PSO J023742.544+255932.705,-999,-999,-999,139190394272691451,946363000055603,164583146839486,0,17564787801668,13919,1,1857,45,0.971544416594826,946363,38320,3,404226048,48,39.42727001,25.99241818,0.0010000000474974,0.0010000000474974,39.42727001,25.99241818,0.0010000000474974,0.0010000000474974,56111.14847222,-999.0,0.6943015317027341,0.5708593396138834,0.4382522075823901,45.15547838226755,10.079457375628785,150.91503890926364,-31.04156560246161,-999,6,0,0,0,0,0,0,1121788000006900,1,0,1824,2523116941485279008,4102104,39.42725153,25.99241037,0.568763017654419,0.5297709703445435,55907.0427922,-999.0,1.1097700595855713,-999.0,0.0206160005182027,-999.0,-999.0,35651585,4,196608,8,1340.97998046875,5916.60986328125,2.275059938430786,2.1190900802612305,1.2476799488067627,1.1883200407028198,-33.4453010559082,0.4091430008411407,-999.0,0.9988980293273926,0.9988980293273926,1.4043699502944946,-999.0,-999.0,-999.0,-999.0,-999.0,-3.183799890393857e-07,3.5332899983586685e-07,-1.104139982999186e-06,2.276300037351575e-08,0.8996679782867432,3.0,-999.0,-999.0,-999.0,774.0,-999.0,1.9314999377684217e-08,5.941780045759515e-07,24.99959945678711,0.25,1824,2523169164261066528,4296649,39.42725361,25.99241106,1.052150011062622,0.9971669912338256,56143.7089132,25.74570083618164,2.050309896469116,-999.0,0.0333740003407001,-999.0,-999.0,35651585,4,196608,10,1340.97998046875,5916.60986328125,4.208620071411133,3.988670110702514,1.2720799446105957,1.2411600351333618,-84.38150024414062,0.1067890003323555,-999.0,0.9980069994926452,0.9980069994926452,1.54367995262146,-999.0,-999.0,-999.0,-999.0,-999.0,1.8269399504333705e-07,3.745799972421082e-07,-3.414469915696827e-07,1.1395400179026184e-08,0.8865320086479187,2.75,-999.0,-999.0,-999.0,940.0,-999.0,2.112269914533726e-09,7.176869871727831e-07,25.016799926757812,0.25,1824,2523103827071076128,4053249,39.42727029,25.99241265,0.0442046001553535,0.0417920984327793,56073.3648704,22.62260055541992,0.1046189963817596,22.517200469970703,0.0096119996160268,22.805200576782227,0.1602289974689483,35651585,0,196608,16,1340.739990234375,5916.60986328125,0.1768179982900619,0.1671680063009262,0.9788560271263124,0.958296000957489,-69.28579711914062,0.2666049897670746,-0.7940880060195923,0.99870502948761,0.99870502948761,1.1222000122070312,0.1168389990925788,-0.0223484002053737,0.1159669980406761,0.6818990111351013,0.6227830052375793,3.242960019633756e-06,3.392740097751812e-07,3.573840103854309e-06,3.435010142993633e-08,0.8645449876785278,2.25,2.7409901122155138e-06,4.391870049857971e-07,1.7047499418258667,1170.0,-0.2610050141811371,2.9886699337566824e-08,6.900970106471505e-07,25.041000366210938,0.25,1824,2523104761763333920,4056731,39.4272723,25.99241653,0.0646191015839576,0.0624432004988193,56119.4142644,21.74650001525879,0.1412989944219589,21.700000762939453,0.0088929999619722,21.856000900268555,0.2410939931869506,35651585,0,196608,10,1340.7099609375,5916.66015625,0.2584770023822784,0.2497729957103729,1.0866400003433228,1.0662100315093994,7.453010082244873,0.4313870072364807,0.5584269762039185,0.997530996799469,0.997530996799469,1.1449899673461914,0.1737059950828552,0.0715868026018142,0.1274549961090088,0.9452940225601196,0.9190679788589478,7.267609817063203e-06,1.0269100130244624e-06,7.585989806102589e-06,6.746169844973339e-08,0.872169017791748,2.5,6.570639925485011e-06,1.584140022714564e-06,2.363229990005493,660.0,0.5851789712905884,7.660830192435243e-08,1.4968400137149729e-06,25.017499923706055,0.25,1824,2523108760109451040,4071626,39.42722094,25.99243831,0.0597412995994091,0.0565371997654438,56051.8582931,21.347999572753903,0.172992005944252,21.536800384521484,0.0074319997802376,21.712299346923828,0.2963660061359405,35651585,0,196608,12,1341.3800048828125,5916.990234375,0.2389660030603408,0.2261489927768707,0.8074650168418884,0.768206000328064,-70.61139678955078,1.220729947090149,-0.4813509881496429,0.9959689974784852,0.9959689974784852,1.443060040473938,0.087974801659584,0.0107918996363878,0.0769978016614914,0.6676430106163025,0.3382540047168731,1.049030015565222e-05,1.814740016925498e-06,8.815760338620748e-06,6.551979936375575e-08,0.830590009689331,2.0,7.500189894926734e-06,2.222800048912177e-06,1.6691099405288696,860.0,-0.704131007194519,1.7963400011922206e-07,3.403569962756592e-06,25.05430030822754,0.25,0.0151773323208639,,,,,,,,,,,,,,,,,
