objName,objAltName1,objAltName2,objAltName3,objID,uniquePspsOBid,ippObjID,surveyID,htmID,zoneID,tessID,projectionID,skyCellID,randomID,batchID,dvoRegionID,processingVersion,objInfoFlag,qualityFlag,raStack,decStack,raStackErr,decStackErr,raMean,decMean,raMeanErr,decMeanErr,epochMean,posMeanChisq,cx,cy,cz,lambda,beta,l,b,nStackObjectRows,nStackDetections,nDetections,ng,nr,ni,nz,ny,uniquePspsSTid,primaryDetection,bestDetection,gippDetectID,gstackDetectID,gstackImageID,gra,gdec,graErr,gdecErr,gEpoch,gPSFMag,gPSFMagErr,gApMag,gApMagErr,gKronMag,gKronMagErr,ginfoFlag,ginfoFlag2,ginfoFlag3,gnFrames,gxPos,gyPos,gxPosErr,gyPosErr,gpsfMajorFWHM,gpsfMinorFWHM,gpsfTheta,gpsfCore,gpsfLikelihood,gpsfQf,gpsfQfPerfect,gpsfChiSq,gmomentXX,gmomentXY,gmomentYY,gmomentR1,gmomentRH,gPSFFlux,gPSFFluxErr,gApFlux,gApFluxErr,gApFillFac,gApRadius,gKronFlux,gKronFluxErr,gKronRad,gexpTime,gExtNSigma,gsky,gskyErr,gzp,gPlateScale,rippDetectID,rstackDetectID,rstackImageID,rra,rdec,rraErr,rdecErr,rEpoch,rPSFMag,rPSFMagErr,rApMag,rApMagErr,rKronMag,rKronMagErr,rinfoFlag,rinfoFlag2,rinfoFlag3,rnFrames,rxPos,ryPos,rxPosErr,ryPosErr,rpsfMajorFWHM,rpsfMinorFWHM,rpsfTheta,rpsfCore,rpsfLikelihood,rpsfQf,rpsfQfPerfect,rpsfChiSq,rmomentXX,rmomentXY,rmomentYY,rmomentR1,rmomentRH,rPSFFlux,rPSFFluxErr,rApFlux,rApFluxErr,rApFillFac,rApRadius,rKronFlux,rKronFluxErr,rKronRad,rexpTime,rExtNSigma,rsky,rskyErr,rzp,rPlateScale,iippDetectID,istackDetectID,istackImageID,ira,idec,iraErr,idecErr,iEpoch,iPSFMag,iPSFMagErr,iApMag,iApMagErr,iKronMag,iKronMagErr,iinfoFlag,iinfoFlag2,iinfoFlag3,inFrames,ixPos,iyPos,ixPosErr,iyPosErr,ipsfMajorFWHM,ipsfMinorFWHM,ipsfTheta,ipsfCore,ipsfLikelihood,ipsfQf,ipsfQfPerfect,ipsfChiSq,imomentXX,imomentXY,imomentYY,imomentR1,imomentRH,iPSFFlux,iPSFFluxErr,iApFlux,iApFluxErr,iApFillFac,iApRadius,iKronFlux,iKronFluxErr,iKronRad,iexpTime,iExtNSigma,isky,iskyErr,izp,iPlateScale,zippDetectID,zstackDetectID,zstackImageID,zra,zdec,zraErr,zdecErr,zEpoch,zPSFMag,zPSFMagErr,zApMag,zApMagErr,zKronMag,zKronMagErr,zinfoFlag,zinfoFlag2,zinfoFlag3,znFrames,zxPos,zyPos,zxPosErr,zyPosErr,zpsfMajorFWHM,zpsfMinorFWHM,zpsfTheta,zpsfCore,zpsfLikelihood,zpsfQf,zpsfQfPerfect,zpsfChiSq,zmomentXX,zmomentXY,zmomentYY,zmomentR1,zmomentRH,zPSFFlux,zPSFFluxErr,zApFlux,zApFluxErr,zApFillFac,zApRadius,zKronFlux,zKronFluxErr,zKronRad,zexpTime,zExtNSigma,zsky,zskyErr,zzp,zPlateScale,yippDetectID,ystackDetectID,ystackImageID,yra,ydec,yraErr,ydecErr,yEpoch,yPSFMag,yPSFMagErr,yApMag,yApMagErr,yKronMag,yKronMagErr,yinfoFlag,yinfoFlag2,yinfoFlag3,ynFrames,yxPos,yyPos,yxPosErr,yyPosErr,ypsfMajorFWHM,ypsfMinorFWHM,ypsfTheta,ypsfCore,ypsfLikelihood,ypsfQf,ypsfQfPerfect,ypsfChiSq,ymomentXX,ymomentXY,ymomentYY,ymomentR1,ymomentRH,yPSFFlux,yPSFFluxErr,yApFlux,yApFluxErr,yApFillFac,yApRadius,yKronFlux,yKronFluxErr,yKronRad,yexpTime,yExtNSigma,ysky,yskyErr,yzp,yPlateScale,distance,SkyMapper_StarClass,gelong,g_a,g_b,g_pa,relong,r_a,r_b,r_pa,ielong,i_a,i_b,i_pa,zelong,z_a,z_b,z_pa
PSO J131230.489-295807.145,-999,-999,-999,72031981270547957,1052323000025642,502008662484009,0,11090992895632,7203,1,678,50,0.870721539362074,1052323,116883,3,436527104,52,198.12703947,-29.96865164,0.0010000000474974513,0.0010000000474974513,198.12704102,-29.96863387,0.009220000356435776,0.00795000046491623,56274.5731713,1.104599952697754,-0.8233037101545011,-0.2695272709641678,-0.49952582621165975,208.4445547428393,-20.554255501712245,308.3539561742919,32.68119190266238,-999,10,33,5,8,14,3,3,1006358000004265,1,1,3421,2522933911990832477,3420266,198.12702747,-29.96864775,0.04139290004968643,0.037763599306344986,55923.2465509,21.282400131225586,0.0660720020532608,21.135900497436523,0.00723800016567111,21.147600173950195,0.08744200319051743,195035141,655360,196608,4,2035.699951171875,434.99798583984375,0.16557100415229797,0.1510539948940277,1.7898600101470947,1.6005699634552002,85.8373031616211,-0.12353499978780746,-0.9808310270309448,0.9979919791221619,0.9979919791221619,1.2635799646377563,0.24047400057315826,0.0018436999525874853,0.2861430048942566,1.2249599695205688,0.8913999795913696,1.114390033762902e-05,7.363029794760223e-07,1.2753599548886996e-05,9.23164975574764e-08,0.904075026512146,3.2500100135803223,1.261750003322959e-05,1.1033099553969805e-06,3.0624101161956787,577.0,-0.024027299135923386,3.7578100631208144e-08,1.013199948829424e-06,24.988399505615234,0.2500010132789612,3421,2522938591626136925,3437699,198.12704098,-29.96865374,0.01736140064895153,0.016987400129437447,56242.4606949,20.045900344848633,0.021841999143362045,20.249399185180664,0.0042329998686909676,20.298599243164062,0.03249000012874603,262144069,524416,196608,8,2035.530029296875,434.89599609375,0.06944560259580612,0.06794960051774979,1.5527900457382202,1.5172799825668335,13.742199897766113,0.07068820297718048,-0.05344130098819733,0.9991080164909363,0.9991080164909363,1.6410000324249268,0.2142069935798645,0.011427899822592735,0.23048299551010132,0.9222890138626099,0.8148009777069092,3.480389932519756e-05,7.601919946864655e-07,2.885610047087539e-05,1.2213399713800754e-07,0.8996679782867432,3.0000100135803223,2.757780021056533e-05,8.960159902926534e-07,2.305720090866089,752.0,-1.931339979171753,4.172979828354073e-08,1.1821599628092372e-06,24.99959945678711,0.25,3421,2522934501206658397,3422461,198.12704858,-29.96865375,0.005464700050652027,0.005278289783746004,56165.2205941,19.361000061035156,0.009903999976813793,19.326900482177734,0.0025279999244958162,19.428300857543945,0.016606999561190605,262144069,524416,196608,13,2035.4200439453125,434.8909912109375,0.02185869961977005,0.02111309953033924,0.984732985496521,0.9496880173683167,21.15220069885254,0.7060329914093018,0.6717889904975891,0.9972259998321533,0.9972259998321533,1.26350998878479,0.1454239934682846,-0.0003048799990210682,0.1365640014410019,0.950128972530365,0.7864720225334167,6.540329923154786e-05,6.477509941760218e-07,6.74897019052878e-05,1.7060000345736626e-07,0.872169017791748,2.5,6.147460226202384e-05,1.0208799494648702e-06,2.3753199577331543,912.0,0.42369401454925537,4.518440022138748e-08,1.264579964299628e-06,25.01110076904297,0.25,3421,2522934974458367325,3424224,198.12702617,-29.96866066,0.02591940015554428,0.024701999500393867,55889.6022335,19.660999298095703,0.05371899902820587,19.269699096679688,0.003364000003784895,19.34670066833496,0.06120799854397774,262160391,524288,196608,1,2035.719970703125,434.8030090332031,0.10367699712514877,0.09880810230970383,1.1308900117874146,1.083150029182434,34.554500579833984,0.3829759955406189,1.3676399568396391e-08,0.9987360239028931,0.9987360239028931,1.2194000482559204,0.21886900067329407,0.0005321269854903221,0.25883498787879944,1.0339800119400024,0.9055590033531189,4.9615398893365636e-05,2.6652799078874523e-06,7.11405009496957e-05,2.3930201109578775e-07,0.8865320086479187,2.75,6.626830145251006e-05,4.0561399146099575e-06,2.5849499702453613,480.0,5.677390098571777,6.190229995262087e-10,2.7294099709251896e-06,25.019399642944336,0.25,3421,2522939535445200221,3441215,198.12703719,-29.96864986,0.026374099776148796,0.02603119984269142,55878.905297,18.70199966430664,0.03935699909925461,18.76110076904297,0.0024369999300688505,18.938199996948242,0.06166199967265129,262144005,524416,196608,3,2035.5799560546875,434.96600341796875,0.10549599677324295,0.1041250005364418,1.2302099466323853,1.2101600170135498,2.246040105819702,0.4169749915599823,-0.35846999287605286,0.9990519881248474,0.9990519881248474,1.2433799505233765,0.2061070054769516,-0.022462299093604088,0.17921000719070435,0.8851190209388733,0.7955459952354431,0.00012000500282738358,4.723050096799852e-06,0.00011364700185367838,2.769110096778604e-07,0.8974570035934448,3.0,9.654519817559049e-05,5.953189884166932e-06,2.2128000259399414,580.0,-0.9182850122451782,2.1333499944375944e-07,5.936649813520489e-06,25.03339958190918,0.25,0.016553740741227296,,,,,,,,,,,,,,,,,
PSO J131230.489-295807.145,-999,-999,-999,72031981270547957,1052323000025642,502008662484009,0,11090992895632,7203,1,678,50,0.870721539362074,1052323,116883,3,436527104,52,198.12703947,-29.96865164,0.0010000000474974513,0.0010000000474974513,198.12704102,-29.96863387,0.009220000356435776,0.00795000046491623,56274.5731713,1.104599952697754,-0.8233037101545011,-0.2695272709641678,-0.49952582621165975,208.4445547428393,-20.554255501712245,308.3539561742919,32.68119190266238,-999,10,33,5,8,14,3,3,1006820000005434,0,1,3013,2522933909306477509,3420256,198.12704643,-29.96865889,0.0869889035820961,0.07703539729118347,55760.8538454,21.37540054321289,0.12043000012636185,22.105300903320312,0.012325000017881393,21.627099990844727,0.18728899955749512,195035141,655360,0,2,2035.4599609375,6223.7900390625,0.34795600175857544,0.3081420063972473,1.7970199584960938,1.7308499813079834,65.00650024414062,0.21057699620723724,-0.2228430062532425,0.999305009841919,0.999305009841919,1.2780200242996216,0.29837000370025635,0.009108969941735268,0.23935499787330627,1.1504600048065186,0.5114139914512634,1.0229199688183144e-05,1.2319100051172427e-06,5.222700110607548e-06,6.437210231524659e-08,0.9188709855079651,4.0,8.112860086839646e-06,1.5194500520010479e-06,2.876149892807007,491.0,-1.218999981880188,1.456909970443121e-08,1.3359100421439507e-06,24.967599868774414,0.25,3013,2522938588941781957,3437689,198.12703795,-29.96864396,0.029074400663375854,0.0299018993973732,56036.21524,19.96470069885254,0.039301998913288116,-999.0,-999.0,20.199499130249023,0.06640300154685974,262144005,655488,0,2,2035.56005859375,6224.0498046875,0.11629799753427505,0.11960799992084503,1.4749799966812134,1.4318599700927734,-84.58159637451172,0.10081999748945236,-0.032135698944330215,0.9977650046348572,0.9971929788589478,1.0457099676132202,0.193340003490448,0.015457100234925747,0.2494339942932129,0.9735789895057678,0.8210319876670837,3.750930045498535e-05,1.4741899576620199e-06,-999.0,-999.0,0.8965409994125366,3.2499899864196777,3.0214099751901813e-05,2.0063200736331055e-06,2.4339499473571777,752.0,-2.1427199840545654,2.314170011175065e-08,1.708290028545889e-06,24.98900032043457,0.2499990016222,3013,2522934498522303429,3422451,198.12704918,-29.96865342,0.005531209986656904,0.005349690094590187,56227.080465,19.341299057006836,0.00986700039356947,19.3262996673584,0.002781999995931983,19.408599853515625,0.016193000599741936,262144069,524416,0,14,2035.4200439453125,6223.89990234375,0.02212500013411045,0.02139890007674694,1.0280300378799438,0.9823830127716064,30.232099533081055,0.5365939736366272,0.8109710216522217,0.9973300099372864,0.9973300099372864,1.268399953842163,0.14424599707126617,-0.0003134559956379235,0.13529600203037262,0.9287089705467224,0.7916550040245056,6.660020153503865e-05,6.57168982343137e-07,6.752769695594907e-05,1.8785699751333595e-07,0.872169017791748,2.4999899864196777,6.259849760681391e-05,1.0136800483451225e-06,2.321769952774048,758.0,0.2391739934682846,4.469000103313192e-08,1.275670001632534e-06,24.99519920349121,0.2499990016222,3013,2522934971774012357,3424214,198.12703752,-29.96866809,0.02724749967455864,0.025098400190472603,56066.5128224,19.680200576782227,0.05519099906086922,19.215299606323242,0.003498000092804432,19.280799865722656,0.061813998967409134,262160391,524288,0,1,2035.5699462890625,6223.68994140625,0.10898999869823456,0.10039299726486206,1.121359944343567,1.0520700216293335,19.135799407958984,0.2088800072669983,3.075499974998638e-15,0.9995219707489014,0.9995219707489014,1.273859977722168,0.21806399524211884,-0.0002689640095923096,0.246848002076149,1.0268399715423584,0.8449950218200684,4.8743699153419584e-05,2.69021006715775e-06,7.479650230379775e-05,2.6164499900005467e-07,0.8865320086479187,2.75,7.041489880066365e-05,4.352620180725353e-06,2.5670900344848633,420.0,7.887800216674805,1.0510300185728738e-08,3.0101000447757542e-06,25.014799118041992,0.25,3013,2522939532760845253,3441205,198.1270342,-29.96863684,0.02491449937224388,0.025377800688147545,55870.6568559,18.68280029296875,0.03864099830389023,18.72260093688965,0.0025390000082552433,18.838899612426758,0.05996000021696091,262144069,524416,0,3,2035.5999755859375,6224.1201171875,0.09965799748897552,0.10151100158691406,1.2276500463485718,1.1587400436401367,-52.67900085449219,0.41630199551582336,-0.7811070084571838,0.9990299940109253,0.9990299940109253,1.1724400520324707,0.20916999876499176,-0.021656999364495277,0.1775590032339096,0.926239013671875,0.7908779978752136,0.00012215200695209205,4.720030119642615e-06,0.00011774599988711998,2.990099972066673e-07,0.8974570035934448,3.0,0.00010578899673419073,6.343099812511355e-06,2.3155999183654785,520.0,-0.27787598967552185,1.797710069695313e-08,6.016400220687501e-06,25.017000198364258,0.25,0.016553740741227296,,,,,,,,,,,,,,,,,
PSO J131231.627-295814.189,-999,-999,-999,72031981317525461,1052323000025986,502008662484353,0,11090992918171,7203,1,678,50,0.408011708788585,1052323,116883,3,436363264,52,198.13180241,-29.97063555,0.0010000000474974513,0.0010000000474974513,198.13178331,-29.9706083,0.0745600014925003,0.10999000072479248,56374.6958912,1.072100043296814,-0.8232650394276223,-0.2695900565541261,-0.4995556788420873,208.4494201134889,-20.55440325280801,308.35858612869134,32.678827828192595,-999,4,4,0,0,3,1,0,1006358000004325,1,0,3342,2522933911990832398,3420266,198.13180876,-29.97063642,0.3526949882507324,0.3217709958553314,55923.2465509,23.675399780273438,0.562978982925415,25.149999618530273,0.04596799984574318,-999.0,-999.0,35651585,4,196608,4,1976.5400390625,405.2170104980469,1.4107799530029297,1.2870800495147705,1.7943099737167358,1.6037299633026123,87.04460144042969,-0.12934699654579163,-999.0,0.9984620213508606,0.9984620213508606,1.219249963760376,-999.0,-999.0,-999.0,-999.0,-999.0,1.2298199862925685e-06,6.923619935150782e-07,3.162319899274735e-07,1.4536699843858969e-08,0.9003080129623413,3.2500100135803223,-999.0,-999.0,-999.0,577.0,-999.0,4.000780151613981e-08,1.0068199571833247e-06,24.988399505615234,0.2500010132789612,3342,2522938591626136846,3437699,198.13180852,-29.97063555,0.21728399395942688,0.20489799976348877,56242.4606949,23.188800811767578,0.3941139876842499,23.94219970703125,0.02318199910223484,-999.0,-999.0,35651585,4,196608,8,1976.5400390625,405.2170104980469,0.8691340088844299,0.8195909857749939,1.5560699701309204,1.51951003074646,13.551600456237793,0.05933289974927902,-999.0,0.9995920062065125,0.9995920062065125,1.7001500129699707,-999.0,-999.0,-999.0,-999.0,-999.0,1.9251799585617846e-06,7.587390200569644e-07,9.618739795769216e-07,2.2298600299563986e-08,0.8952469825744629,3.0000100135803223,-999.0,-999.0,-999.0,752.0,-999.0,4.251669949439929e-08,1.1800600532296812e-06,24.99959945678711,0.25,3342,2522934501206658318,3422461,198.13178955,-29.97062753,0.033709101378917694,0.03169209882616997,56165.2205941,21.73069953918457,0.08165299892425537,21.62179946899414,0.0072730001993477345,21.687299728393555,0.12025000154972076,35651585,0,196608,12,1976.77001953125,405.3330078125,0.13483600318431854,0.12676799297332764,0.981203019618988,0.9446430206298828,20.72369956970215,0.7304450273513794,0.02278199978172779,0.9973809719085693,0.9973809719085693,1.2358499765396118,0.13923799991607666,-0.011504399590194225,0.18166600167751312,0.8760820031166077,0.6739090085029602,7.373980224656407e-06,6.021069793860079e-07,8.152350346790627e-06,5.9292798226806553e-08,0.8785349726676941,2.5,7.675360393477604e-06,9.229610213878914e-07,2.190200090408325,912.0,2.2770700454711914,5.210259956811569e-08,1.2581499504449312e-06,25.01110076904297,0.25,3342,2522934974458367246,3424224,198.13179635,-29.97063613,0.07154589891433716,0.06818559765815735,55889.6022335,21.207300186157227,0.14828099310398102,21.58679962158203,0.00977800041437149,21.278099060058594,0.2888590097427368,35651585,0,196608,3,1976.699951171875,405.2139892578125,0.2861829996109009,0.27274200320243835,1.1294499635696411,1.0820800065994263,31.78219985961914,0.39122599363327026,0.11902900040149689,0.9987969994544983,0.9987969994544983,1.2683600187301636,0.17207899689674377,0.0644989013671875,0.19624200463294983,0.9496610164642334,0.6692180037498474,1.1942500350414775e-05,1.770849962667853e-06,8.419519872404635e-06,8.232500192661973e-08,0.8891630172729492,2.75,1.1188300049980171e-05,3.2318400826625293e-06,2.374150037765503,480.0,1.558859944343567,1.0854999565879098e-08,2.771909976218012e-06,25.019399642944336,0.25,3342,2522939535445200142,3441215,198.13180892,-29.97063643,0.11397799849510193,0.11003699898719788,55878.905297,20.86210060119629,0.23407100141048431,22.15959930419922,0.011653999797999859,-999.0,-999.0,35651585,4,196608,5,1976.5400390625,405.2170104980469,0.4559110105037689,0.4401490092277527,1.2355799674987793,1.2130099534988403,3.818739891052246,0.40242499113082886,-999.0,0.9996389746665955,0.9996389746665955,1.1162300109863281,-999.0,-999.0,-999.0,-999.0,-999.0,1.6411799151683226e-05,3.841530087811407e-06,4.967600034433417e-06,5.7894098404176475e-08,0.8952469825744629,3.0,-999.0,-999.0,-999.0,580.0,-999.0,2.1678999928553822e-07,5.9196099755354226e-06,25.03339958190918,0.25,0.013209521836271186,,,,,,,,,,,,,,,,,
PSO J131231.627-295814.189,-999,-999,-999,72031981317525461,1052323000025986,502008662484353,0,11090992918171,7203,1,678,50,0.408011708788585,1052323,116883,3,436363264,52,198.13180241,-29.97063555,0.0010000000474974513,0.0010000000474974513,198.13178331,-29.9706083,0.0745600014925003,0.10999000072479248,56374.6958912,1.072100043296814,-0.8232650394276223,-0.2695900565541261,-0.4995556788420873,208.4494201134889,-20.55440325280801,308.35858612869134,32.678827828192595,-999,4,4,0,0,3,1,0,1006820000005437,0,0,2931,2522933909306477427,3420256,198.13180266,-29.97061638,0.9378349781036377,0.8305259943008423,55760.8538454,23.999399185180664,1.298359990119934,-999.0,0.027629999443888664,-999.0,-999.0,35651585,4,0,2,1976.6099853515625,6194.4599609375,3.751339912414551,3.3220999240875244,1.8059699535369873,1.7345199584960938,69.87069702148438,0.2104009985923767,-999.0,0.9997889995574951,0.9997889995574951,1.2267500162124634,-999.0,-999.0,-999.0,-999.0,-999.0,9.12478014925e-07,1.184729967462772e-06,-9.97971028482425e-07,2.7574399652507964e-08,0.9138979911804199,4.0,-999.0,-999.0,-999.0,491.0,-999.0,2.0826199431667192e-08,1.3334399682207732e-06,24.967599868774414,0.25,2931,2522938588941781875,3437689,198.13180274,-29.97061949,-999.0,-999.0,56036.21524,-999.0,-999.0,-999.0,-999.0,-999.0,-999.0,0,4,0,2,1976.6099853515625,6194.4599609375,-999.0,-999.0,1.4749599695205688,1.429550051689148,-83.92130279541016,0.1006459966301918,-999.0,0.6309249997138977,0.6309249997138977,-999.0,-999.0,-999.0,-999.0,-999.0,-999.0,-1.4472800103249028e-05,-999.0,-999.0,-999.0,0.0,3.2499899864196777,-999.0,-999.0,-999.0,752.0,-999.0,4.269629982900369e-08,1.7195900454680668e-06,24.98900032043457,0.2499990016222,2931,2522934498522303347,3422451,198.13179267,-29.97061226,0.03450009971857071,0.03128090128302574,56227.080465,21.674699783325195,0.08012700080871582,21.600400924682617,0.007927999831736088,21.68869972229004,0.11378099769353867,35651585,0,0,11,1976.72998046875,6194.56005859375,0.1380009949207306,0.125123992562294,1.0274900197982788,0.979682981967926,28.244800567626953,0.5487279891967773,0.12288600206375122,0.9975579977035522,0.9975579977035522,1.253909945487976,0.13273699581623077,-0.0021925698965787888,0.1722410023212433,0.8121060132980347,0.6938599944114685,7.764640031382442e-06,6.221579837983882e-07,8.314519618579652e-06,6.591810119971342e-08,0.8689860105514526,2.4999899864196777,7.664800250495318e-06,8.721120252630499e-07,2.0302600860595703,758.0,1.5427700281143188,5.114720025289898e-08,1.2636900237339432e-06,24.99519920349121,0.2499990016222,2931,2522934971774012275,3424214,198.13179671,-29.97064037,0.071669802069664,0.06601689755916595,56066.5128224,21.210500717163086,0.14517000317573547,21.555999755859375,0.010280000045895576,21.29829978942871,0.3125939965248108,35651585,0,0,3,1976.68994140625,6194.14990234375,0.2866789996623993,0.26406699419021606,1.1184099912643433,1.0496699810028076,18.834199905395508,0.21289700269699097,0.014208800159394741,0.9981439709663391,0.9981439709663391,1.3473700284957886,0.15821599960327148,0.052896201610565186,0.18857799470424652,0.9660689830780029,0.7709130048751831,1.1906499821634497e-05,1.7284700106756645e-06,8.661560059408657e-06,8.903700177143037e-08,0.8812710046768188,2.75,1.098160009860294e-05,3.4327799767197575e-06,2.4151699542999268,420.0,2.4519400596618652,5.709780204199433e-09,3.0659700769319898e-06,25.014799118041992,0.25,2931,2522939532760845171,3441205,198.13180241,-29.97061713,0.1170630007982254,0.10773400217294693,55870.6568559,20.776100158691406,0.22241799533367157,21.05340003967285,0.0074280002154409885,-999.0,-999.0,35651585,4,0,5,1976.6099853515625,6194.4599609375,0.46825000643730164,0.43093401193618774,1.2275999784469604,1.160159945487976,-52.40190124511719,0.41401898860931396,-999.0,0.9996370077133179,0.9996370077133179,1.1086499691009521,-999.0,-999.0,-999.0,-999.0,-999.0,1.7765400116331875e-05,3.951350208808435e-06,1.3760500223725103e-05,1.0221800295084904e-07,0.8864049911499023,3.0,-999.0,-999.0,-999.0,520.0,-999.0,7.81858986442785e-08,6.041389951860765e-06,25.017000198364258,0.25,0.013209521836271186,,,,,,,,,,,,,,,,,
PSO J131232.262-295712.289,-999,-999,-999,72051981344666168,1052323000026184,502008662484551,0,11090992924362,7205,1,678,50,0.134082370562556,1052323,116883,3,436281344,52,198.13443913,-29.95345475,0.0010000000474974513,0.0010000000474974513,198.13442831,-29.95341377,0.13604000210762024,0.08653999865055084,56108.89803241,1.82260000705719,-0.8233950268148539,-0.2696747106679911,-0.49929568418192966,208.4442460212279,-20.537747047781107,308.36328160300275,32.69571823178555,-999,3,3,0,1,2,0,0,1006358000004369,1,0,3287,2522933911990832343,3420266,198.13443913,-29.95345475,0.13159799575805664,0.12005999684333801,55923.2465509,22.493900299072266,0.2100590020418167,22.143699645996094,0.011513999663293362,-999.0,-999.0,35651585,4,196608,3,1938.97998046875,652.0960083007812,0.5263890027999878,0.4802370071411133,1.7748199701309204,1.589210033416748,85.33370208740234,-0.10978999733924866,-999.0,0.9980549812316895,0.956620991230011,1.2155499458312988,-999.0,-999.0,-999.0,-999.0,-999.0,3.6513999930321006e-06,7.670100217183062e-07,5.040819814894348e-06,5.8038100547719296e-08,0.9153760075569153,3.2500100135803223,-999.0,-999.0,-999.0,577.0,-999.0,2.3773100821244952e-08,9.618800049793208e-07,24.988399505615234,0.2500010132789612,3287,2522938591626136791,3437699,198.13441282,-29.95340672,0.04605729877948761,0.043431900441646576,56242.4606949,21.697900772094727,0.08354000002145767,22.48390007019043,0.011843999847769737,22.26609992980957,0.16914300620555878,35651585,0,196608,10,1939.2900390625,652.7830200195312,0.18422900140285492,0.17372700572013855,1.5565099716186523,1.5169299840927124,13.364299774169922,0.0592132993042469,-1.8223699953523465e-05,0.9992160201072693,0.9992160201072693,1.4327399730682373,0.2242880016565323,0.053578298538923264,0.1658259928226471,0.9222890138626099,0.5198469758033752,7.600230219395598e-06,6.349200134536659e-07,3.685079946080805e-06,4.364569861081691e-08,0.8952469825744629,3.0000100135803223,4.5037500058242586e-06,7.617790060976404e-07,2.305720090866089,752.0,-4.285610198974609,4.09744984608551e-08,1.1734699683074723e-06,24.99959945678711,0.25,3287,2522934501206658263,3422461,198.13443148,-29.95344009,0.03449520096182823,0.03243130072951317,56165.2205941,21.701200485229492,0.08355700224637985,21.961299896240234,0.008503999561071396,21.862600326538086,0.12814800441265106,35651585,0,196608,10,1939.06005859375,652.2940063476562,0.13798099756240845,0.12972499430179596,0.9781320095062256,0.944504976272583,16.867000579833984,0.7492290139198303,-0.9390220046043396,0.9965469837188721,0.9965469837188721,1.2756999731063843,0.14799100160598755,0.007526000030338764,0.12462799996137619,0.7538380026817322,0.6607850193977356,7.577650194434682e-06,6.331679855975381e-07,5.963199782854645e-06,5.0710799115449845e-08,0.8817179799079895,2.5,6.530609880428528e-06,8.368839985450904e-07,1.884600043296814,912.0,-0.07649970054626465,4.6452100832539145e-08,1.2537300335679902e-06,25.01110076904297,0.25,3287,2522934974458367191,3424224,198.13445314,-29.95351182,0.08098260313272476,0.07717909663915634,55889.6022335,21.71649932861328,0.16783900558948517,21.99449920654297,0.01179799996316433,22.041000366210938,0.3010149896144867,35651585,0,196608,5,1938.8199462890625,651.2620239257812,0.3239299952983856,0.3087159991264343,1.1281299591064453,1.0809600353240967,37.88330078125,0.40667399764060974,-0.322860985994339,0.9984019994735718,0.9984019994735718,1.2126799821853638,0.23671799898147583,0.056677598506212234,0.10407199710607529,0.8191400170326233,0.5169619917869568,7.471200206055073e-06,1.253960022040701e-06,5.783449978480348e-06,6.823089648833047e-08,0.8839020133018494,2.75,5.541110112972092e-06,1.667959963924659e-06,2.0478498935699463,480.0,-0.9885969758033752,1.0838499875376328e-08,2.5941699277609587e-06,25.019399642944336,0.25,3287,2522939535445200087,3441215,198.13443927,-29.95345483,0.40466299653053284,0.3906730115413666,55878.905297,22.334800720214844,0.8310400247573853,21.95319938659668,0.010596999898552895,-999.0,-999.0,35651585,4,196608,5,1938.97998046875,652.0960083007812,1.618649959564209,1.562690019607544,1.238569974899292,1.2147899866104126,4.412209987640381,0.3978410065174103,-999.0,0.9984319806098938,0.9984319806098938,1.3563799858093262,-999.0,-999.0,-999.0,-999.0,-999.0,4.227330009598518e-06,3.5130799460603157e-06,6.007870069879573e-06,6.366799709667248e-08,0.8974570035934448,3.0,-999.0,-999.0,-999.0,580.0,-999.0,1.9969000675246207e-07,5.921970114286523e-06,25.03339958190918,0.25,0.015462448721680818,,,,,,,,,,,,,,,,,
PSO J131233.162-295714.930,-999,-999,-999,72051981380895217,1052323000026463,502008662484830,0,11090992925630,7205,1,678,50,0.0183226121760184,1052323,116883,3,436527104,52,198.13817702,-29.95414727,0.0010000000474974513,0.0010000000474974513,198.13815253,-29.95413305,0.10196000337600708,0.10130999982357025,56250.38832176,2.8552000522613525,-0.8233715395891811,-0.2697262793668573,-0.4993065611560233,208.4477086318109,-20.537102565996154,308.3670145866554,32.694688525092936,-999,5,13,1,5,5,2,0,1006358000004424,1,1,3210,2522933911990832266,3420266,198.13817702,-29.95417699,0.11540800333023071,0.10528899729251862,55923.2465509,22.515600204467773,0.18421700596809387,22.610700607299805,0.014275999739766121,22.423900604248047,0.21563899517059326,195035141,655360,196608,4,1892.5,640.802978515625,0.4616299867630005,0.42115500569343567,1.7792500257492065,1.5928499698638916,86.44329833984375,-0.11456800252199173,0.3321169912815094,0.9986730217933655,0.9986730217933655,1.1527099609375,0.2883110046386719,-0.05318420007824898,0.2612850069999695,0.9353190064430237,0.7794269919395447,3.578830046535586e-06,6.592809995709104e-07,3.278800022599171e-06,4.680800103074034e-08,0.9003080129623413,3.2500100135803223,3.894509973179083e-06,8.398080240112904e-07,2.3382999897003174,577.0,0.9698600172996521,2.7275200764620422e-08,9.58875034484663e-07,24.988399505615234,0.2500010132789612,3210,2522938591626136714,3437699,198.13813741,-29.95414727,0.03385930135846138,0.031929198652505875,56242.4606949,21.361799240112305,0.06141500174999237,21.361000061035156,0.007062000222504139,21.35070037841797,0.07686900347471237,195035141,655360,196608,10,1892.97998046875,641.22802734375,0.1354369968175888,0.1277170032262802,1.5597800016403198,1.5203900337219238,13.249500274658203,0.047325801104307175,0.10644599795341492,0.9986379742622375,0.9986379742622375,1.4629199504852295,0.27569299936294556,-0.004609629977494478,0.2677760124206543,0.9688900113105774,0.7259910106658936,1.0358299732615706e-05,6.361519808706362e-07,1.036609955917811e-05,7.320259953758068e-08,0.904088020324707,3.0000100135803223,1.0464399565535132e-05,8.043809884838993e-07,2.4222300052642822,752.0,1.6143699884414673,4.275990050928158e-08,1.171729991256143e-06,24.99959945678711,0.25,3210,2522934501206658186,3422461,198.13818111,-29.95415394,0.022432800382375717,0.02109060063958168,56165.2205941,21.290700912475586,0.05433899909257889,20.93720054626465,0.005305999889969826,21.032699584960938,0.07248199731111526,262160391,655360,196608,13,1892.4300537109375,641.1190185546875,0.08973120152950287,0.08436240255832672,0.9758920073509216,0.9407119750976562,16.822399139404297,0.7669000029563904,5.1383300160523504e-05,0.9964650273323059,0.9964650273323059,1.2581599950790405,0.18652699887752533,-0.0056248800829052925,0.18115200102329254,0.9603250026702881,0.7856320142745972,1.105920000554761e-05,6.00941007178335e-07,1.531529960629996e-05,8.126870199021141e-08,0.872169017791748,2.5,1.4024900337972213e-05,1.0165599633182865e-06,2.4008100032806396,912.0,4.0492401123046875,5.304769956637756e-08,1.2486500509112375e-06,25.01110076904297,0.25,3210,2522934974458367114,3424224,198.13812257,-29.9541083,0.05223590135574341,0.04978249967098236,55889.6022335,21.23240089416504,0.10826099663972855,21.080699920654297,0.007745000068098307,21.06130027770996,0.14121399819850922,262160391,655360,196608,5,1893.1600341796875,641.7960205078125,0.20894299447536469,0.19912999868392944,1.1266499757766724,1.0800800323486328,35.29869842529297,0.4140309989452362,0.0014620500151067972,0.9984210133552551,0.9984210133552551,1.2454099655151367,0.22116200625896454,-0.023083699867129326,0.2327899932861328,0.9066449999809265,0.8135510087013245,1.1669600098684896e-05,1.2633599908440374e-06,1.3419199603958987e-05,1.0393299731958905e-07,0.8944240212440491,2.75,1.3661399862030521e-05,1.929179916260182e-06,2.2666099071502686,480.0,3.182110071182251,1.8557999581503282e-08,2.623919954203302e-06,25.019399642944336,0.25,3210,2522939535445200010,3441215,198.13825845,-29.95407668,0.07803980261087418,0.07534179836511612,55878.905297,20.659700393676758,0.16026699542999268,20.666900634765625,0.005861000157892704,20.734600067138672,0.22192999720573425,195035141,655360,196608,7,1891.4599609375,642.22998046875,0.31215900182724,0.30136799812316895,1.2437700033187866,1.2176899909973145,5.430880069732666,0.3844529986381531,0.48703399300575256,0.9995880126953125,0.9995880126953125,1.5118000507354736,0.2196190059185028,-0.04478520154953003,0.23847399652004242,0.8717420101165771,0.8005409836769104,1.977539977815468e-05,3.169350065945764e-06,1.9643799532786943e-05,1.1512599940033397e-07,0.8952469825744629,3.0,1.8457300029695034e-05,4.096239990758477e-06,2.179349899291992,580.0,0.6950340270996094,2.1894200585848012e-07,5.9043700275651645e-06,25.03339958190918,0.25,0.013014854397437565,,,,,,,,,,,,,,,,,
PSO J131230.933-295730.461,-999,-999,-999,72051981289450148,1052323000025788,502008662484155,0,11090992927444,7205,1,678,50,0.132340753574242,1052323,116883,3,436527104,52,198.12886413,-29.95849592,0.0010000000474974513,0.0010000000474974513,198.12888797,-29.95846159,0.025180000811815262,0.030899999663233757,56217.43841435,0.9922000169754028,-0.8233792916976467,-0.26958140112244583,-0.4993720158081955,208.4417322775532,-20.544303075047015,308.35702189337985,32.69116075233733,-999,3,15,0,1,9,3,2,1006358000004291,1,1,3380,2522933911990832436,3420266,198.12886413,-29.95849674,0.15896299481391907,0.14502499997615814,55923.2465509,22.68720054626465,0.25374001264572144,21.93630027770996,0.010464999824762344,-999.0,-999.0,186646529,655364,196608,3,2009.97998046875,580.7890014648438,0.6358489990234375,0.5800979733467102,1.7824900150299072,1.5947400331497192,85.3051986694336,-0.11697100102901459,-999.0,0.9631289839744568,0.9631289839744568,1.155809998512268,-999.0,-999.0,-999.0,-999.0,-999.0,3.0558799153368454e-06,7.753989734737843e-07,6.102150109654758e-06,6.385629802707626e-08,0.48217400908470154,3.2500100135803223,-999.0,-999.0,-999.0,577.0,-999.0,3.014410054902328e-08,9.927430255629588e-07,24.988399505615234,0.2500010132789612,3380,2522938591626136884,3437699,198.12886389,-29.95849592,0.05376660078763962,0.0507018007338047,56242.4606949,21.69879913330078,0.09752299636602402,21.098600387573242,0.006258000154048204,-999.0,-999.0,186646529,655364,196608,8,2009.97998046875,580.7890014648438,0.21506600081920624,0.2028069943189621,1.5542099475860596,1.5182499885559082,13.658499717712402,0.06576810032129288,-999.0,0.9664660096168518,0.9664660096168518,1.5768400430679321,-999.0,-999.0,-999.0,-999.0,-999.0,7.593860118504381e-06,7.405749897770875e-07,1.3199900422478095e-05,8.260460049314133e-08,0.565883994102478,3.0000100135803223,-999.0,-999.0,-999.0,752.0,-999.0,4.3644998726222184e-08,1.1845399967569392e-06,24.99959945678711,0.25,3380,2522934501206658356,3422461,198.12887811,-29.95850204,0.018717899918556213,0.018227199092507362,56165.2205941,20.763399124145508,0.03369399905204773,20.916400909423828,0.0052559999749064445,20.97640037536621,0.05635499954223633,262144005,524416,196608,13,2009.800048828125,580.6939697265625,0.07487159967422485,0.07290849834680557,0.9824029803276062,0.9485530257225037,19.519800186157227,0.7191569805145264,0.17835600674152374,0.9975709915161133,0.9975709915161133,1.2664400339126587,0.15662600100040436,0.012034899555146694,0.1233460009098053,0.7830290198326111,0.7144070267677307,1.797299955796916e-05,6.055799985915655e-07,1.561130011396017e-05,8.205019952356452e-08,0.8817179799079895,2.5,1.47714999911841e-05,8.324479949806118e-07,1.95756995677948,912.0,1.345829963684082,4.464330061182409e-08,1.2585900321937515e-06,25.01110076904297,0.25,3380,2522934974458367284,3424224,198.12884848,-29.95845952,0.028248099610209465,0.026921400800347328,55889.6022335,20.204999923706055,0.05854500085115433,19.978500366210938,0.004662000108510256,20.090200424194336,0.10192099958658218,262160391,524288,196608,3,2010.1700439453125,581.3209838867188,0.11299200356006622,0.10768499970436096,1.1303800344467163,1.0828299522399902,36.850101470947266,0.38985899090766907,5.881419795628062e-10,0.9982309937477112,0.9659109711647034,1.469689965248108,0.22686399519443512,0.021005699411034584,0.15155699849128723,1.0967299938201904,0.8312150239944458,3.006209954037331e-05,1.7599900274944957e-06,3.703499896801077e-05,1.72661003716712e-07,0.8891630172729492,2.75,3.341359843034297e-05,3.405539928280632e-06,2.7418301105499268,480.0,6.193580150604248,8.402549767083656e-09,2.652569946803851e-06,25.019399642944336,0.25,3380,2522939535445200180,3441215,198.12886568,-29.95849178,0.04596110060811043,0.04437220096588135,55878.905297,19.875999450683594,0.09438899904489517,19.887399673461914,0.004093000199645758,20.097000122070312,0.15046299993991852,195035141,655360,196608,5,2009.9599609375,580.8619995117188,0.18384499847888947,0.1774889975786209,1.2325299978256226,1.211400032043457,2.9710700511932373,0.4106769859790802,0.5166959762573242,0.9989309906959534,0.9989309906959534,1.2231999635696411,0.20013800263404846,0.021914899349212646,0.1891230046749115,0.8864039778709412,0.7262889742851257,4.070149952895008e-05,3.841760189970955e-06,4.0275299397762865e-05,1.648469947213016e-07,0.9018779993057251,3.0,3.320460018585436e-05,4.9960799515247345e-06,2.216010093688965,580.0,0.6484460234642029,2.3177500452220556e-07,5.950430022494402e-06,25.03339958190918,0.25,0.01616316715819578,,,,,,,,,,,,,,,,,
PSO J131231.483-295731.523,-999,-999,-999,72041981312179715,1052323000025937,502008662484304,0,11090992929975,7204,1,678,50,0.219697123598025,1052323,116883,3,436527232,52,198.13118009,-29.95875657,0.0010000000474974513,0.0010000000474974513,198.13118266,-29.95873414,0.021330000832676888,0.02913999930024147,56270.59450231,1.767899990081787,-0.8233662368106671,-0.2696136379298047,-0.4993761371176005,208.4437921940949,-20.543749831126963,308.35934154511415,32.690696366961355,-999,5,30,5,8,14,3,0,1006358000004317,1,1,3349,2522933911990832405,3420266,198.13117145,-29.95875738,0.0299260001629591,0.027302099391818047,55923.2465509,20.793800354003906,0.0477680005133152,20.693300247192383,0.005903999786823988,20.678199768066406,0.0571880005300045,195035141,524288,196608,3,1981.239990234375,576.4869995117188,0.11970300227403641,0.10920800268650055,1.7850099802017212,1.5967600345611572,85.95549774169922,-0.11995399743318558,0.055313799530267715,0.9985910058021545,0.9985910058021545,1.2197400331497192,0.2674500048160553,-0.024431800469756126,0.3647029995918274,1.1081700325012207,0.8518630266189575,1.747759961290285e-05,8.34879017475032e-07,1.91726994671626e-05,1.1318900305923307e-07,0.9003080129623413,3.2500100135803223,1.9440600226516835e-05,1.1117699614260346e-06,2.7704100608825684,577.0,1.9163999557495117,3.208279863997632e-08,9.901749535856652e-07,24.988399505615234,0.2500010132789612,3349,2522938591626136853,3437699,198.13118009,-29.95874144,0.030674800276756287,0.030046099796891212,56242.4606949,20.693099975585938,0.038423001766204834,20.520299911499023,0.004794999957084656,20.626800537109375,0.0520160011947155,262144005,524416,196608,8,1981.1300048828125,576.7030029296875,0.12269899994134903,0.12018399685621262,1.5558099746704102,1.5193400382995605,13.566100120544434,0.060218699276447296,0.1534229964017868,0.9987789988517761,0.9987789988517761,1.5624699592590332,0.2710860073566437,-0.019967999309301376,0.2979699969291687,1.1187900304794312,0.8430899977684021,1.917689951369539e-05,7.368370233962196e-07,2.2484400687972084e-05,1.0781000270299046e-07,0.8952469825744629,3.0000100135803223,2.0384199160616845e-05,1.0602999509501387e-06,2.7969799041748047,752.0,1.4275399446487427,4.468439840366045e-08,1.183929953185725e-06,24.99959945678711,0.25,3349,2522934501206658325,3422461,198.13118689,-29.95874245,0.01254040002822876,0.011790099553763866,56165.2205941,20.60219955444336,0.030376000329852104,20.16119956970215,0.0037120000924915075,20.251100540161133,0.03954799845814705,262160391,524416,196608,11,1981.030029296875,576.6829833984375,0.05016149953007698,0.04716020077466965,0.9808750152587891,0.9461420178413391,19.386499404907227,0.7305650115013123,7.543619950922675e-09,0.9967420101165771,0.9967420101165771,1.2780400514602661,0.17379899322986603,-0.020610999315977097,0.21011699736118317,1.0421600341796875,0.8191210031509399,2.085089909087401e-05,6.333739861474896e-07,3.129800097667612e-05,1.1617699868793352e-07,0.8849009871482849,2.5,2.881170075852424e-05,1.1394599823688623e-06,2.6054000854492188,912.0,5.778349876403809,4.8996401602607875e-08,1.2556899946503108e-06,25.01110076904297,0.25,3349,2522934974458367253,3424224,198.13118101,-29.95875657,0.03812690079212189,0.03633619844913483,55889.6022335,20.54490089416504,0.07901900261640549,20.208900451660156,0.005183999892324209,20.277599334716797,0.10079099982976913,262160391,524288,196608,3,1981.1199951171875,576.4879760742188,0.1525070071220398,0.14534500241279602,1.1294000148773193,1.0822299718856812,35.24489974975586,0.3941429853439331,1.8512999304221012e-05,0.9980800151824951,0.9980800151824951,1.4663699865341187,0.20862899720668793,-0.025373399257659912,0.24828200042247772,1.0104800462722778,0.7743080258369446,2.198000038333703e-05,1.736839976729243e-06,2.9951799660921097e-05,1.5527399455095292e-07,0.8733789920806885,2.75,2.8116899557062425e-05,2.8339400159893557e-06,2.5261900424957275,480.0,4.282110214233398,1.3336100224137226e-08,2.6706500193540705e-06,25.019399642944336,0.25,3349,2522939535445200149,3441215,198.13115516,-29.95890204,0.07034920156002045,0.06791719794273376,55878.905297,20.33930015563965,0.14447399973869324,20.16010093688965,0.004641000181436539,20.266000747680664,0.1780090034008026,195035141,655360,196608,5,1981.489990234375,574.4080200195312,0.2813970148563385,0.2716690003871918,1.235129952430725,1.2127699851989746,3.700010061264038,0.40364599227905273,0.0888444036245346,0.9995750188827515,0.9995750188827515,1.181730031967163,0.23526500165462494,0.013528100214898586,0.2583329975605011,0.9088109731674194,0.856332004070282,2.6562600396573544e-05,3.837590156763326e-06,3.132900019409135e-05,1.4539000403601676e-07,0.8819839954376221,3.0,2.8417700377758592e-05,5.058609986008378e-06,2.2720301151275635,580.0,1.7015299797058105,2.457950074585824e-07,5.941809831710998e-06,25.03339958190918,0.25,0.014254136003439662,,,,,,,,,,,,,,,,,
PSO J131233.202-295736.252,-999,-999,-999,72041981383438202,1052323000042266,502008662501854,0,11090992931682,7204,1,678,50,0.0480176592692897,1052323,116883,3,1343750144,160,198.13834339,-29.96007026,0.0010000000474974513,0.0010000000474974513,198.13834339,-29.96007026,0.0010000000474974513,0.0010000000474974513,56044.04719907,-999.0,-0.8233214676827225,-0.2697129133492689,-0.4993963408210132,208.450429585925,-20.542467787894086,308.3665237653411,32.68876339384891,-999,1,0,0,0,0,0,0,1006358000009560,1,0,3208,2522933911990832264,3420266,198.13834333,-29.96007103,0.957319974899292,0.8733839988708496,55923.2465509,-999.0,1.528090000152588,-999.0,0.027482999488711357,-999.0,-999.0,35651585,4,196608,4,1892.0400390625,555.8590087890625,3.8292698860168457,3.4935200214385986,1.79475998878479,1.6037499904632568,88.11100006103516,-0.13114899396896362,-999.0,0.9980220198631287,0.9980220198631287,1.283370018005371,-999.0,-999.0,-999.0,-999.0,-999.0,-4.241049964548438e-07,6.480719889623288e-07,-8.42059989736299e-07,2.3142700200651234e-08,0.9116089940071106,3.2500100135803223,-999.0,-999.0,-999.0,577.0,-999.0,3.92678991545381e-08,9.845019803833566e-07,24.988399505615234,0.2500010132789612,3208,2522938591626136712,3437699,198.13834308,-29.96007016,0.520576000213623,0.49090200662612915,56242.4606949,24.168899536132812,0.9442309737205505,-999.0,0.017549000680446625,-999.0,-999.0,35651585,4,196608,7,1892.0400390625,555.8590087890625,2.0822999477386475,1.9636000394821167,1.56072998046875,1.5226800441741943,13.293600082397461,0.04307140037417412,-999.0,0.9985730051994324,0.9985730051994324,1.6541399955749512,-999.0,-999.0,-999.0,-999.0,-999.0,7.806240205354698e-07,7.370890102720296e-07,-1.5684099707868882e-06,2.752349992363179e-08,0.9018779993057251,3.0000100135803223,-999.0,-999.0,-999.0,752.0,-999.0,4.85709001907253e-08,1.1840199931612005e-06,24.99959945678711,0.25,3208,2522934501206658184,3422461,198.13834015,-29.96008399,0.06266169995069504,0.058912500739097595,56165.2205941,22.360300064086914,0.1517840027809143,22.27589988708496,0.009829999879002571,22.53820037841797,0.24150800704956055,35651585,0,196608,10,1892.0799560546875,555.656982421875,0.2506459951400757,0.23565000295639038,0.9759719967842102,0.9382990002632141,19.2992000579834,0.7660520076751709,-0.8832610249519348,0.9966800212860107,0.9966800212860107,1.3218400478363037,0.11743900179862976,-0.07893549650907516,0.1511089950799942,0.7538380026817322,0.4393939971923828,4.129340140934801e-06,6.267699745876598e-07,4.4630000957113225e-06,4.3870599597539695e-08,0.8817179799079895,2.5,3.50538994098315e-06,8.465809742119745e-07,1.884600043296814,912.0,-0.1468369960784912,6.413569764163185e-08,1.2466999805837986e-06,25.01110076904297,0.25,3208,2522934974458367112,3424224,198.13834332,-29.96007037,0.2194889932870865,0.20917999744415283,55889.6022335,22.3794002532959,0.45489799976348877,21.236400604248047,0.008321000263094902,-999.0,-999.0,35651585,4,196608,2,1892.0400390625,555.8590087890625,0.8779550194740295,0.8367210030555725,1.1273599863052368,1.0803699493408203,29.867000579833984,0.40618300437927246,-999.0,0.9906439781188965,0.9887250065803528,1.1905900239944458,-999.0,-999.0,-999.0,-999.0,-999.0,4.057329988427227e-06,1.845669999056554e-06,1.1626099876593798e-05,9.673990319924997e-08,0.826026976108551,2.75,-999.0,-999.0,-999.0,480.0,-999.0,2.9371999943350602e-08,2.734260078796069e-06,25.019399642944336,0.25,3208,2522939535445200008,3441215,198.13834345,-29.96007107,0.1965869963169098,0.18978999555110931,55878.905297,21.451900482177734,0.40372300148010254,20.7721004486084,0.0061519998125731945,-999.0,-999.0,35651585,4,196608,5,1892.0400390625,555.8590087890625,0.7863479852676392,0.7591620087623596,1.244230031967163,1.217900037765503,5.555469989776611,0.38155999779701233,-999.0,0.9987329840660095,0.9987329840660095,1.215649962425232,-999.0,-999.0,-999.0,-999.0,-999.0,9.533219781587832e-06,3.84878012482659e-06,1.7830199794843793e-05,1.0968300045988144e-07,0.9018779993057251,3.0,-999.0,-999.0,-999.0,580.0,-999.0,2.917259962487151e-07,5.917499947827309e-06,25.03339958190918,0.25,0.008316837919336535,,,,,,,,,,,,,,,,,
PSO J131233.127-295729.608,-999,-999,-999,72051981380490405,1052323000026458,502008662484825,0,11090992934522,7205,1,678,50,0.146946974235537,1052323,116883,3,436527104,52,198.13805205,-29.95822596,0.0010000000474974513,0.0010000000474974513,198.13803271,-29.95822449,0.04230000078678131,0.03596999868750572,56169.85967593,2.1196999549865723,-0.8233382182460248,-0.269713457127952,-0.4993684305395664,208.44937091430702,-20.5408877477926,308.3664188268764,32.690626594889025,-999,4,20,0,3,10,5,2,1006358000004423,1,1,3213,2522933911990832269,3420266,198.13804977,-29.95822359,0.26313701272010803,0.24006600677967072,55923.2465509,23.413000106811523,0.4200249910354614,-999.0,0.02713100053369999,-999.0,-999.0,186646529,655364,196608,4,1895.199951171875,582.541015625,1.0525399446487427,0.9602580070495605,1.7896499633789062,1.600219964981079,87.53610229492188,-0.12570199370384216,-999.0,0.9710130095481873,0.9710130095481873,1.276900053024292,-999.0,-999.0,-999.0,-999.0,-999.0,1.5659700238757068e-06,6.577459998879931e-07,-8.640540158921795e-07,2.3442899177439358e-08,0.48217400908470154,3.2500100135803223,-999.0,-999.0,-999.0,577.0,-999.0,3.535710035862394e-08,9.768549489308498e-07,24.988399505615234,0.2500010132789612,3213,2522938591626136717,3437699,198.13805364,-29.95824215,0.04488860070705414,0.042329899966716766,56242.4606949,21.668500900268555,0.08141999691724777,22.091800689697266,0.009886999614536762,22.151100158691406,0.1522269994020462,195035141,655360,196608,10,1895.1600341796875,582.260009765625,0.17955400049686432,0.1693190038204193,1.5605599880218506,1.5225600004196167,13.302800178527832,0.04367009922862053,-0.00045836198842152953,0.9985380172729492,0.9985380172729492,1.5061899423599243,0.1892320066690445,0.026740700006484985,0.2007029950618744,0.9222890138626099,0.39600199460983276,7.809159797034226e-06,6.358209816426097e-07,5.288020020088879e-06,5.2283500195926536e-08,0.8974570035934448,3.0000100135803223,5.006900209991727e-06,7.621840154570236e-07,2.305720090866089,752.0,-3.5039799213409424,4.6695298294707754e-08,1.180310050585831e-06,24.99959945678711,0.25,3213,2522934501206658189,3422461,198.13805977,-29.95822596,0.02073110081255436,0.02008499950170517,56165.2205941,20.788999557495117,0.03737499937415123,20.683900833129883,0.004722000099718571,20.80500030517578,0.05964599922299385,262144005,655488,196608,10,1895.0699462890625,582.489013671875,0.0829245001077652,0.08033999800682068,0.9760980010032654,0.9393110275268555,18.579999923706055,0.7651280164718628,0.35585901141166687,0.9962210059165955,0.9962210059165955,1.2848999500274658,0.15546000003814697,-0.006376630160957575,0.13522900640964508,0.9166359901428223,0.7642850279808044,1.7555299564264715e-05,6.561269856319996e-07,1.933880048454739e-05,9.132210010420749e-08,0.8658030033111572,2.5,1.729870018607471e-05,1.0318000249753823e-06,2.2915899753570557,912.0,0.9232850074768066,6.025639720519393e-08,1.2475900348363211e-06,25.01110076904297,0.25,3213,2522934974458367117,3424224,198.13802446,-29.95820613,0.028006400913000107,0.026691000908613205,55889.6022335,20.506900787353516,0.05804400146007538,20.741500854492188,0.006624999921768904,20.65399932861328,0.09490600228309631,195035141,655360,196608,5,1895.510009765625,582.7890014648438,0.11202500015497208,0.10676400363445282,1.127120018005371,1.080430030822754,31.703699111938477,0.4081529974937439,0.9742739796638489,0.9988890290260315,0.9988890290260315,1.2922799587249756,0.1757960021495819,0.015524099580943584,0.17182700335979462,0.8191400170326233,0.6650519967079163,2.276310078741517e-05,1.32126001517463e-06,1.8339800590183586e-05,1.2150300676694314e-07,0.8786410093307495,2.75,1.9879900719388388e-05,1.886720042421075e-06,2.0478498935699463,480.0,0.032248400151729584,2.5511100787412033e-08,2.6983800580637762e-06,25.019399642944336,0.25,3213,2522939535445200013,3441215,198.13805205,-29.95827231,0.042715199291706085,0.04123840108513832,55878.905297,19.91010093688965,0.08772200345993042,20.002599716186523,0.004315999802201986,20.122299194335938,0.1360889971256256,195035141,655360,196608,5,1895.18994140625,581.8400268554688,0.17086100578308105,0.16495400667190552,1.243899941444397,1.2177200317382812,5.499450206756592,0.38233599066734314,-0.8474779725074768,0.9989330172538757,0.9989330172538757,1.412969946861267,0.18108700215816498,-0.012206300161778927,0.22113700211048126,0.8717420101165771,0.6982409954071045,3.9442398701794446e-05,3.459980007392005e-06,3.622250005719252e-05,1.563330016551845e-07,0.8974570035934448,3.0,3.243839819333516e-05,4.414509930938948e-06,2.179349899291992,580.0,-0.1923380047082901,2.687569917725341e-07,5.914600023970706e-06,25.03339958190918,0.25,0.009775329025324579,,,,,,,,,,,,,,,,,
PSO J131232.133-295726.618,-999,-999,-999,72051981339401435,1052323000026153,502008662484520,0,11090992938443,7205,1,678,50,0.599196021071818,1052323,116883,3,444915712,53,198.13388912,-29.95739412,0.0010000000474974513,0.0010000000474974513,198.13385183,-29.95739662,0.04656999930739403,0.039250001311302185,56211.82152778,6.725599765777588,-0.823364754020331,-0.2696556229992261,-0.49935591197255186,208.44547498684219,-20.54159258194829,308.362230811456,32.691802806743155,-999,5,31,1,10,11,5,4,1006358000004363,1,1,3301,2522933911990832357,3420266,198.13395458,-29.95761068,0.09080229699611664,0.08284089714288712,55923.2465509,22.06399917602539,0.14494000375270844,21.577699661254883,0.008871999569237232,21.507099151611328,0.14371800422668457,262160391,655360,196608,3,1946.1700439453125,592.344970703125,0.36320799589157104,0.3313620090484619,1.784600019454956,1.596519947052002,86.3490982055664,-0.1199679970741272,0.001866700011305511,0.9981909990310669,0.9981909990310669,1.3469500541687012,0.31912800669670105,-0.044321801513433456,0.3827199935913086,1.3238799571990967,1.037369966506958,5.424879873316968e-06,7.862839765948593e-07,8.490240361425094e-06,7.532209878036156e-08,0.904075026512146,3.2500100135803223,9.060910088010132e-06,1.3022099665249698e-06,3.309689998626709,577.0,3.1106600761413574,3.160700146054296e-08,9.807480410017888e-07,24.988399505615234,0.2500010132789612,3301,2522938591626136805,3437699,198.13388912,-29.9573571,0.01981390081346035,0.018684500828385353,56242.4606949,20.70050048828125,0.03593900054693222,20.016300201416016,0.00380200007930398,19.927000045776367,0.03468199819326401,262160391,655488,196608,9,1946.9200439453125,596.0009765625,0.07925540208816528,0.07473769783973694,1.5577000379562378,1.5206300020217896,13.459099769592285,0.05363139882683754,3.7422500364112844e-32,0.9981909990310669,0.9981909990310669,1.6828099489212036,0.3653860092163086,-0.015057899989187717,0.4226979911327362,1.5024399757385254,1.023460030555725,1.904559940157924e-05,6.844770155112201e-07,3.5765700886258855e-05,1.3597299641787686e-07,0.8996679782867432,3.0000100135803223,3.8832698919577524e-05,1.346809995084186e-06,3.7560999393463135,752.0,11.803500175476074,4.441019996193063e-08,1.1805800568254199e-06,24.99959945678711,0.25,3301,2522934501206658277,3422461,198.13389271,-29.95739412,0.01114839967340231,0.010481400415301323,56165.2205941,20.45170021057129,0.027005000039935112,19.657100677490234,0.0029430000577121973,19.574899673461914,0.028183000162243843,262160391,524416,196608,10,1946.8699951171875,595.4630126953125,0.04459350183606148,0.041925299912691116,0.978859007358551,0.9438040256500244,18.60140037536621,0.7447720170021057,0.0,0.9971519708633423,0.9971519708633423,1.5413800477981567,0.2255840003490448,-0.009998300112783909,0.23819099366664886,1.3423500061035156,0.980754017829895,2.3949900423758663e-05,6.467579964919423e-07,4.979049845132977e-05,1.4653299729161517e-07,0.872169017791748,2.5,5.370760118239559e-05,1.513639972472447e-06,3.355870008468628,912.0,13.534199714660645,5.1735000283770205e-08,1.2529500281743822e-06,25.01110076904297,0.25,3301,2522934974458367205,3424224,198.133886,-29.95737088,0.018293900415301323,0.017434699460864067,55889.6022335,20.053600311279297,0.03791499882936478,19.3439998626709,0.0034809999633580446,19.3617000579834,0.04399299994111061,262160391,524416,196608,5,1946.9599609375,595.8060302734375,0.07317560166120529,0.06973879784345627,1.1282800436019897,1.0814000368118286,34.864200592041016,0.40097400546073914,2.894860033836611e-36,0.9982100129127502,0.9982100129127502,1.3997900485992432,0.2621540129184723,-0.0276442002505064,0.2775290012359619,1.2689399719238281,0.9554129838943481,3.45601984008681e-05,1.3103400533509557e-06,6.643759843427688e-05,2.3125700465698174e-07,0.8944240212440491,2.75,6.536360160680488e-05,2.8755700895999325e-06,3.1723599433898926,480.0,12.57509994506836,1.622260015210486e-08,2.6606599021761212e-06,25.019399642944336,0.25,3301,2522939535445200101,3441215,198.13388504,-29.95743739,0.03664860129356384,0.03538160026073456,55878.905297,19.620399475097656,0.07526399940252304,19.135299682617188,0.002894999925047159,19.21579933166504,0.08631599694490433,262160391,655360,196608,5,1946.989990234375,594.8590087890625,0.14659500122070312,0.141526997089386,1.2385200262069702,1.21465003490448,4.485420227050781,0.39512899518013,3.0585099466406973e-06,0.9987810254096985,0.9987810254096985,1.2738300561904907,0.24625200033187866,-0.032094500958919525,0.24640099704265594,1.17153000831604,0.8297410011291504,5.150300057721324e-05,3.876320079143625e-06,8.051659824559465e-05,2.3307900676172721e-07,0.904088020324707,3.0,7.476330210920423e-05,6.453240075643407e-06,2.9288198947906494,580.0,4.6668500900268555,2.4177398927349714e-07,5.9297399275237694e-06,25.03339958190918,0.25,0.013036003166392238,,,,,,,,,,,,,,,,,
PSO J131232.170-295750.629,-999,-999,-999,72041981340493425,1052323000026159,502008662484526,0,11090992941793,7204,1,678,50,0.302277184373026,1052323,116883,3,436527104,52,198.13404526,-29.96406372,0.0010000000474974513,0.0010000000474974513,198.13403913,-29.96404617,0.013129999861121178,0.008559999987483025,56406.37429398,1.1546000242233276,-0.8233087919401786,-0.26964027524691303,-0.49945645964265273,208.44850024940322,-20.547610703487955,308.3616546600816,32.685168975357776,-999,5,28,4,7,11,1,5,1006358000004365,1,1,3299,2522933911990832355,3420266,198.13407805,-29.96409148,0.05871789902448654,0.053569599986076355,55923.2465509,21.73150062561035,0.0937270000576973,21.530399322509766,0.008679999969899654,21.64150047302246,0.12209100276231766,195035141,655360,196608,4,1946.4100341796875,498.9580078125,0.2348710000514984,0.21427799761295319,1.7966300249099731,1.6052700281143188,87.65399932861328,-0.1323080062866211,0.06722000241279602,0.9980459809303284,0.9980459809303284,1.2017300128936768,0.30014899373054504,-0.0031432099640369415,0.3054620027542114,1.1357899904251099,0.9433959722518921,7.369059858319815e-06,6.906780072313268e-07,8.868590157362632e-06,7.698209714135373e-08,0.9003080129623413,3.2500100135803223,8.005519703147002e-06,9.774040563570452e-07,2.839479923248291,577.0,1.830199956893921,3.9792301009811126e-08,9.993480034609092e-07,24.988399505615234,0.2500010132789612,3299,2522938591626136803,3437699,198.13401075,-29.96406106,0.029685400426387787,0.028996700420975685,56242.4606949,20.48550033569336,0.03698499873280525,20.499900817871094,0.004749999847263098,20.55500030517578,0.0507970005273819,262144069,524416,196608,6,1947.239990234375,499.3999938964844,0.1187409982085228,0.11598700284957886,1.5576900243759155,1.5206199884414673,13.45989990234375,0.05368240177631378,0.4158880114555359,0.9995359778404236,0.9995359778404236,1.7345199584960938,0.25213900208473206,0.012190200388431549,0.26162999868392944,1.0155400037765503,0.8320810198783875,2.321680040040519e-05,8.586690114498197e-07,2.291109922225587e-05,1.0882799728051396e-07,0.8996679782867432,3.0000100135803223,2.1777099391329102e-05,1.1062199973821407e-06,2.5388500690460205,752.0,0.8135759830474854,4.695129973697476e-08,1.18550997285638e-06,24.99959945678711,0.25,3299,2522934501206658275,3422461,198.13404526,-29.96406372,0.005776700098067522,0.00560929998755455,56165.2205941,19.04789924621582,0.010606000199913979,19.135400772094727,0.0023139999248087406,19.249399185180664,0.017349999397993088,262144069,524416,196608,9,1946.800048828125,499.3500061035156,0.023106800392270088,0.0224371999502182,0.9793869853019714,0.9420620203018188,20.52079963684082,0.7429059743881226,-0.28704598546028137,0.9971389770507812,0.9971389770507812,1.1203700304031372,0.13528400659561157,0.002350440016016364,0.1234240010380745,0.8642150163650513,0.7301949858665466,8.726739906705916e-05,9.255620057047054e-07,8.051069744396955e-05,1.863320022721382e-07,0.8753520250320435,2.5,7.248439942486584e-05,1.2576100516525912e-06,2.1605401039123535,912.0,-1.064620018005371,5.752859877361516e-08,1.2520199561549816e-06,25.01110076904297,0.25,3299,2522934974458367203,3424224,198.13403512,-29.96405058,0.018499299883842468,0.017630500718951225,55889.6022335,19.253400802612305,0.038339998573064804,18.725400924682617,0.0026179999113082886,18.81879997253418,0.04582199826836586,262160391,524416,196608,1,1946.93994140625,499.5480041503906,0.07399719953536987,0.07052180171012878,1.128790020942688,1.0814499855041504,30.381999969482422,0.3953860104084015,2.1685900890237925e-21,0.9985120296478271,0.9765939712524414,1.2320400476455688,0.24760399758815765,0.005126410163938999,0.2608489990234375,1.1432600021362305,0.8991029858589172,7.221820123959333e-05,2.768869990177336e-06,0.00011744200310204178,3.0746801371606125e-07,0.8865320086479187,2.75,0.00010776399722089991,4.93792003908311e-06,2.858139991760254,480.0,9.496600151062012,2.1755699464165446e-08,2.7511600819707382e-06,25.019399642944336,0.25,3299,2522939535445200099,3441215,198.13405387,-29.96406713,0.017182499170303345,0.01687769964337349,55878.905297,18.409500122070312,0.02587899938225746,18.437700271606445,0.0020989999175071716,18.563600540161133,0.03986399993300438,262144069,524416,196608,5,1946.7099609375,499.31500244140625,0.06872989982366562,0.06751079857349396,1.2385499477386475,1.214669942855835,4.490829944610596,0.3950659930706024,0.6340219974517822,0.999642014503479,0.999642014503479,1.20864999294281,0.18330399692058563,0.0017210700316354632,0.19700400531291962,0.9189289808273315,0.7472149729728699,0.00015710300067439675,4.065700068167644e-06,0.0001530760055175051,3.2137600669557287e-07,0.8974570035934448,3.0,0.000136325994390063,5.43452006240841e-06,2.2973198890686035,580.0,0.4760729968547821,2.704040014123166e-07,5.928819973632926e-06,25.03339958190918,0.25,0.010239593381505093,,,,,,,,,,,,,,,,,
PSO J131230.501-295743.682,-999,-999,-999,72041981270625685,1052323000025644,502008662484011,0,11090992943608,7204,1,678,50,0.753039786362126,1052323,116883,3,436527104,52,198.12709214,-29.96215476,0.0010000000474974513,0.0010000000474974513,198.1270911,-29.96213404,0.030570000410079956,0.01372000016272068,56242.96837963,1.1497000455856323,-0.823357324697187,-0.26954561970233054,-0.49942754706441406,208.44179460629675,-20.54829143006948,308.3547571868442,32.687656819981974,-999,4,21,0,2,12,2,5,1006358000004267,1,1,3415,2522933911990832471,3420266,198.12709634,-29.96216567,0.15562599897384644,0.14198100566864014,55923.2465509,22.65049934387207,0.24841299653053284,22.183500289916992,0.011726000346243382,-999.0,-999.0,186646529,655364,196608,3,2033.06005859375,528.3569946289062,0.6225000023841858,0.567920982837677,1.7891499996185303,1.600000023841858,85.78720092773438,-0.12292499840259552,-999.0,0.9684709906578064,0.9684709906578064,1.2807899713516235,-999.0,-999.0,-999.0,-999.0,-999.0,3.1607899018126773e-06,7.851820100768236e-07,4.859480213781353e-06,5.698460014968987e-08,0.48217400908470154,3.2500100135803223,-999.0,-999.0,-999.0,577.0,-999.0,3.509849832994405e-08,1.0095200195792131e-06,24.988399505615234,0.2500010132789612,3415,2522938591626136919,3437699,198.12713299,-29.96213656,0.03911919891834259,0.036889299750328064,56242.4606949,21.370399475097656,0.07095500081777573,21.568199157714844,0.00776899978518486,21.818899154663086,0.1289130002260208,195035141,655360,196608,8,2032.5899658203125,528.7559814453125,0.1564760059118271,0.14755700528621674,1.5529600381851196,1.5173900127410889,13.732500076293945,0.07011959701776505,-0.0005889160092920065,0.9996430277824402,0.9996430277824402,1.6512399911880493,0.23733599483966827,0.026444600895047188,0.19394700229167938,0.9222890138626099,0.548891007900238,1.0276399734721053e-05,7.291610018000938e-07,8.564489689888433e-06,6.65379005226896e-08,0.8996679782867432,3.0000100135803223,6.7990099523740355e-06,8.764810104366916e-07,2.305720090866089,752.0,-3.4366700649261475,4.537719888730862e-08,1.1881099908350734e-06,24.99959945678711,0.25,3415,2522934501206658391,3422461,198.12709185,-29.96215993,0.012019899673759937,0.011421100236475468,56165.2205941,19.90169906616211,0.02123199962079525,19.964500427246094,0.003389999968931079,20.16119956970215,0.033730000257492065,262144069,524416,196608,9,2033.0999755859375,528.4249877929688,0.04807959869503975,0.04568430036306381,0.9844980239868164,0.9495869874954224,20.997900009155273,0.7072820067405701,-0.36298999190330505,0.9965199828147888,0.9965199828147888,2.2149200439453125,0.13790400326251984,0.0037402398884296417,0.12854599952697754,0.7741039991378784,0.6918269991874695,3.974659921368584e-05,8.43912005166203e-07,3.7514699215535074e-05,1.2719199560251582e-07,0.872169017791748,2.5,3.129700053250417e-05,1.0556600500422064e-06,1.9352600574493408,912.0,-0.9096819758415222,4.488940064106828e-08,1.2594899772011559e-06,25.01110076904297,0.25,3415,2522934974458367319,3424224,198.12709214,-29.96213865,0.018496399745345116,0.017627699300646782,55889.6022335,19.42020034790039,0.03833400085568428,19.428699493408203,0.003619000082835555,19.56839942932129,0.05722900107502937,195035141,524416,196608,2,2033.1099853515625,528.739013671875,0.0739855021238327,0.07051070034503937,1.1308499574661255,1.0831400156021118,34.79899978637695,0.38364601135253906,-0.9466639757156372,0.9978820085525513,0.9978820085525513,1.3890299797058105,0.14990399777889252,-0.014562699943780899,0.17452900111675262,0.8840029835700989,0.7930949926376343,6.193209992488846e-05,2.3741299628454726e-06,6.14492964814417e-05,2.224060011712936e-07,0.8891630172729492,2.75,5.403170143836178e-05,3.0922099085728405e-06,2.210010051727295,480.0,-0.06689610332250595,9.440330295262811e-09,2.7014800707547693e-06,25.019399642944336,0.25,3415,2522939535445200215,3441215,198.127067,-29.96215476,0.02691599912941456,0.02598549984395504,55878.905297,19.278200149536133,0.05527599900960922,19.21419906616211,0.003002000041306019,19.3981990814209,0.08626999706029892,195035141,655360,196608,5,2033.4300537109375,528.52197265625,0.10766399651765823,0.10394199937582016,1.2303999662399292,1.210260033607483,2.306730031967163,0.416471004486084,0.28479400277137756,0.9996230006217957,0.9996230006217957,1.2206000089645386,0.20584100484848022,-0.006668100133538246,0.17500199377536774,0.9812780022621155,0.7749099731445312,7.058850314933807e-05,3.9018800634949e-06,7.487479888368398e-05,2.2476500305401714e-07,0.8753520250320435,3.0,6.32009978289716e-05,5.4523497965419665e-06,2.4531900882720947,580.0,1.0696099996566772,2.51117000971135e-07,5.955019787506899e-06,25.03339958190918,0.25,0.016488002278738482,,,,,,,,,,,,,,,,,
PSO J131230.606-295759.454,-999,-999,-999,72041981275210455,1052323000042174,502008662501762,0,11090992949267,7204,1,678,50,0.811884543683272,1052323,116883,3,1343750144,160,198.12752832,-29.96651505,0.0010000000474974513,0.0010000000474974513,198.12752832,-29.96651505,0.0010000000474974513,0.0010000000474974513,56022.06293981,-999.0,-0.8233189730273364,-0.2695400204142761,-0.49949378979951664,208.44405362311034,-20.55214660592375,308.3546997535266,32.683259731622975,-999,1,0,0,0,0,0,0,1006358000009479,1,0,3406,2522933911990832462,3420266,198.1275216,-29.96652689,0.20754499733448029,0.1893479973077774,55923.2465509,-999.0,0.33128800988197327,-999.0,0.013670999556779861,-999.0,-999.0,35651585,4,196608,4,2028.949951171875,465.4320068359375,0.8301780223846436,0.7573890089988708,1.7903599739074707,1.6009399890899658,85.97570037841797,-0.12419799715280533,-999.0,0.9981459975242615,0.9981459975242615,1.2760599851608276,-999.0,-999.0,-999.0,-999.0,-999.0,-2.042190089923679e-06,6.76552019740484e-07,-3.403170012461487e-06,4.652470053656543e-08,0.8984249830245972,3.2500100135803223,-999.0,-999.0,-999.0,577.0,-999.0,3.698610129276858e-08,1.011249992188823e-06,24.988399505615234,0.2500010132789612,3406,2522938591626136910,3437699,198.12752136,-29.96652605,1.0571399927139282,0.9968780279159546,56242.4606949,-999.0,1.9174599647521973,-999.0,0.011641999706625938,-999.0,-999.0,35651585,4,196608,8,2028.949951171875,465.4320068359375,4.228539943695068,3.987499952316284,1.5531599521636963,1.5175299644470215,13.720499992370605,0.06941770017147064,-999.0,0.9988390207290649,0.9988390207290649,1.6577099561691284,-999.0,-999.0,-999.0,-999.0,-999.0,-3.7378299566626083e-07,7.167129751906032e-07,-3.563510063031572e-06,4.148720122998384e-08,0.8974570035934448,3.0000100135803223,-999.0,-999.0,-999.0,752.0,-999.0,4.3095898405454136e-08,1.1840600109280786e-06,24.99959945678711,0.25,3406,2522934501206658382,3422461,198.1275348,-29.96650289,0.08284959942102432,0.0778924971818924,56165.2205941,22.680700302124023,0.20068499445915222,22.97010040283203,0.013532999902963638,22.952499389648438,0.3518480062484741,35651585,0,196608,11,2028.760009765625,465.7590026855469,0.33139801025390625,0.3115699887275696,0.9843320250511169,0.9491130113601685,21.10099983215332,0.7088199853897095,-0.5738930106163025,0.9978709816932678,0.9978709816932678,1.1923999786376953,0.0038618999533355236,-0.007622940000146627,0.16829800605773926,0.7538380026817322,-0.1659030020236969,3.074140067838016e-06,6.16934016761661e-07,2.354810021643061e-06,3.1866800753732605e-08,0.8849009871482849,2.5,2.393220029262011e-06,8.42051008476119e-07,1.884600043296814,912.0,-0.5623270273208618,4.585979951343688e-08,1.2622000440387637e-06,25.01110076904297,0.25,3406,2522934974458367310,3424224,198.12752161,-29.96652626,2.3149099349975586,2.2061901092529297,55889.6022335,-999.0,4.797729969024658,-999.0,0.011559000238776207,-999.0,-999.0,35651585,4,196608,3,2028.949951171875,465.4320068359375,9.259639739990234,8.824740409851074,1.1307200193405151,1.0830399990081787,34.23789978027344,0.3839220106601715,-999.0,0.998054027557373,0.998054027557373,1.284749984741211,-999.0,-999.0,-999.0,-999.0,-999.0,-3.536449924013141e-07,1.696689992058964e-06,-5.56070017410093e-06,6.427829646327154e-08,0.8812710046768188,2.75,-999.0,-999.0,-999.0,480.0,-999.0,4.641670159344358e-09,2.7233500077272765e-06,25.019399642944336,0.25,3406,2522939535445200206,3441215,198.12752178,-29.96652693,0.3731270134449005,0.36022698879241943,55878.905297,21.97439956665039,0.7662760019302368,-999.0,0.008643999695777893,-999.0,-999.0,35651585,4,196608,3,2028.949951171875,465.4320068359375,1.4925099611282349,1.4409099817276,1.2308100461959839,1.210479974746704,2.438469886779785,0.4153650104999542,-999.0,0.99897700548172,0.99897700548172,1.1412500143051147,-999.0,-999.0,-999.0,-999.0,-999.0,5.891450200579129e-06,4.5144802243157756e-06,-8.124970008793753e-06,7.022870107675772e-08,0.8974570035934448,3.0,-999.0,-999.0,-999.0,580.0,-999.0,2.2749399875010567e-07,5.941360086580971e-06,25.03339958190918,0.25,0.015821685270240155,,,,,,,,,,,,,,,,,
PSO J131231.158-295759.236,-999,-999,-999,72041981298880467,1052323000025848,502008662484215,0,11090992950013,7204,1,678,50,0.315916042137813,1052323,116883,3,436527104,52,198.12984309,-29.96643984,0.0010000000474974513,0.0010000000474974513,198.12982619,-29.96645468,0.06102000176906586,0.04312000051140785,56236.2778125,1.5198999643325806,-0.8233086625209425,-0.26957320349946495,-0.499492876999275,208.44597262133453,-20.551287682272672,308.35706070447895,32.683126506097,-999,6,18,0,3,12,1,2,1006358000004298,1,1,3372,2522933911990832428,3420266,198.12983869,-29.96643955,0.18290500342845917,0.16686800122261047,55923.2465509,22.973899841308594,0.29195699095726013,22.286399841308594,0.01229500025510788,-999.0,-999.0,186646529,655364,196608,4,1999.989990234375,466.1409912109375,0.7316179871559143,0.6674709916114807,1.7925200462341309,1.6024999618530273,86.56770324707031,-0.12704400718212128,-999.0,0.9704930186271667,0.9704930186271667,1.2568999528884888,-999.0,-999.0,-999.0,-999.0,-999.0,2.346580004086718e-06,6.851000193819345e-07,4.420280220074346e-06,5.434850081087461e-08,0.48217400908470154,3.2500100135803223,-999.0,-999.0,-999.0,577.0,-999.0,3.8084600362253695e-08,1.007510036288295e-06,24.988399505615234,0.2500010132789612,3372,2522938591626136876,3437699,198.12989202,-29.96645159,0.044463999569416046,0.04192940145730972,56242.4606949,21.512500762939453,0.08065000176429749,21.415599822998047,0.007242000196129084,21.431100845336914,0.1015930026769638,195035141,655360,196608,8,1999.3199462890625,465.9419860839844,0.17785599827766418,0.16771699488162994,1.554800033569336,1.5186500549316406,13.624099731445312,0.06371720135211945,0.07897280156612396,0.9986090064048767,0.9986090064048767,1.648669958114624,0.2601670026779175,-0.020484499633312225,0.32755500078201294,1.0194100141525269,0.7888399958610535,9.01594012248097e-06,7.271329991453968e-07,9.857360055320896e-06,7.138370250459047e-08,0.8974570035934448,3.0000100135803223,9.717969987832475e-06,9.872750297290622e-07,2.548520088195801,752.0,1.7566800117492676,4.405709930210833e-08,1.1838900491056847e-06,24.99959945678711,0.25,3372,2522934501206658348,3422461,198.12984351,-29.96643473,0.014973700046539307,0.014077800326049328,56165.2205941,20.86240005493164,0.036270998418331146,20.297199249267578,0.0039519998244941235,20.37929916381836,0.04534899815917015,262160391,524416,196608,13,1999.9200439453125,466.1929931640625,0.059894900768995285,0.05631120130419731,0.9825999736785889,0.9466350078582764,20.887500762939453,0.7208179831504822,1.4092799709936672e-15,0.9971230030059814,0.9971230030059814,1.3526599407196045,0.20103000104427338,-0.005906629841774702,0.212226003408432,1.0683799982070923,0.8602749705314636,1.6406800568802282e-05,5.950849981672945e-07,2.7612599296844564e-05,1.0912300041354683e-07,0.8849009871482849,2.5,2.560339999035932e-05,1.161090040113777e-06,2.6709399223327637,912.0,7.984640121459961,4.9717399974724685e-08,1.2588600384333404e-06,25.01110076904297,0.25,3372,2522934974458367276,3424224,198.1298387,-29.96643891,0.14962700009346008,0.14259999990463257,55889.6022335,21.60580062866211,0.3101080060005188,20.859100341796875,0.006994000170379877,-999.0,-999.0,186646529,655364,196608,1,1999.989990234375,466.1409912109375,0.5985090136528015,0.5703989863395691,1.1299899816513062,1.0825300216674805,32.87889862060547,0.3879700005054474,-999.0,0.9816449880599976,0.9816449880599976,1.234570026397705,-999.0,-999.0,-999.0,-999.0,-999.0,8.273060302599333e-06,2.5655399440438487e-06,1.6456799130537547e-05,1.1509600028603018e-07,0.6602960228919983,2.75,-999.0,-999.0,-999.0,480.0,-999.0,1.0173200060137333e-08,2.737720024015289e-06,25.019399642944336,0.25,3372,2522939535445200172,3441215,198.12983696,-29.96651039,0.0758896991610527,0.07326599955558777,55878.905297,20.227699279785156,0.15585200488567352,20.14259910583496,0.004602999892085791,20.17799949645996,0.18971699476242065,195035141,655360,196608,3,2000.030029296875,465.1210021972656,0.30355900526046753,0.2930639982223511,1.2334400415420532,1.2118799686431885,3.2342898845672607,0.40822499990463257,0.1416420042514801,0.9983299970626831,0.9983299970626831,1.133020043373108,0.19996799528598785,-0.0011131500359624624,0.27003300189971924,0.8717420101165771,0.7311990261077881,2.9437900593620725e-05,4.5879501158196945e-06,3.183980152243748e-05,1.4657000235729356e-07,0.8996679782867432,3.0,3.0817700462648645e-05,5.846649855811847e-06,2.179349899291992,580.0,1.4696999788284302,2.3663200465762202e-07,5.935030003456632e-06,25.03339958190918,0.25,0.013847612421909461,,,,,,,,,,,,,,,,,
PSO J131231.158-295759.236,-999,-999,-999,72041981298880467,1052323000025848,502008662484215,0,11090992950013,7204,1,678,50,0.315916042137813,1052323,116883,3,436527104,52,198.12984309,-29.96643984,0.0010000000474974513,0.0010000000474974513,198.12982619,-29.96645468,0.06102000176906586,0.04312000051140785,56236.2778125,1.5198999643325806,-0.8233086625209425,-0.26957320349946495,-0.499492876999275,208.44597262133453,-20.551287682272672,308.35706070447895,32.683126506097,-999,6,18,0,3,12,1,2,1006820000005436,0,1,2973,2522933909306477469,3420256,198.12984301,-29.96644198,0.476718008518219,0.4221709966659546,55760.8538454,23.267900466918945,0.6599820256233215,22.70330047607422,0.01623300090432167,-999.0,-999.0,186646529,655364,0,2,1999.9300537109375,6255.06005859375,1.9068700075149536,1.6886800527572632,1.8023099899291992,1.7331899404525757,68.03679656982422,0.2104710042476654,-999.0,0.951246976852417,0.951246976852417,1.265470027923584,-999.0,-999.0,-999.0,-999.0,-999.0,1.7899600379678304e-06,1.1813400533355889e-06,3.0108799364825245e-06,4.887609961201633e-08,0.3183099925518036,4.0,-999.0,-999.0,-999.0,491.0,-999.0,1.8346399954793924e-08,1.3344199487619335e-06,24.967599868774414,0.25,2973,2522938588941781917,3437689,198.12987004,-29.96644014,0.10368900001049042,0.09696490317583084,56036.21524,21.63520050048828,0.17441900074481964,22.00469970703125,0.00949500035494566,21.707500457763672,0.27751100063323975,195035141,655360,0,2,1999.5899658203125,6255.1298828125,0.41475600004196167,0.3878610134124756,1.4749699831008911,1.4304499626159668,-84.1709976196289,0.10071399807929993,0.7658889889717102,0.975396990776062,0.9705730080604553,1.062209963798523,0.17171700298786163,0.006847729906439781,0.32537099719047546,0.9735789895057678,0.07116010040044785,8.052659723034594e-06,1.4045300531506655e-06,5.7296101658721454e-06,5.440410077994784e-08,0.7307940125465393,3.2499899864196777,7.53325002733618e-06,2.090559974021744e-06,2.4339499473571777,752.0,0.29775598645210266,3.507189916263087e-08,1.7151800193460076e-06,24.98900032043457,0.2499990016222,2973,2522934498522303389,3422451,198.12984196,-29.96644923,0.015596100129187107,0.014140799641609192,56227.080465,20.83300018310547,0.03622199967503548,20.295000076293945,0.004346000030636787,20.369199752807617,0.044381000101566315,262160391,655488,0,13,1999.93994140625,6254.990234375,0.062384601682424545,0.05656350031495094,1.027690052986145,0.9807649850845337,29.00629997253418,0.5439310073852539,1.053720045246509e-12,0.996616005897522,0.996616005897522,1.3201099634170532,0.1920579969882965,-0.004594020079821348,0.20701800286769867,1.0301599502563477,0.8270819783210754,1.685819916019682e-05,6.106379828452191e-07,2.7668500479194336e-05,1.202480035544795e-07,0.8817179799079895,2.4999899864196777,2.5841700335149653e-05,1.146879981206439e-06,2.5754098892211914,758.0,7.123300075531006,4.859310109850412e-08,1.2684299690590706e-06,24.99519920349121,0.2499990016222,2973,2522934971774012317,3424214,198.12984317,-29.96644398,0.15174399316310883,0.13977600634098053,56066.5128224,21.600000381469727,0.3073650002479553,20.621400833129883,0.006684000138193369,-999.0,-999.0,35651585,532484,0,1,1999.9300537109375,6255.06005859375,0.6069759726524353,0.5591009855270386,1.119570016860962,1.0506199598312378,18.953899383544922,0.21131199598312378,-999.0,0.9803239703178406,0.9803239703178406,1.2110799551010132,-999.0,-999.0,-999.0,-999.0,-999.0,8.317510037159082e-06,2.556510025897296e-06,2.0485200366238132e-05,1.3692799427644786e-07,0.6602960228919983,2.75,-999.0,-999.0,-999.0,420.0,-999.0,7.60453033876729e-09,3.0439200600085314e-06,25.014799118041992,0.25,2973,2522939532760845213,3441205,198.12970033,-29.96636686,0.08524960279464722,0.07845590263605118,55870.6568559,20.274700164794922,0.1619729995727539,20.11199951171875,0.004815000109374523,20.25279998779297,0.20338700711727142,195035141,655360,0,3,2001.68994140625,6256.18994140625,0.34099799394607544,0.31382301449775696,1.2276300191879272,1.1595499515533447,-52.52130126953125,0.41499000787734985,0.24473999440670013,0.9880170226097107,0.9880170226097107,1.1375199556350708,0.21876899898052216,0.04254769906401634,0.30198100209236145,0.8676530122756958,0.5629839897155762,2.8190299417474307e-05,4.566079951473512e-06,3.274929986218922e-05,1.5769299466228404e-07,0.8267210125923157,3.0,2.8766300602001138e-05,5.850679826835403e-06,2.1691300868988037,520.0,1.1632200479507446,5.258840118926855e-08,6.0307697822281625e-06,25.017000198364258,0.25,0.013847612421909461,,,,,,,,,,,,,,,,,
PSO J131231.918-295745.962,-999,-999,-999,72041981329914966,1052323000042219,502008662501807,0,11090992954058,7204,1,678,50,0.0240884563178648,1052323,116883,3,1343750144,160,198.13299246,-29.96276726,0.0010000000474974513,0.0010000000474974513,198.13299246,-29.96276726,0.0010000000474974513,0.0010000000474974513,56044.04719907,-999.0,-0.8233243121354905,-0.2696287047293118,-0.4994371218007477,208.44706290930554,-20.54680671046252,308.36073007192385,32.68652996761257,-999,1,0,0,0,0,0,0,1006358000009519,1,0,3317,2522933911990832373,3420266,198.1329912,-29.96276801,15.943599700927734,14.545700073242188,55923.2465509,-999.0,25.449499130249023,-999.0,0.01635799929499626,-999.0,-999.0,35651585,4,196608,4,1959.6199951171875,518.281005859375,63.774200439453125,58.18259811401367,1.795609951019287,1.604599952697754,87.38739776611328,-0.1310099959373474,-999.0,0.998714029788971,0.998714029788971,1.2422599792480469,-999.0,-999.0,-999.0,-999.0,-999.0,-2.6141499631648912e-08,6.652890078839846e-07,-2.377099917794112e-06,3.8883499087205564e-08,0.9021919965744019,3.2500100135803223,-999.0,-999.0,-999.0,577.0,-999.0,3.8939301560958484e-08,1.0003100214817096e-06,24.988399505615234,0.2500010132789612,3317,2522938591626136821,3437699,198.13299096,-29.96276715,0.22916199266910553,0.21609899401664734,56242.4606949,23.310100555419922,0.41565799713134766,22.3435001373291,0.011102000251412392,-999.0,-999.0,35651585,4,196608,8,1959.6199951171875,518.281005859375,0.9166449904441833,0.8643940091133118,1.5570000410079956,1.5201499462127686,13.49839973449707,0.0560758002102375,-999.0,0.9995920062065125,0.9995920062065125,1.6131199598312378,-999.0,-999.0,-999.0,-999.0,-999.0,1.7216799506059033e-06,7.156299943744671e-07,4.193880158709362e-06,4.656140006886744e-08,0.8996679782867432,3.0000100135803223,-999.0,-999.0,-999.0,752.0,-999.0,4.7262901148314995e-08,1.1867399507536902e-06,24.99959945678711,0.25,3317,2522934501206658293,3422461,198.13299357,-29.96277966,0.07413789629936218,0.06970199942588806,56165.2205941,22.160600662231445,0.17958299815654755,22.069000244140625,0.008936000056564808,22.425899505615234,0.30260398983955383,35651585,0,196608,6,1959.5799560546875,518.0969848632812,0.296550989151001,0.27880701422691345,0.9801620244979858,0.9431629776954651,20.60610008239746,0.7375940084457397,-0.9134640097618103,0.9967129826545715,0.9967129826545715,1.1821399927139282,0.10435499995946884,-0.04874059930443764,0.16777700185775757,0.7697259783744812,0.5363799929618835,4.963359970133752e-06,8.913349915928848e-07,5.4000402087694965e-06,4.825690069765187e-08,0.872169017791748,2.5,3.8872599361639e-06,1.1762999747588765e-06,1.9243199825286865,912.0,-0.10867000371217728,5.600569963348789e-08,1.2528599881989066e-06,25.01110076904297,0.25,3317,2522934974458367221,3424224,198.1329912,-29.96276737,0.10657300055027008,0.10156799852848053,55889.6022335,21.267799377441406,0.220877006649971,20.90679931640625,0.007149000186473131,-999.0,-999.0,35651585,4,196608,2,1959.6199951171875,518.281005859375,0.4262929856777191,0.4062719941139221,1.1290700435638428,1.081719994544983,30.978099822998047,0.3936130106449127,-999.0,0.9541299939155579,0.9302949905395508,1.2529100179672241,-999.0,-999.0,-999.0,-999.0,-999.0,1.1294399882899597e-05,2.4946600660769036e-06,1.5750400052638724e-05,1.1259899679316732e-07,0.776045024394989,2.75,-999.0,-999.0,-999.0,480.0,-999.0,2.0553100554820958e-08,2.737969907684601e-06,25.019399642944336,0.25,3317,2522939535445200117,3441215,198.13299135,-29.96276805,0.7003819942474365,0.6761680245399475,55878.905297,22.65410041809082,1.438349962234497,21.594499588012695,0.00898400042206049,-999.0,-999.0,35651585,4,196608,3,1959.6199951171875,518.281005859375,2.801529884338379,2.7046799659729004,1.2372100353240967,1.2138999700546265,4.209330081939697,0.39824599027633667,-999.0,0.9996389746665955,0.9996389746665955,1.188249945640564,-999.0,-999.0,-999.0,-999.0,-999.0,3.1502499950875062e-06,4.531149897957221e-06,8.359529601875693e-06,7.510210053851551e-08,0.8996679782867432,3.0,-999.0,-999.0,-999.0,580.0,-999.0,2.7480700737214647e-07,5.934949967922876e-06,25.03339958190918,0.25,0.011348674992229241,,,,,,,,,,,,,,,,,
PSO J131231.400-295749.676,-999,-999,-999,72041981308553715,1052323000025915,502008662484282,0,11090992954870,7204,1,678,50,0.289890508437427,1052323,116883,3,436363264,52,198.13085685,-29.96380212,0.0010000000474974513,0.0010000000474974513,198.1308368,-29.96379911,0.0645499974489212,0.10904999822378159,56113.03023148,0.9391999840736389,-0.823325907894441,-0.26959492929859463,-0.49945272397523305,208.44568309718446,-20.548504681381136,308.35840250925634,32.68568447008733,-999,2,4,0,0,2,2,0,1006358000004313,1,0,3352,2522933911990832408,3420266,198.13085677,-29.96380274,0.559469997882843,0.5104169845581055,55923.2465509,24.208900451660156,0.8930370211601257,-999.0,0.01655000075697899,-999.0,-999.0,35651585,4,196608,4,1986.550048828125,503.88299560546875,2.23786997795105,2.0416600704193115,1.7935400009155273,1.6032099723815918,86.84120178222656,-0.12836399674415588,-999.0,0.9982489943504333,0.9982489943504333,1.2389400005340576,-999.0,-999.0,-999.0,-999.0,-999.0,7.523630074501853e-07,6.718880172229547e-07,-2.3219899958348833e-06,3.843020124350005e-08,0.8984249830245972,3.2500100135803223,-999.0,-999.0,-999.0,577.0,-999.0,3.790029978745224e-08,1.004370005830424e-06,24.988399505615234,0.2500010132789612,3352,2522938591626136856,3437699,198.13085653,-29.96380189,1.0426499843597412,0.9832130074501038,56242.4606949,-999.0,1.8911700248718262,-999.0,0.01192300021648407,-999.0,-999.0,35651585,4,196608,8,1986.550048828125,503.88299560546875,4.17057991027832,3.932849884033203,1.5555100440979004,1.5191400051116943,13.58329963684082,0.06125960126519203,-999.0,0.9991120100021362,0.9991120100021362,1.5494199991226196,-999.0,-999.0,-999.0,-999.0,-999.0,-3.7775498640257865e-07,7.144000164771569e-07,-3.3979099498537835e-06,4.0511700660772476e-08,0.8974570035934448,3.0000100135803223,-999.0,-999.0,-999.0,752.0,-999.0,4.588200042121571e-08,1.1861200164275942e-06,24.99959945678711,0.25,3352,2522934501206658328,3422461,198.13084726,-29.96380151,0.03734910115599632,0.03511440008878708,56165.2205941,21.6564998626709,0.09047000110149384,22.218000411987305,0.009571000002324581,22.1658992767334,0.19554400444030762,35651585,0,196608,10,1986.6600341796875,503.8869934082031,0.14939600229263306,0.14045700430870056,0.9818009734153748,0.9454950094223022,20.79290008544922,0.7263309955596924,-0.0015867099864408374,0.9973620176315308,0.9973620176315308,1.1872800588607788,0.11231599748134613,-0.009383980184793472,0.09117670357227325,0.7538380026817322,0.5464169979095459,7.895950147940312e-06,7.143480047488993e-07,4.707439984485973e-06,4.505600159632195e-08,0.8785349726676941,2.5,4.93891002406599e-06,9.657760529080406e-07,1.884600043296814,912.0,-3.1583399772644043,5.1813401569233974e-08,1.2560000186567777e-06,25.01110076904297,0.25,3352,2522934974458367256,3424224,198.13085452,-29.96386743,0.0592585988342762,0.05647540092468262,55889.6022335,20.907899856567383,0.12281499803066254,20.82900047302246,0.006897000130265951,21.132699966430664,0.21709400415420532,35651585,0,196608,3,1986.5999755859375,502.9419860839844,0.23703399300575256,0.22590099275112152,1.1296700239181519,1.0822700262069702,32.248600006103516,0.3898409903049469,-0.8847820162773132,0.9981859922409058,0.9981859922409058,1.235129952430725,0.13642600178718567,-0.004241220187395811,0.2116290032863617,0.8336259722709656,0.4918519854545593,1.573349982209038e-05,1.932319946718053e-06,1.6920099369599484e-05,1.1670500299487685e-07,0.8839020133018494,2.75,1.2790899745596107e-05,2.7768201107392088e-06,2.084059953689575,480.0,-0.14490899443626404,1.5124600238891617e-08,2.731269887590315e-06,25.019399642944336,0.25,3352,2522939535445200152,3441215,198.13085694,-29.96380278,0.11918000131845474,0.1150600016117096,55878.905297,20.73509979248047,0.24475499987602234,20.124000549316406,0.004563999827951193,-999.0,-999.0,35651585,4,196608,3,1986.550048828125,503.88299560546875,0.47672000527381897,0.4602389931678772,1.234660029411316,1.2125300168991089,3.5759999752044678,0.404897004365921,-999.0,0.9992150068283081,0.9992150068283081,1.1614400148391724,-999.0,-999.0,-999.0,-999.0,-999.0,1.844930011429824e-05,4.51555979452678e-06,3.238849967601709e-05,1.478280040601021e-07,0.8974570035934448,3.0,-999.0,-999.0,-999.0,580.0,-999.0,2.582499973868835e-07,5.938969934504712e-06,25.03339958190918,0.25,0.013021668381941265,,,,,,,,,,,,,,,,,
PSO J131238.198-295818.759,-999,-999,-999,72031981592334090,1052323000027980,502008662486348,0,11090992964073,7203,1,678,50,0.67347067284721,1052323,116883,3,436527104,52,198.15915973,-29.97189979,0.0010000000474974513,0.0010000000474974513,198.15916129,-29.97187763,0.027170000597834587,0.03020000085234642,56250.5628588,0.9380999803543091,-0.8231256094933772,-0.2699799621183292,-0.49957487031549314,208.47314052292606,-20.545990438907488,308.3864817004975,32.67525428885773,-999,6,16,0,0,10,3,3,1006358000004716,1,1,2808,2522933911990831864,3420266,198.15915973,-29.97190594,0.3368709981441498,0.3073349893093109,55923.2465509,23.691699981689453,0.5377200245857239,25.596099853515625,0.056453000754117966,-999.0,-999.0,186646529,655364,196608,4,1635.3900146484375,380.3919982910156,1.347480058670044,1.2293299436569214,1.8229899406433105,1.6186100244522095,-86.39340209960938,-0.16286799311637878,-999.0,0.9710419774055481,0.9710419774055481,1.2433700561523438,-999.0,-999.0,-999.0,-999.0,-999.0,1.2115000345147564e-06,6.514459869322309e-07,2.0967999603271892e-07,1.1836999824765826e-08,0.48217400908470154,3.2500100135803223,-999.0,-999.0,-999.0,577.0,-999.0,3.02118010608865e-08,9.718360161059536e-07,24.988399505615234,0.2500010132789612,2808,2522938591626136312,3437699,198.15915944,-29.97190493,0.11864999681711197,0.11188700050115585,56242.4606949,22.603500366210938,0.2152090072631836,22.44070053100586,0.011610999703407288,-999.0,-999.0,186646529,655364,196608,8,1635.3900146484375,380.3919982910156,0.4745990037918091,0.44754499197006226,1.5463299751281738,1.509600043296814,12.76259994506836,0.0543782003223896,-999.0,0.9748029708862305,0.9748029708862305,1.3676300048828125,-999.0,-999.0,-999.0,-999.0,-999.0,3.300529897387605e-06,7.103050165824243e-07,3.834660219581565e-06,4.4522700193283526e-08,0.565883994102478,3.0000100135803223,-999.0,-999.0,-999.0,752.0,-999.0,4.81020983045255e-08,1.1832800055344705e-06,24.99959945678711,0.25,2808,2522934501206657784,3422461,198.15916164,-29.97189979,0.015324600040912628,0.014407600276172161,56165.2205941,20.670499801635742,0.03711999952793121,21.052000045776367,0.005594000220298767,21.0856990814209,0.07026100158691406,195035141,524416,196608,11,1635.3599853515625,380.4630126953125,0.06129809841513634,0.0576305016875267,0.9630420207977295,0.9179679751396179,18.884899139404297,0.8724460005760193,-0.0007584540289826691,0.9975810050964355,0.9975810050964355,1.1559699773788452,0.10210300236940384,0.010897000320255756,0.10818299651145935,0.7538380026817322,0.6195319890975952,1.9579400031943806e-05,7.267939849953109e-07,1.3778700122202281e-05,7.708420213248246e-08,0.872169017791748,2.5,1.3356700037547853e-05,9.384560257785779e-07,1.884600043296814,912.0,-3.367530107498169,7.001710145004836e-08,1.2219900327181676e-06,25.01110076904297,0.25,2808,2522934974458366712,3424224,198.15916812,-29.97188318,0.02994539961218834,0.0285388994961977,55889.6022335,20.274700164794922,0.06206300109624863,20.802900314331055,0.006814999971538782,20.66710090637207,0.11751899868249893,195035141,655360,196608,3,1635.280029296875,380.7049865722656,0.1197810024023056,0.11415600031614304,1.1266000270843506,1.073240041732788,17.1653995513916,0.4389519989490509,-0.002024170011281967,0.9987469911575317,0.9987469911575317,1.3629200458526611,0.14195400476455688,0.010673999786376953,0.14324499666690826,0.8191400170326233,0.3078500032424927,2.8190399461891502e-05,1.7495799511380028e-06,1.733089993649628e-05,1.1811300026920435e-07,0.8839020133018494,2.75,1.9640800019260496e-05,2.3081699964677682e-06,2.0478498935699463,480.0,-3.0866599082946777,5.1075399909450425e-08,2.9505599741241895e-06,25.019399642944336,0.25,2808,2522939535445199608,3441215,198.15915701,-29.97192793,0.04539629817008972,0.04382690042257309,55878.905297,19.863000869750977,0.09322900325059891,20.877500534057617,0.0064570000395178795,20.757299423217773,0.2793259918689728,195035141,655360,196608,5,1635.4300537109375,380.07501220703125,0.18158499896526337,0.1753080040216446,1.2395100593566895,1.2080199718475342,5.514349937438965,0.3833709955215454,-6.811839980969125e-11,0.9989849925041199,0.9989849925041199,1.1789000034332275,0.12527699768543243,0.00573629979044199,0.06895949691534042,0.8717420101165771,0.5455340147018433,4.1188901377609e-05,3.839989858533954e-06,1.6181400496861897e-05,1.0448899701032133e-07,0.8996679782867432,3.0,1.807589978852775e-05,5.049059836892411e-06,2.179349899291992,580.0,-6.524740219116211,2.4365400008719007e-07,5.969599897071021e-06,25.03339958190918,0.25,0.013325170654200434,,,,,,,,,,,,,,,,,
PSO J131238.198-295818.759,-999,-999,-999,72031981592334090,1052323000027980,502008662486348,0,11090992964073,7203,1,678,50,0.67347067284721,1052323,116883,3,436527104,52,198.15915973,-29.97189979,0.0010000000474974513,0.0010000000474974513,198.15916129,-29.97187763,0.027170000597834587,0.03020000085234642,56250.5628588,0.9380999803543091,-0.8231256094933772,-0.2699799621183292,-0.49957487031549314,208.47314052292606,-20.545990438907488,308.3864817004975,32.67525428885773,-999,6,16,0,0,10,3,3,1006820000005468,0,1,2430,2522933909306476926,3420256,198.15915892,-29.97189884,3.1286399364471436,2.7706499099731445,55760.8538454,25.278200149536133,4.3313798904418945,-999.0,0.027274999767541885,-999.0,-999.0,186646529,655364,0,2,1635.4000244140625,6169.4501953125,12.514599800109863,11.082599639892578,1.8680700063705444,1.7439199686050415,85.21389770507812,0.2093849927186966,-999.0,0.9616420269012451,0.9616420269012451,1.1734600067138672,-999.0,-999.0,-999.0,-999.0,-999.0,2.8100799909225316e-07,1.2171500429758453e-06,-1.0241400332233752e-06,2.7933600321716767e-08,0.3183099925518036,4.0,-999.0,-999.0,-999.0,491.0,-999.0,3.8376100519599277e-08,1.3206199582782574e-06,24.967599868774414,0.25,2430,2522938588941781374,3437689,198.15915905,-29.97190183,20.655500411987305,19.31599998474121,56036.21524,-999.0,34.74530029296875,-999.0,-999.0,-999.0,-999.0,186646529,606212,0,2,1635.4000244140625,6169.4501953125,82.62210083007812,77.26439666748047,1.4750200510025024,1.4158999919891357,-81.10970306396484,0.09963549673557281,-999.0,0.9738820195198059,0.9738820195198059,1.0643999576568604,-999.0,-999.0,-999.0,-999.0,-999.0,-3.7965300236919575e-08,1.3191199741413584e-06,-999.0,-999.0,0.48217400908470154,3.2499899864196777,-999.0,-999.0,-999.0,752.0,-999.0,1.6717899598006625e-07,1.7704300034893095e-06,24.98900032043457,0.2499990016222,2430,2522934498522302846,3422451,198.15915762,-29.9718938,0.01610640063881874,0.014603500254452229,56227.080465,20.70400047302246,0.03740699961781502,21.024999618530273,0.006082999985665083,21.078800201416016,0.06733100116252899,195035141,524416,0,12,1635.4100341796875,6169.5498046875,0.06442580372095108,0.05841429904103279,1.0310499668121338,0.9880279898643494,33.47809982299805,0.5344979763031006,-0.0035333801060914993,0.9978979825973511,0.9978979825973511,1.120419979095459,0.1077909991145134,0.00784279964864254,0.10787899792194366,0.7267850041389465,0.6470000147819519,1.8983899281010963e-05,7.101380106178112e-07,1.4125499546935316e-05,8.591889866238489e-08,0.872169017791748,2.4999899864196777,1.3442199815472122e-05,9.050830271917221e-07,1.8169599771499634,758.0,-2.917069911956787,6.768230065290481e-08,1.204280010824732e-06,24.99519920349121,0.2499990016222,2430,2522934971774011774,3424214,198.15916868,-29.97188225,0.02980479970574379,0.027453899383544922,56066.5128224,20.2632999420166,0.060371000319719315,20.873199462890625,0.007505999878048897,20.525699615478516,0.09747699648141861,195035141,655360,0,3,1635.27001953125,6169.7099609375,0.11921899765729904,0.10981500148773193,1.1060800552368164,1.0439800024032593,17.39419937133789,0.22529800236225128,-0.19490200281143188,0.9989389777183533,0.9989389777183533,1.4216699600219727,0.13655200600624084,0.012381000444293022,0.13322900235652924,0.7486199736595154,0.41615399718284607,2.8488000680226833e-05,1.7198400428242167e-06,1.6244399375864305e-05,1.219339935687458e-07,0.8865320086479187,2.75,2.237310036434792e-05,2.1808700694236904e-06,1.8715499639511108,420.0,-1.2962100505828857,1.2693099904481642e-08,3.31652995555487e-06,25.014799118041992,0.25,2430,2522939532760844670,3441205,198.15916216,-29.97191538,0.050004299730062485,0.0460193008184433,55870.6568559,19.87150001525879,0.0950080007314682,20.315900802612305,0.005288999993354082,-999.0,-999.0,186646529,655360,0,5,1635.3599853515625,6169.22021484375,0.20001700520515442,0.18407699465751648,1.227370023727417,1.1683000326156616,-50.521400451660156,0.4008049964904785,-1.801480067342709e-07,0.9785490036010742,0.9785490036010742,1.1172900199890137,0.10461000353097916,0.010830099694430828,0.12005700170993805,-999.0,0.25835299491882324,4.0868500946089625e-05,3.8828297874715645e-06,2.7141999453306198e-05,1.4356000122006662e-07,0.565883994102478,3.0,-999.0,-999.0,-999.0,520.0,-5.218739986419678,2.516289896448143e-07,6.233130079635885e-06,25.017000198364258,0.25,0.013325170654200434,,,,,,,,,,,,,,,,,
PSO J131238.661-295813.463,-999,-999,-999,72031981610915788,1052323000028137,502008662486505,0,11090992966829,7203,1,678,50,0.309529978138888,1052323,116883,3,1115762688,133,198.16110389,-29.97038427,0.0010000000474974513,0.0010000000474974513,198.16108889,-29.97040645,0.14554999768733978,0.14554999768733978,56015.39309028,-999.0,-0.823128714362786,-0.27001165247955267,-0.499552626974104,208.4741379036806,-20.543970421537242,308.3886267289622,32.67655532883196,-999,2,1,0,0,1,0,0,1006358000004749,1,0,2768,2522933911990831824,3420266,198.16110392,-29.97038565,0.4477570056915283,0.40849900245666504,55923.2465509,24.01460075378418,0.7147189974784851,23.282100677490234,0.019447999075055122,-999.0,-999.0,35651585,532484,196608,4,1610.699951171875,401.8240051269531,1.7910200357437134,1.6339900493621826,1.8252500295639038,1.6194700002670288,-85.95369720458984,-0.16529500484466553,-999.0,0.9702979922294617,0.9702979922294617,1.2044899463653564,-999.0,-999.0,-999.0,-999.0,-999.0,8.997999998427986e-07,6.431039878407319e-07,1.7667499605522607e-06,3.4359800338279456e-08,0.48217400908470154,3.2500100135803223,-999.0,-999.0,-999.0,577.0,-999.0,2.6026800270528838e-08,9.693840183899738e-07,24.988399505615234,0.2500010132789612,2768,2522938591626136272,3437699,198.16110363,-29.97038464,0.19799500703811646,0.18670900166034698,56242.4606949,22.35449981689453,0.359127014875412,21.76580047607422,0.008508999831974506,-999.0,-999.0,186646529,655364,196608,2,1610.699951171875,401.8240051269531,0.7919790148735046,0.7468339800834656,1.5448399782180786,1.5082600116729736,12.70989990234375,0.055691901594400406,-999.0,0.9741929769515991,0.9741929769515991,1.1867599487304688,-999.0,-999.0,-999.0,-999.0,-999.0,4.151640041527571e-06,1.4909700212228927e-06,7.139649824239314e-06,6.075150338347157e-08,0.565883994102478,3.0000100135803223,-999.0,-999.0,-999.0,752.0,-999.0,4.770840078549554e-08,1.18329000997619e-06,24.99959945678711,0.25,2768,2522934501206657744,3422461,198.1611155,-29.97037587,0.03129129856824875,0.029419099912047386,56165.2205941,21.658700942993164,0.07579600065946579,21.422100067138672,0.006634000223129988,21.47209930419922,0.09619499742984772,262160391,655360,196608,13,1610.5400390625,401.94500732421875,0.12516500055789948,0.11767599731683731,0.9618930220603943,0.9162189960479736,18.783000946044922,0.882768988609314,0.0021791800390928984,0.9969620108604431,0.9969620108604431,1.2970199584960938,0.18448500335216522,-0.0039657000452280045,0.17937099933624268,0.8626270294189453,0.6926440000534058,7.879840268287808e-06,5.972639769424859e-07,9.79844026005594e-06,6.500390270502976e-08,0.8689860105514526,2.5,9.357189810543787e-06,9.00110990187386e-07,2.1565699577331543,912.0,3.06466007232666,7.05998033367905e-08,1.2228399555169744e-06,25.01110076904297,0.25,2768,2522934974458366672,3424224,198.16110387,-29.97038482,1.3391300439834595,1.276229977607727,55889.6022335,23.997800827026367,2.7753798961639404,-999.0,0.006955999881029129,-999.0,-999.0,186646529,655396,196608,1,1610.699951171875,401.8240051269531,5.356500148773193,5.104919910430908,1.1266299486160278,1.0723999738693237,16.304000854492188,0.44238799810409546,-999.0,0.9814199805259705,0.09600000083446503,1.246999979019165,-999.0,-999.0,-999.0,-999.0,-999.0,9.138460086433042e-07,2.536269903430366e-06,-1.5357200027210638e-05,1.0682099826908598e-07,0.6629260182380676,2.75,-999.0,-999.0,-999.0,480.0,-999.0,4.819030152702908e-08,2.9434099815262016e-06,25.019399642944336,0.25,2768,2522939535445199568,3441215,198.16110392,-29.9703856,0.14445500075817108,0.1394609957933426,55878.905297,20.947799682617188,0.29666298627853394,22.01449966430664,0.01090100035071373,-999.0,-999.0,186646529,655364,65536,3,1610.699951171875,401.8240051269531,0.5778220295906067,0.5578460097312927,1.2389400005340576,1.206969976425171,5.496860027313232,0.38378798961639404,-999.0,0.9775059819221497,0.9775059819221497,1.2106599807739258,-999.0,-999.0,-999.0,-999.0,-999.0,1.5165699551289435e-05,4.4990802052780055e-06,5.678270099451765e-06,6.189689827351685e-08,0.565883994102478,3.0,-999.0,-999.0,-999.0,580.0,-999.0,2.510959973278659e-07,5.9873000282095745e-06,25.03339958190918,0.25,0.014211836919952007,,,,,,,,,,,,,,,,,
PSO J131238.661-295813.463,-999,-999,-999,72031981610915788,1052323000028137,502008662486505,0,11090992966829,7203,1,678,50,0.309529978138888,1052323,116883,3,1115762688,133,198.16110389,-29.97038427,0.0010000000474974513,0.0010000000474974513,198.16108889,-29.97040645,0.14554999768733978,0.14554999768733978,56015.39309028,-999.0,-0.823128714362786,-0.27001165247955267,-0.499552626974104,208.4741379036806,-20.543970421537242,308.3886267289622,32.67655532883196,-999,2,1,0,0,1,0,0,1006820000005471,0,0,2397,2522933909306476893,3420256,198.16109322,-29.97038309,0.8954240083694458,0.7929670214653015,55760.8538454,-999.0,1.239650011062622,-999.0,0.02515600062906742,-999.0,-999.0,186646529,655364,0,2,1610.8199462890625,6190.81982421875,3.581700086593628,3.171869993209839,1.8728200197219849,1.7442200183868408,85.78679656982422,0.20931099355220795,-999.0,0.9605739712715149,0.9605739712715149,1.162719964981079,-999.0,-999.0,-999.0,-999.0,-999.0,-9.690579645393882e-07,1.2012900469926535e-06,-1.2039799912599847e-06,3.028700135132567e-08,0.3183099925518036,4.0,-999.0,-999.0,-999.0,491.0,-999.0,3.645919832706568e-08,1.3199600061852834e-06,24.967599868774414,0.25,2397,2522938588941781341,3437689,198.16109335,-29.97038609,-999.0,-999.0,56036.21524,-999.0,-999.0,-999.0,-999.0,-999.0,-999.0,0,532484,0,0,1610.8199462890625,6190.81982421875,-999.0,-999.0,1.4750299453735352,1.4148999452590942,-80.95610046386719,0.09956280142068863,-999.0,-999.0,-999.0,-999.0,-999.0,-999.0,-999.0,-999.0,-999.0,-999.0,-999.0,-999.0,-999.0,0.0,3.2499899864196777,-999.0,-999.0,-999.0,752.0,-999.0,1.7806300434131117e-07,1.7716199636197416e-06,24.98900032043457,0.2499990016222,2397,2522934498522302813,3422451,198.16110257,-29.97037457,0.03210899978876114,0.02911289967596531,56227.080465,21.656999588012695,0.07457400113344193,21.455799102783203,0.007416999898850918,21.43280029296875,0.08752500265836716,262160391,655360,0,14,1610.699951171875,6190.97021484375,0.12843699753284454,0.11645200103521347,1.0315799713134766,0.9892039895057678,34.452701568603516,0.531129002571106,0.0021917300764471292,0.9974910020828247,0.9974910020828247,1.2637699842453003,0.17913100123405457,0.0028623200487345457,0.1705159991979599,0.8161190152168274,0.7357249855995178,7.892510438978206e-06,5.885730161026004e-07,9.49910008785082e-06,7.045750294309983e-08,0.8849009871482849,2.4999899864196777,9.70209021033952e-06,8.491750236316875e-07,2.040299892425537,758.0,3.0629398822784424,6.528900087232614e-08,1.2017300150546362e-06,24.99519920349121,0.2499990016222,2397,2522934971774011741,3424214,198.16109351,-29.97038503,0.6737549901008606,0.6206129789352417,56066.5128224,23.224899291992188,1.3647199869155884,-999.0,0.007375999819487333,-999.0,-999.0,186646529,655396,0,1,1610.8199462890625,6190.81982421875,2.6950199604034424,2.482450008392334,1.105329990386963,1.0437899827957153,17.290800094604492,0.22588899731636047,-999.0,0.9837930202484131,0.08136969804763794,1.247040033340454,-999.0,-999.0,-999.0,-999.0,-999.0,1.8622499737830367e-06,2.5414499305043137e-06,-1.5674899259465747e-05,1.1561699864159891e-07,0.6602960228919983,2.75,-999.0,-999.0,-999.0,420.0,-999.0,1.9068199463845303e-08,3.322079919598764e-06,25.014799118041992,0.25,2397,2522939532760844637,3441205,198.16109303,-29.9703839,0.12862400710582733,0.11837399750947952,55870.6568559,20.73979949951172,0.2443850040435791,20.913000106811523,0.006963000167161226,-999.0,-999.0,186646529,655364,131072,3,1610.8199462890625,6190.81982421875,0.5144969820976257,0.4734959900379181,1.2273600101470947,1.1688899993896484,-50.3650016784668,0.39985498785972595,-999.0,0.9778209924697876,0.9778209924697876,1.1352499723434448,-999.0,-999.0,-999.0,-999.0,-999.0,1.8369199096923694e-05,4.489169896260137e-06,1.5660600183764473e-05,1.0904800262778735e-07,0.565883994102478,3.0,-999.0,-999.0,-999.0,520.0,-999.0,2.3446500563295558e-07,6.254910204006592e-06,25.017000198364258,0.25,0.014211836919952007,,,,,,,,,,,,,,,,,
PSO J131237.613-295737.162,-999,-999,-999,72041981567297902,1052323000027812,502008662486180,0,11090992976248,7204,1,678,50,0.659900840986428,1052323,116883,3,512024576,61,198.15672248,-29.96032287,0.0010000000474974513,0.0010000000474974513,198.15671883,-29.96030555,0.010289999656379223,0.007340000011026859,56389.81827546,1.5633000135421753,-0.8232329764876472,-0.2699763094193099,-0.4993998986539927,208.46608516500453,-20.536256954108065,308.3853222304722,32.68697767975302,-999,5,37,7,8,12,4,6,1006358000004679,1,1,2860,2522933911990831916,3420266,198.15670805,-29.96033275,0.01318769995123148,0.012031500227749348,55923.2465509,19.995899200439453,0.02105100080370903,19.71660041809082,0.003765000030398369,19.773099899291992,0.025451000779867172,262160391,524416,196608,4,1662.7900390625,547.6959838867188,0.05275079980492592,0.048125699162483215,1.814560055732727,1.614400029182434,-87.36820220947266,-0.15335899591445923,8.222380110112226e-09,0.9987789988517761,0.9987789988517761,1.304460048675537,0.3269309997558594,0.002330479910597205,0.34355300664901733,1.3275099992752075,0.9793270230293274,3.644479875219986e-05,7.671819730603602e-07,4.7135101340245456e-05,1.774740070459302e-07,0.9021919965744019,3.2500100135803223,4.474820161703974e-05,1.1388799521228066e-06,3.318779945373535,577.0,5.763830184936523,3.3192698367656703e-08,9.628389534555026e-07,24.988399505615234,0.2500010132789612,2860,2522938591626136364,3437699,198.15672434,-29.96031384,0.005089609883725643,0.004799489863216877,56242.4606949,19.02669906616211,0.009232000447809696,18.686800003051758,0.002061000093817711,18.618000030517578,0.012129999697208405,262160391,524416,196608,8,1662.5799560546875,547.9509887695312,0.02035840041935444,0.019197899848222733,1.5479700565338135,1.511080026626587,12.819999694824219,0.052932098507881165,1.494529977205672e-12,0.9989449977874756,0.9989449977874756,2.043910026550293,0.31077998876571655,0.003575329901650548,0.30691900849342346,1.5967400074005127,1.0288699865341187,8.898680243873969e-05,8.214939839490398e-07,0.00012170200352557003,2.508230068087869e-07,0.8974570035934448,3.0000100135803223,0.00012965699716005474,1.5726900528534316e-06,3.99183988571167,752.0,7.074999809265137,4.932719832595467e-08,1.1766700254156603e-06,24.99959945678711,0.25,2860,2522934501206657836,3422461,198.15672248,-29.96032287,0.0027100699953734875,0.0025479199830442667,56165.2205941,18.710399627685547,0.006564999930560589,18.32229995727539,0.0015920000150799751,18.268699645996094,0.009273000061511993,262160391,524416,196608,11,1662.5999755859375,547.8189697265625,0.010840299539268017,0.01019159983843565,0.9647610187530518,0.9210910201072693,18.25819969177246,0.8598769903182983,2.5610299471401365e-12,0.9972299933433533,0.9972299933433533,2.4222800731658936,0.18300800025463104,0.003931399900466204,0.18255800008773804,1.4098600149154663,0.9411119818687439,0.00011907899897778407,7.817030223122856e-07,0.00017024899716489017,2.709589921323641e-07,0.872169017791748,2.5,0.00017885499983094633,1.6584599507041276e-06,3.5246400833129883,912.0,6.999919891357422,8.527670303237755e-08,1.2318399740252062e-06,25.01110076904297,0.25,2860,2522934974458366764,3424224,198.15672827,-29.96032508,0.006396709941327572,0.006096280179917812,55889.6022335,18.458599090576172,0.013256999664008617,18.055500030517578,0.0019229999743402004,17.991500854492188,0.017911000177264214,262160391,524416,196608,3,1662.5400390625,547.791015625,0.025586800649762154,0.024385100230574608,1.1252800226211548,1.074120044708252,19.548200607299805,0.43934398889541626,2.3898500248104375e-17,0.9986969828605652,0.9986969828605652,1.6814299821853638,0.22605599462985992,0.006469720043241978,0.21660199761390686,1.4526699781417847,0.9339839816093445,0.00015016199904493988,1.9907599835278234e-06,0.00021767000725958496,4.185880015938892e-07,0.8786410093307495,2.75,0.00023088199668563902,4.135320068598958e-06,3.6316800117492676,480.0,8.473079681396484,5.1683699098248326e-08,2.82871997114853e-06,25.019399642944336,0.25,2860,2522939535445199660,3441215,198.15671647,-29.96031041,0.010339999571442604,0.009982500225305557,55878.905297,18.185800552368164,0.02123500034213066,17.8174991607666,0.0015780000248923898,17.870899200439453,0.027879999950528145,262160391,524416,196608,5,1662.6800537109375,548.0159912109375,0.041359901428222656,0.03993010148406029,1.2401399612426758,1.2091699838638306,5.534200191497803,0.38291099667549133,4.841009971362498e-12,0.9987350106239319,0.9987350106239319,1.40024995803833,0.24914899468421936,0.0011083399876952171,0.23863500356674194,1.294659972190857,0.9213860034942627,0.00019304800662212074,4.09934000344947e-06,0.00027100800070911646,4.276139975445403e-07,0.8974570035934448,3.0,0.000258004991337657,7.193169949459843e-06,3.2366600036621094,580.0,6.910160064697266,3.289910068815516e-07,5.919780051044654e-06,25.03339958190918,0.25,0.010741597891580155,,,,,,,,,,,,,,,,,
PSO J131238.640-295739.215,-999,-999,-999,72041981609617204,1052323000028125,502008662486493,0,11090992984126,7204,1,678,50,0.587695546995565,1052323,116883,3,1384198144,165,198.16085076,-29.96096069,0.0010000000474974513,0.0010000000474974513,198.16100395,-29.96089306,0.157710000872612,0.157710000872612,56057.33763889,-999.0,-0.8232079170206438,-0.2700362816884985,-0.49940878238811814,208.4699655479275,-20.535296066587414,308.3896440021551,32.686030395143476,-999,1,1,0,0,1,0,0,1006358000004748,1,0,2770,2522933911990831826,3420266,198.16085068,-29.96096206,0.36999401450157166,0.3375529944896698,55923.2465509,23.63249969482422,0.5905920267105103,-999.0,0.01965700089931488,-999.0,-999.0,35651585,4,196608,3,1611.239990234375,537.635009765625,1.4799699783325195,1.3502099514007568,1.8214600086212158,1.6175299882888794,-86.247802734375,-0.16088999807834625,-999.0,0.9985619783401489,0.9985619783401489,1.3162100315093994,-999.0,-999.0,-999.0,-999.0,-999.0,1.2793400401278632e-06,7.555669867542747e-07,-1.6460300003018347e-06,3.23564002258081e-08,0.9021919965744019,3.2500100135803223,-999.0,-999.0,-999.0,577.0,-999.0,2.3427800144304456e-08,9.626270411899895e-07,24.988399505615234,0.2500010132789612,2770,2522938591626136274,3437699,198.1608504,-29.96096107,0.12749099731445312,0.1202239990234375,56242.4606949,22.67530059814453,0.2312459945678711,22.838300704956055,0.013944000005722046,-999.0,-999.0,35651585,4,196608,8,1611.239990234375,537.635009765625,0.5099639892578125,0.48089399933815,1.5448700189590454,1.5082900524139404,12.711000442504883,0.055663101375103,-999.0,0.9995970129966736,0.9995970129966736,1.53711998462677,-999.0,-999.0,-999.0,-999.0,-999.0,3.089520077992347e-06,7.14439977400616e-07,2.6587999855109956e-06,3.707329909730106e-08,0.9018779993057251,3.0000100135803223,-999.0,-999.0,-999.0,752.0,-999.0,4.706819822786201e-08,1.174870021714014e-06,24.99959945678711,0.25,2770,2522934501206657746,3422461,198.16085084,-29.9609603,0.059422798454761505,0.05586729943752289,56165.2205941,22.336999893188477,0.14393900334835052,21.864700317382812,0.00813400000333786,22.006200790405273,0.1692660003900528,35667969,0,196608,13,1611.219970703125,537.6430053710938,0.2376910001039505,0.22346900403499603,0.9622690081596375,0.9170510172843933,18.336599349975586,0.8815379738807678,0.0006766740116290748,0.9968780279159546,0.9968780279159546,1.233780026435852,0.16745799779891968,-0.007102639880031347,0.25570300221443176,0.8875390291213989,0.6926590204238892,4.2190599742752966e-06,6.072859832784161e-07,6.517790097859688e-06,5.3016499634850334e-08,0.8753520250320435,2.5,5.7218198890041094e-06,9.68512040344649e-07,2.2188498973846436,912.0,3.398859977722168,8.485989866358068e-08,1.2316399988776539e-06,25.01110076904297,0.25,2770,2522934974458366674,3424224,198.16085064,-29.96096127,0.5257300138473511,0.5010380148887634,55889.6022335,23.416900634765625,1.0895899534225464,-999.0,0.013159000314772129,-999.0,-999.0,35651585,4,196608,3,1611.239990234375,537.635009765625,2.1029200553894043,2.004149913787842,1.1257100105285645,1.0723799467086792,17.112899780273438,0.4450730085372925,-999.0,0.9989280104637146,0.9989280104637146,1.372230052947998,-999.0,-999.0,-999.0,-999.0,-999.0,1.560380042064935e-06,1.7001699461616226e-06,-4.291150162316626e-06,5.646599987585432e-08,0.8865320086479187,2.75,-999.0,-999.0,-999.0,480.0,-999.0,5.0383398786379985e-08,2.8520300929812947e-06,25.019399642944336,0.25,2770,2522939535445199570,3441215,198.16085068,-29.96096205,0.40995100140571594,0.395779013633728,55878.905297,-999.0,0.8419010043144226,-999.0,0.006506000179797411,-999.0,-999.0,35651585,4,196608,4,1611.239990234375,537.635009765625,1.6398099660873413,1.5831199884414673,1.2389500141143799,1.2069900035858154,5.497230052947998,0.38377898931503296,-999.0,0.9996439814567566,0.9996439814567566,1.1732699871063232,-999.0,-999.0,-999.0,-999.0,-999.0,-5.496890025824541e-06,4.627840098692104e-06,-1.4341099813464098e-05,9.3302901404968e-08,0.9018779993057251,3.0,-999.0,-999.0,-999.0,580.0,-999.0,3.197710043423285e-07,5.951560069661355e-06,25.03339958190918,0.25,0.013896305038995785,,,,,,,,,,,,,,,,,
PSO J131238.733-295730.132,-999,-999,-999,72051981613850240,1052323000028172,502008662486540,0,11090992987620,7205,1,678,50,0.803779016997459,1052323,116883,3,436363264,52,198.16137319,-29.95840387,0.0010000000474974513,0.0010000000474974513,198.16138768,-29.95837004,0.40487000346183777,0.7735700011253357,56175.39540509,0.9901000261306763,-0.8232270035808954,-0.2700486493569244,-0.49937063145095084,208.46920296775244,-20.53285349079954,308.3903300357605,32.6885088584793,-999,3,5,0,1,4,0,0,1006358000004758,1,0,2756,2522933911990831812,3420266,198.16137319,-29.95840386,0.21127599477767944,0.19275100529193878,55923.2465509,23.00320053100586,0.337242990732193,-999.0,0.039799001067876816,-999.0,-999.0,35651585,4,196608,3,1604.0,574.3599853515625,0.8450999855995178,0.771003007888794,1.812999963760376,1.6130599975585938,-86.82779693603516,-0.1509159952402115,-999.0,0.9976440072059631,0.9976440072059631,1.230430006980896,-999.0,-999.0,-999.0,-999.0,-999.0,2.2841300051368307e-06,7.703059736741125e-07,-4.0154299085770617e-07,1.5981100887074717e-08,0.9021919965744019,3.2500100135803223,-999.0,-999.0,-999.0,577.0,-999.0,1.952859918219474e-08,9.53780045165331e-07,24.988399505615234,0.2500010132789612,2756,2522938591626136260,3437699,198.16133438,-29.95843993,0.0863322988152504,0.0814111977815628,56242.4606949,22.106199264526367,0.15659099817276,22.70159912109375,0.013093000277876854,22.337499618530273,0.23605400323867798,35651585,0,196608,6,1604.489990234375,573.8359985351562,0.3453289866447449,0.32564398646354675,1.5444600582122803,1.507930040359497,12.696599960327148,0.05602189898490906,-0.5376070141792297,0.9992319941520691,0.9992319941520691,1.7771999835968018,0.26558101177215576,0.023708000779151917,0.2424429953098297,0.9222890138626099,0.4776810109615326,5.218019850872224e-06,8.170960086317791e-07,3.0155799777276115e-06,3.9482500824306044e-08,0.8930360078811646,3.0000100135803223,4.216859906591708e-06,9.954089819075307e-07,2.305720090866089,752.0,-0.6164349913597107,4.3842199204391363e-08,1.1666299997159513e-06,24.99959945678711,0.25,2756,2522934501206657732,3422461,198.16137935,-29.95839374,0.026012500748038292,0.024456100538372993,56165.2205941,21.443899154663086,0.06300999969244003,21.735300064086914,0.007662999909371138,21.749399185180664,0.1091269999742508,35651585,0,196608,13,1603.9100341796875,574.4879760742188,0.10405000299215317,0.09782440215349197,0.9628229737281799,0.9184449911117554,17.175199508666992,0.8821790218353271,-0.10286299884319305,0.9968219995498657,0.9968219995498657,1.2880100011825562,0.13217000663280487,0.006064990069717169,0.09465490281581879,0.7538380026817322,0.7242259979248047,9.603600119589828e-06,6.051209879842645e-07,7.343429842876503e-06,5.6274298998459926e-08,0.8658030033111572,2.5,7.248469955811743e-06,7.910040267233853e-07,1.884600043296814,912.0,-1.6311299800872803,7.793489942287124e-08,1.2316199899942148e-06,25.01110076904297,0.25,2756,2522934974458366660,3424224,198.16141516,-29.95841518,0.08201240003108978,0.07816050201654434,55889.6022335,21.386699676513672,0.1699730008840561,21.54840087890625,0.009607000276446342,21.532100677490234,0.2596629858016968,35651585,0,196608,3,1603.47998046875,574.176025390625,0.3280490040779114,0.31264200806617737,1.1235500574111938,1.0719200372695923,18.836299896240234,0.4529480040073395,-0.9823259711265564,0.9982569813728333,0.9982569813728333,1.3408700227737427,0.16413399577140808,0.055827200412750244,0.12741699814796448,0.8191400170326233,0.6839630007743835,1.0123199899680912e-05,1.720679961181304e-06,8.722359780222178e-06,8.379240057365678e-08,0.876010000705719,2.75,8.85483041201951e-06,2.2992699086898938e-06,2.0478498935699463,480.0,-0.022152500227093697,4.8440199407195905e-08,2.813689889080706e-06,25.019399642944336,0.25,2756,2522939535445199556,3441215,198.16137318,-29.95840387,0.18570199608802795,0.17928199470043182,55878.905297,21.19099998474121,0.3813689947128296,-999.0,0.007261999882757664,-999.0,-999.0,35651585,4,196608,4,1604.0,574.3599853515625,0.742808997631073,0.7171289920806885,1.2387800216674805,1.2066899538040161,5.492219924926758,0.3839010000228882,-999.0,0.9983429908752441,0.9983429908752441,1.2130500078201294,-999.0,-999.0,-999.0,-999.0,-999.0,1.2122300176997669e-05,4.623069798981305e-06,-1.1510600415931549e-05,8.358969694199914e-08,0.8952469825744629,3.0,-999.0,-999.0,-999.0,580.0,-999.0,2.823950069341663e-07,5.948390025878325e-06,25.03339958190918,0.25,0.015218353317420254,,,,,,,,,,,,,,,,,
PSO J131237.219-295804.007,-999,-999,-999,72031981551018947,1052323000027703,502008662486070,0,11090992993465,7203,1,678,50,0.736875913792174,1052323,116883,3,436527104,52,198.15507526,-29.96778828,0.0010000000474974513,0.0010000000474974513,198.15508328,-29.96777978,0.04239000007510185,0.03457999974489212,56328.31331019,0.2786000072956085,-0.8231787723635197,-0.26993250816430253,-0.49951291251199637,208.46792241662374,-20.54366720887289,308.382779995216,32.679677443973425,-999,6,8,0,0,5,3,0,1006358000004656,1,1,2904,2522933911990831960,3420266,198.15507788,-29.96778741,0.994238018989563,0.9070649743080139,55923.2465509,24.873300552368164,1.5870200395584106,-999.0,0.025627000257372856,-999.0,-999.0,35651585,4,196608,4,1685.219970703125,440.70098876953125,3.9769399166107178,3.6282401084899902,1.8184900283813477,1.6167700290679932,-87.2968978881836,-0.1579730063676834,-999.0,0.9985820055007935,0.9985820055007935,1.326259970664978,-999.0,-999.0,-999.0,-999.0,-999.0,4.0801600675877125e-07,6.475310101450305e-07,-9.68463041317591e-07,2.481890071237558e-08,0.9021919965744019,3.2500100135803223,-999.0,-999.0,-999.0,577.0,-999.0,3.839240036995761e-08,9.719450417833286e-07,24.988399505615234,0.2500010132789612,2904,2522938591626136408,3437699,198.1550776,-29.96778643,0.2886970043182373,0.2722409963607788,56242.4606949,23.56529998779297,0.523643970489502,22.95680046081543,0.014725999906659126,-999.0,-999.0,35651585,4,196608,8,1685.219970703125,440.70098876953125,1.1547900438308716,1.08896005153656,1.549340009689331,1.5123100280761719,12.867400169372559,0.05172809958457947,-999.0,0.9991549849510193,0.9991549849510193,1.293779969215393,-999.0,-999.0,-999.0,-999.0,-999.0,1.3610699625132838e-06,7.127169965315261e-07,2.38375992012152e-06,3.51035005508038e-08,0.8952469825744629,3.0000100135803223,-999.0,-999.0,-999.0,752.0,-999.0,4.989989932369099e-08,1.180929984911927e-06,24.99959945678711,0.25,2904,2522934501206657880,3422461,198.15507526,-29.96778864,0.02490290068089962,0.023412900045514107,56165.2205941,21.377099990844727,0.060322001576423645,21.875099182128906,0.008173000067472458,21.786699295043945,0.11673499643802643,35651585,0,196608,12,1685.239990234375,440.6669921875,0.09961149841547012,0.09365139901638031,0.9653339982032776,0.9214779734611511,19.100200653076172,0.8516989946365356,-0.004821959882974625,0.9968950152397156,0.9968950152397156,1.1965800523757935,0.12387599796056747,0.001079860026948154,0.11125600337982178,0.7538380026817322,0.6076909899711609,1.0212799679720774e-05,6.160549901323975e-07,6.45593991066562e-06,5.2764299596219644e-08,0.8785349726676941,2.5,7.003449809417361e-06,8.175459811354813e-07,1.884600043296814,912.0,-2.818690061569214,7.94698991057885e-08,1.2265300028957427e-06,25.01110076904297,0.25,2904,2522934974458366808,3424224,198.15506384,-29.96779549,0.042042698711156845,0.04006810113787651,55889.6022335,20.566200256347656,0.08713500201702118,20.850400924682617,0.006965999957174063,20.742599487304688,0.157027006149292,35651585,0,196608,3,1685.3900146484375,440.5769958496094,0.1681710034608841,0.1602720022201538,1.1266100406646729,1.0748800039291382,19.014999389648438,0.4319469928741455,-0.7474110126495361,0.9995620250701904,0.9995620250701904,1.2543100118637085,0.18311099708080292,0.0023944000713527203,0.13887499272823334,0.8191400170326233,0.5076490044593811,2.1554200429818593e-05,1.878119974207948e-06,1.6590000086580403e-05,1.1556100076859366e-07,0.8839020133018494,2.75,1.832210000429768e-05,2.877060069295112e-06,2.0478498935699463,480.0,-0.32205501198768616,5.618920084771162e-08,2.898839966292144e-06,25.019399642944336,0.25,2904,2522939535445199704,3441215,198.15506708,-29.96782007,0.07573209702968597,0.07311400026082993,55878.905297,20.3085994720459,0.1555279940366745,20.572500228881836,0.005611000116914511,20.505699157714844,0.23619799315929413,35651585,0,196608,4,1685.3599853515625,440.2330017089844,0.30292901396751404,0.2924560010433197,1.2406599521636963,1.210129976272583,5.551270008087158,0.38252899050712585,-0.9787999987602234,0.9993799924850464,0.9993799924850464,1.222659945487976,0.2354779988527298,0.0313837006688118,0.17713600397109985,0.8717420101165771,0.2976529896259308,2.7326099370839074e-05,4.249970061209751e-06,2.1428699255920947e-05,1.2024300133361976e-07,0.8996679782867432,3.0,2.2789399736211635e-05,5.382809831644408e-06,2.179349899291992,580.0,-0.026573799550533295,2.9030900350335287e-07,5.917770067753736e-06,25.03339958190918,0.25,0.008436795533725767,,,,,,,,,,,,,,,,,
PSO J131237.219-295804.007,-999,-999,-999,72031981551018947,1052323000027703,502008662486070,0,11090992993465,7203,1,678,50,0.736875913792174,1052323,116883,3,436527104,52,198.15507526,-29.96778828,0.0010000000474974513,0.0010000000474974513,198.15508328,-29.96777978,0.04239000007510185,0.03457999974489212,56328.31331019,0.2786000072956085,-0.8231787723635197,-0.26993250816430253,-0.49951291251199637,208.46792241662374,-20.54366720887289,308.382779995216,32.679677443973425,-999,6,8,0,0,5,3,0,1006820000005462,0,1,2507,2522933909306477003,3420256,198.15507557,-29.96778443,27.630599975585938,24.4689998626709,55760.8538454,-999.0,38.252601623535156,-999.0,0.012973999604582787,-999.0,-999.0,35651585,4,0,2,1685.239990234375,6229.7001953125,110.52200317382812,97.8761978149414,1.858489990234375,1.7432299852371216,83.9114990234375,0.20953300595283508,-999.0,0.9993759989738464,0.9993759989738464,1.2573200464248657,-999.0,-999.0,-999.0,-999.0,-999.0,-3.16168993208521e-08,1.2094300245735212e-06,-4.526610155153321e-06,5.872649921911943e-08,0.9263319969177246,4.0,-999.0,-999.0,-999.0,491.0,-999.0,4.226430050380259e-08,1.3219699894762016e-06,24.967599868774414,0.25,2507,2522938588941781451,3437689,198.15507569,-29.96778748,0.6383829712867737,0.5969859957695007,56036.21524,23.667200088500977,1.0738500356674194,-999.0,0.010792000219225883,-999.0,-999.0,35651585,4,0,2,1685.239990234375,6229.7001953125,2.553539991378784,2.3879499435424805,1.475000023841858,1.4179199934005737,-81.4374008178711,0.09978310018777847,-999.0,0.9986889958381653,0.9986889958381653,1.0245399475097656,-999.0,-999.0,-999.0,-999.0,-999.0,1.239110019923828e-06,1.3306199662110885e-06,-4.187460035609547e-06,4.519209895192944e-08,0.904075026512146,3.2499899864196777,-999.0,-999.0,-999.0,752.0,-999.0,1.4510300161418854e-07,1.76799994733301e-06,24.98900032043457,0.2499990016222,2507,2522934498522302923,3422451,198.15506974,-29.96778828,0.024653799831867218,0.02235330082476139,56227.080465,21.33169937133789,0.05725900083780289,21.750099182128906,0.00849399995058775,21.702699661254883,0.10343600064516068,35651585,0,0,13,1685.31005859375,6229.68017578125,0.0986156016588211,0.08941379934549332,1.0300400257110596,0.9855790138244629,31.606300354003906,0.5413039922714233,-0.012275800108909607,0.9975669980049133,0.9975669980049133,1.1864500045776367,0.13040199875831604,0.007121779955923557,0.10931500047445297,0.7267850041389465,0.5500990152359009,1.0649700016074348e-05,6.097869800214539e-07,7.243870186357526e-06,6.152779974399891e-08,0.8753520250320435,2.4999899864196777,7.5670500336855184e-06,7.827060244380846e-07,1.8169599771499634,758.0,-2.504110097885132,7.25161015679987e-08,1.2094200201318017e-06,24.99519920349121,0.2499990016222,2507,2522934971774011851,3424214,198.15503236,-29.96777976,0.057076599448919296,0.052574701607227325,56066.5128224,20.757099151611328,0.1156110018491745,20.579299926757812,0.006556000094860792,20.805999755859375,0.16377900540828705,35651585,0,0,2,1685.780029296875,6229.81005859375,0.22830599546432495,0.21029900014400482,1.107640027999878,1.0443600416183472,17.601999282836914,0.2240770012140274,0.33918699622154236,0.9987559914588928,0.9987559914588928,1.3042700290679932,0.19745400547981262,0.024919399991631508,0.17567700147628784,0.7486199736595154,0.5251449942588806,1.8078799257637e-05,2.090110001518042e-06,2.1294699763529934e-05,1.3960699618564831e-07,0.8917940258979797,2.75,1.7282900444115512e-05,2.8305798878136557e-06,1.8715499639511108,420.0,0.9557740092277527,-4.763520133899135e-10,3.3050500860554166e-06,25.014799118041992,0.25,2507,2522939532760844747,3441205,198.15511329,-29.96782286,0.07610289752483368,0.07003810256719589,55870.6568559,20.185199737548828,0.14459499716758728,20.127700805664062,0.0048500001430511475,20.0851993560791,0.1662449985742569,35651585,0,0,3,1684.780029296875,6229.14990234375,0.30441099405288696,0.28015199303627014,1.2273999452590942,1.1671299934387207,-50.826900482177734,0.40271899104118347,0.07617100328207016,0.9989079833030701,0.9989079833030701,1.1892399787902832,0.286967009305954,0.03491169959306717,0.20791399478912354,0.8676530122756958,0.6956549882888794,3.061510142288171e-05,4.426789928402286e-06,3.227799970773049e-05,1.5655500362754537e-07,0.8974570035934448,3.0,3.356680099386722e-05,5.580309789365856e-06,2.1691300868988037,520.0,1.7733500003814697,2.8620098646570113e-07,6.1892601479485165e-06,25.017000198364258,0.25,0.008436795533725767,,,,,,,,,,,,,,,,,
PSO J131236.170-295815.862,-999,-999,-999,72031981507535009,1052323000027360,502008662485727,0,11090992994440,7203,1,678,50,0.423983207367345,1052323,116883,3,436527104,52,198.15068341,-29.97109973,0.0010000000474974513,0.0010000000474974513,198.150711,-29.97107279,0.10170000046491623,0.05310000106692314,56020.1081713,1.5225000381469727,-0.8231720869478797,-0.26986074626010914,-0.4995627016679782,208.46564116663262,-20.548208934014067,308.3779198869332,32.67676961467431,-999,6,9,0,0,4,3,2,1006358000004583,1,1,2980,2522933911990832036,3420266,198.15066599,-29.97109982,0.19921499490737915,0.18174800276756287,55923.2465509,-999.0,0.3179909884929657,-999.0,0.008696000091731548,-999.0,-999.0,35651585,4,196608,4,1741.219970703125,394.0429992675781,0.7968569993972778,0.7269899845123291,1.8135600090026855,1.6145800352096558,-88.33769989013672,-0.15246999263763428,-999.0,0.997642993927002,0.997642993927002,1.3877700567245483,-999.0,-999.0,-999.0,-999.0,-999.0,-2.03732997761108e-06,6.478520049313374e-07,-8.411479939240962e-06,7.314390160217954e-08,0.9097260236740112,3.2500100135803223,-999.0,-999.0,-999.0,577.0,-999.0,4.6043698631592633e-08,9.777220384421526e-07,24.988399505615234,0.2500010132789612,2980,2522938591626136484,3437699,198.15066572,-29.97109885,0.545665979385376,0.5145620107650757,56242.4606949,24.257600784301758,0.9897390007972717,-999.0,0.007544000167399645,-999.0,-999.0,35651585,4,196608,8,1741.219970703125,394.0429992675781,2.1826601028442383,2.0582399368286133,1.5527199506759644,1.5153499841690063,12.983099937438965,0.04874910041689873,-999.0,0.9983630180358887,0.9983630180358887,1.8728300333023071,-999.0,-999.0,-999.0,-999.0,-999.0,7.193850137809932e-07,7.12004009528755e-07,-8.4865496319253e-06,6.402360241963834e-08,0.9018779993057251,3.0000100135803223,-999.0,-999.0,-999.0,752.0,-999.0,4.975180090127651e-08,1.1786800087065785e-06,24.99959945678711,0.25,2980,2522934501206657956,3422461,198.15065647,-29.97110136,0.036633800715208054,0.03444189950823784,56165.2205941,21.658100128173828,0.08873700350522995,21.84600067138672,0.008063999935984612,-999.0,-999.0,35653633,0,196608,9,1741.3299560546875,394.0069885253906,0.1465349942445755,0.1377670019865036,0.9678810238838196,0.9254130125045776,19.36050033569336,0.8283690214157104,-2.1692800444839122e-08,0.9961730241775513,0.9961730241775513,1.2510099411010742,0.11689700186252594,-0.048537999391555786,0.06354880332946777,-999.0,-0.2975820004940033,7.884479600761551e-06,6.996480124144e-07,6.631390078837285e-06,5.3476501449267744e-08,0.8817179799079895,2.5,-999.0,-999.0,-999.0,912.0,-5.597929954528809,7.806549717770395e-08,1.2255900401214603e-06,25.01110076904297,0.25,2980,2522934974458366884,3424224,198.15068129,-29.97112525,0.03332959860563278,0.0317642018198967,55889.6022335,20.394800186157227,0.06907700002193451,-999.0,0.015845999121665955,20.912200927734375,0.14709599316120148,35651585,0,196608,3,1741.0400390625,393.6619873046875,0.1333180069923401,0.1270570009946823,1.1267499923706055,1.0765700340270996,21.212799072265625,0.4241679906845093,-1.698320011200849e-05,0.9978410005569458,0.9978410005569458,1.4585399627685547,0.1273140013217926,0.002278170082718134,0.14263999462127686,0.8191400170326233,0.5225560069084167,2.5238599846488796e-05,1.7434000483262935e-06,-2.9590401027235202e-06,4.688940080654902e-08,0.8891630172729492,2.75,1.5672399968025275e-05,2.3053501081449213e-06,2.0478498935699463,480.0,-4.301259994506836,6.290920140372691e-08,2.911979890996008e-06,25.019399642944336,0.25,2980,2522939535445199780,3441215,198.15072532,-29.97108985,0.0612294003367424,0.05911260098218918,55878.905297,20.135400772094727,0.12574400007724762,20.248600006103516,0.0048340000212192535,20.294099807739258,0.18439799547195435,35651585,0,196608,4,1740.47998046875,394.1719970703125,0.24491800367832184,0.23645099997520447,1.2419400215148926,1.2124600410461426,5.594719886779785,0.3815990090370178,0.8036739826202393,0.9991809725761414,0.9991809725761414,1.1499700546264648,0.22679300606250763,-0.011563800275325775,0.16380999982357025,0.8717420101165771,0.6586530208587646,3.2051000744104385e-05,4.030239779240219e-06,2.8877300792373717e-05,1.3958499778254918e-07,0.8952469825744629,3.0,2.7692000003298745e-05,5.10633981321007e-06,2.179349899291992,580.0,0.2485949993133545,2.6980899292539107e-07,5.874930138816126e-06,25.03339958190918,0.25,0.007168735097180818,,,,,,,,,,,,,,,,,
PSO J131236.170-295815.862,-999,-999,-999,72031981507535009,1052323000027360,502008662485727,0,11090992994440,7203,1,678,50,0.423983207367345,1052323,116883,3,436527104,52,198.15068341,-29.97109973,0.0010000000474974513,0.0010000000474974513,198.150711,-29.97107279,0.10170000046491623,0.05310000106692314,56020.1081713,1.5225000381469727,-0.8231720869478797,-0.26986074626010914,-0.4995627016679782,208.46564116663262,-20.548208934014067,308.3779198869332,32.67676961467431,-999,6,9,0,0,4,3,2,1006820000005455,0,1,2603,2522933909306477099,3420256,198.15066709,-29.97109757,1.1492899656295776,1.0177899599075317,55760.8538454,-999.0,1.5911099910736084,-999.0,0.008994000032544136,-999.0,-999.0,35651585,4,0,2,1741.199951171875,6183.02978515625,4.597169876098633,4.071149826049805,1.847830057144165,1.7422800064086914,82.18080139160156,0.20970000326633453,-999.0,0.9983260035514832,0.9983260035514832,1.1549299955368042,-999.0,-999.0,-999.0,-999.0,-999.0,-7.602919822602416e-07,1.2097100352548296e-06,-9.419060006621294e-06,8.471320001035565e-08,0.9226009845733643,4.0,-999.0,-999.0,-999.0,491.0,-999.0,4.585540125390253e-08,1.3235500091468566e-06,24.967599868774414,0.25,2603,2522938588941781547,3437689,198.15066721,-29.9711006,0.5188959836959839,0.48524799942970276,56036.21524,23.436599731445312,0.8728539943695068,-999.0,0.007447999902069569,-999.0,-999.0,35651585,4,0,2,1741.199951171875,6183.02978515625,2.075589895248413,1.940999984741211,1.4749799966812134,1.4201699495315552,-81.83370208740234,0.09994889795780182,-999.0,0.9977099895477295,0.9977099895477295,1.1703699827194214,-999.0,-999.0,-999.0,-999.0,-999.0,1.532329974907043e-06,1.3374999525694875e-06,-8.792309927230235e-06,6.548449960064318e-08,0.9078419804573059,3.2499899864196777,-999.0,-999.0,-999.0,752.0,-999.0,1.2078299960194272e-07,1.7646799506110256e-06,24.98900032043457,0.2499990016222,2603,2522934498522303019,3422451,198.15065819,-29.97110208,0.038110099732875824,0.034554000943899155,56227.080465,21.668699264526367,0.08851099759340286,21.857099533081055,0.00892299972474575,-999.0,-999.0,35653633,0,0,9,1741.31005859375,6183.0,0.15244099497795105,0.1382170021533966,1.0290000438690186,0.982725977897644,29.66119956970215,0.5489420294761658,-1.429150027487669e-11,0.9963600039482117,0.9963600039482117,1.152999997138977,0.11748000234365463,-0.045922499150037766,0.06293729692697525,-999.0,-0.1570030003786087,7.807680049154442e-06,6.910669867465913e-07,6.563740043930011e-06,5.856820095573312e-08,0.8817179799079895,2.4999899864196777,-999.0,-999.0,-999.0,758.0,-6.75492000579834,7.704870341740389e-08,1.2156300499555073e-06,24.99519920349121,0.2499990016222,2603,2522934971774011947,3424214,198.15068553,-29.97112976,0.03279000148177147,0.030203700065612793,56066.5128224,20.373199462890625,0.06641799956560135,20.522899627685547,0.006388000212609768,20.82740020751953,0.1268319934606552,35651585,0,0,3,1740.97998046875,6182.58984375,0.13116000592708588,0.12081500142812729,1.109339952468872,1.0447700023651123,17.82029914855957,0.22274300456047058,-0.00021207200188655406,0.9982309937477112,0.9982309937477112,1.497249960899353,0.12724000215530396,-0.0018625999800860882,0.13571299612522125,0.7486199736595154,0.5255810022354126,2.5745899620233104e-05,1.709979983388621e-06,2.2430200260714628e-05,1.4328099950944306e-07,0.8812710046768188,2.75,1.6945399693213403e-05,2.1492201085493434e-06,1.8715499639511108,420.0,-3.7041800022125244,-1.3506800122797813e-08,3.289640062575927e-06,25.014799118041992,0.25,2603,2522939532760844843,3441205,198.15069785,-29.97108516,0.060796499252319336,0.055951498448848724,55870.6568559,20.020200729370117,0.11551299691200256,20.13759994506836,0.004871999844908714,20.17180061340332,0.1691579967737198,35651585,0,0,4,1740.81005859375,6183.2099609375,0.24318499863147736,0.2238059937953949,1.227429986000061,1.1657999753952026,-51.15850067138672,0.40488898754119873,0.8940439820289612,0.9989010095596313,0.9989010095596313,1.121940016746521,0.2018509954214096,0.0020559700205922127,0.16304700076580048,0.8676530122756958,0.6918179988861084,3.5639699490275234e-05,4.116840045753634e-06,3.198629929102026e-05,1.5584599566409452e-07,0.8952469825744629,3.0,3.0993600375950336e-05,5.242819952400168e-06,2.1691300868988037,520.0,0.13318899273872375,3.1884499662737653e-07,6.141280209703837e-06,25.017000198364258,0.25,0.007168735097180818,,,,,,,,,,,,,,,,,
PSO J131237.770-295749.099,-999,-999,-999,72041981573094047,1052323000027848,502008662486216,0,11090993007857,7204,1,678,50,0.797026371394309,1052323,116883,3,436527104,52,198.15737793,-29.96363871,0.0010000000474974513,0.0010000000474974513,198.15737334,-29.96361272,0.05270000174641609,0.049789998680353165,56399.44150463,3.202699899673462,-0.8232025005713993,-0.26997673008543627,-0.4994499056615896,208.46806462712826,-20.539053896122873,308.3856091055467,32.68363094852752,-999,4,24,6,6,11,1,0,1006358000004687,1,1,2847,2522933911990831903,3420266,198.1574039,-29.9635741,0.035704199224710464,0.032573699951171875,55923.2465509,21.193899154663086,0.056992001831531525,21.16550064086914,0.0073379999957978725,21.2091007232666,0.0767270028591156,195035141,524288,196608,4,1655.0,500.83599853515625,0.14281600713729858,0.13029399514198303,1.8212000131607056,1.617900013923645,-86.74639892578125,-0.1609410047531128,0.057628899812698364,0.9978399872779846,0.9978399872779846,1.2385200262069702,0.27953198552131653,-0.002034089993685484,0.3264960050582886,1.0891499519348145,0.8367170095443726,1.2090899872418959e-05,6.890800250403117e-07,1.2411000170686748e-05,9.106820186843834e-08,0.9078419804573059,3.2500100135803223,1.1922599696845282e-05,9.147839818979264e-07,2.722870111465454,577.0,1.8985099792480469,3.2948101136298646e-08,9.673650538388756e-07,24.988399505615234,0.2500010132789612,2847,2522938591626136351,3437699,198.15730543,-29.96364627,0.03142959997057915,0.029637999832630157,56242.4606949,21.01140022277832,0.05700799822807312,20.502199172973633,0.004755000118166208,20.583200454711914,0.06603900343179703,262160391,524288,196608,6,1656.25,499.8059997558594,0.12571799755096436,0.11855199933052063,1.5475900173187256,1.510740041732788,12.806699752807617,0.05326880142092705,3.032109882183248e-13,0.9987879991531372,0.9987879991531372,1.5156300067901611,0.32054999470710754,-0.02043280005455017,0.3780899941921234,1.3292399644851685,0.9616450071334839,1.4303999705589376e-05,8.154390229719866e-07,2.2863199774292298e-05,1.087139978039886e-07,0.8952469825744629,3.0000100135803223,2.121949910360854e-05,1.4013099871590384e-06,3.323090076446533,752.0,7.292960166931152,4.9606601493223934e-08,1.1797300203397754e-06,24.99959945678711,0.25,2847,2522934501206657823,3422461,198.15737609,-29.96363845,0.018289800733327866,0.017195500433444977,56165.2205941,20.915700912475586,0.04430299997329712,20.378000259399414,0.004102000035345554,20.447799682617188,0.0522489994764328,262160391,655488,196608,9,1655.3599853515625,499.8999938964844,0.0731590986251831,0.06878180056810379,0.9639639854431152,0.9193770289421082,18.96940040588379,0.864126980304718,5.168430245415523e-13,0.9971449971199036,0.9971449971199036,1.2513400316238403,0.1855970025062561,-0.01517810020595789,0.23285000026226044,1.0578800439834595,0.845628023147583,1.562169927638024e-05,6.920899977558292e-07,2.5632200049585663e-05,1.0513699777447982e-07,0.8785349726676941,2.5,2.403699909336865e-05,1.2558999742395827e-06,2.6446900367736816,912.0,7.220799922943115,8.370660253831375e-08,1.2296600289118942e-06,25.01110076904297,0.25,2847,2522934974458366751,3424224,198.15737962,-29.96368999,0.05008139833807945,0.04772920161485672,55889.6022335,20.84429931640625,0.10379499942064285,20.737699508666992,0.006612999830394983,20.826000213623047,0.1373479962348938,195035141,655360,196608,3,1655.3399658203125,499.1610107421875,0.20032499730587006,0.1909170001745224,1.1265900135040283,1.0739099979400635,17.890600204467773,0.4361479878425598,0.1652739942073822,0.9980080127716064,0.9980080127716064,1.359779953956604,0.15842999517917633,-0.022989800199866295,0.2121569961309433,0.8191400170326233,0.7424229979515076,1.6683599824318662e-05,1.7316799585387344e-06,1.8404800357529894e-05,1.2171800278792944e-07,0.8865320086479187,2.75,1.6966700059128925e-05,2.330330062250141e-06,2.0478498935699463,480.0,1.3875499963760376,5.276420012023664e-08,2.8687200028798543e-06,25.019399642944336,0.25,2847,2522939535445199647,3441215,198.15737793,-29.96363871,0.11520099639892578,0.11121899634599686,55878.905297,20.868000030517578,0.23658399283885956,21.146299362182617,0.0073079997673630714,-999.0,-999.0,186646529,655364,196608,5,1655.3499755859375,499.9119873046875,0.4608049988746643,0.44487500190734863,1.2399699687957764,1.2088600397109985,5.528820037841797,0.38303500413894653,-999.0,0.9776139855384827,0.9692760109901428,1.1663800477981567,-999.0,-999.0,-999.0,-999.0,-999.0,1.6322399460477754e-05,3.861609911837149e-06,1.2631800018425565e-05,9.231970210521467e-08,0.565883994102478,3.0,-999.0,-999.0,-999.0,580.0,-999.0,3.1826900226405996e-07,5.932639851380372e-06,25.03339958190918,0.25,0.010205261196143895,,,,,,,,,,,,,,,,,
PSO J131237.610-295814.826,-999,-999,-999,72031981567175331,1052323000027810,502008662486178,0,11090993009602,7203,1,678,50,0.496211852409143,1052323,116883,3,436527104,52,198.15670901,-29.97078517,0.0010000000474974513,0.0010000000474974513,198.15669692,-29.9707742,0.014840000309050083,0.007550000213086605,56354.17997685,0.8698999881744385,-0.8231463627902634,-0.2699475561412258,-0.4995581871599542,208.4705790111207,-20.545842600551143,308.38408560076203,32.676560884425086,-999,10,27,2,7,10,3,5,1006358000004678,1,1,2869,2522933911990831925,3420266,198.1566972,-29.97075711,0.05522700026631355,0.050384800881147385,55923.2465509,21.68160057067871,0.08815400302410126,22.203800201416016,0.01183599978685379,21.992399215698242,0.13571499288082123,195035141,655360,196608,4,1665.8199462890625,397.5329895019531,0.22090700268745422,0.20153799653053284,1.8202300071716309,1.6174999475479126,-86.94259643554688,-0.15987800061702728,-0.027622800320386887,0.9987319707870483,0.9987319707870483,1.2268600463867188,0.21331599354743958,-0.020077399909496307,0.27183398604393005,0.9353190064430237,0.6414070129394531,7.715069841651712e-06,6.80117977935879e-07,4.769739916810067e-06,5.64559989868485e-08,0.9003080129623413,3.2500100135803223,5.794890057586599e-06,7.864550184422114e-07,2.3382999897003174,577.0,-2.2026000022888184,3.489909872200769e-08,9.728320264912327e-07,24.988399505615234,0.2500010132789612,2869,2522938591626136373,3437699,198.1567142,-29.97079464,0.02527960017323494,0.024775300174951553,56242.4606949,20.48859977722168,0.0318089984357357,20.549400329589844,0.004860000219196081,20.654199600219727,0.04862099885940552,262144069,524416,196608,8,1665.6199951171875,396.9739990234375,0.10111799836158752,0.0991009995341301,1.5481499433517456,1.511240005493164,12.82610034942627,0.05277559906244278,-0.3973509967327118,0.9987710118293762,0.9987710118293762,1.4795700311660767,0.22991600632667542,-0.004617359954863787,0.23313499987125397,1.023550033569336,0.8083720207214355,2.3149899789132178e-05,7.363850045294384e-07,2.188930011470802e-05,1.0637400293944665e-07,0.8974570035934448,3.0000100135803223,1.9875800717272796e-05,9.663809805715573e-07,2.558880090713501,752.0,-0.8463619947433472,4.8710699473986097e-08,1.1815000107162632e-06,24.99959945678711,0.25,2869,2522934501206657845,3422461,198.15670087,-29.97078968,0.007747749797999859,0.007503889966756105,56165.2205941,19.381399154663086,0.014198999851942062,19.53230094909668,0.002778999973088503,19.650100708007812,0.023429999127984047,262144069,524416,196608,8,1665.77001953125,397.0459899902344,0.030990999191999435,0.030015500262379646,0.9644420146942139,0.9201099872589111,19.014400482177734,0.859794020652771,-0.04541860148310661,0.9963679909706116,0.9963679909706116,1.1999200582504272,0.12942899763584137,0.001505219959653914,0.11724600195884705,0.8038619756698608,0.7073349952697754,6.41880978946574e-05,9.113750252254249e-07,5.585799954133108e-05,1.5520400609148055e-07,0.8785349726676941,2.5,5.011410030419938e-05,1.174150042970723e-06,2.009660005569458,912.0,-2.000760078430176,7.388209866121542e-08,1.2236599786774605e-06,25.01110076904297,0.25,2869,2522934974458366773,3424224,198.15670626,-29.97078677,0.013995500281453133,0.013450800441205502,55889.6022335,19.127599716186523,0.022884000092744827,19.28420066833496,0.0033859999384731054,19.344600677490234,0.03604700043797493,262144069,524416,196608,3,1665.719970703125,397.0920104980469,0.055981799960136414,0.053803298622369766,1.1266000270843506,1.0742499828338623,18.273300170898438,0.43469899892807007,-0.29847100377082825,0.997855007648468,0.997855007648468,1.3476500511169434,0.15692900121212006,0.005162199959158897,0.16079699993133545,0.8394790291786194,0.6829400062561035,8.109000191325322e-05,1.855629989222507e-06,7.019419717835262e-05,2.3770499524289335e-07,0.8891630172729492,2.75,6.639920320594683e-05,2.393489921814762e-06,2.0987000465393066,480.0,-1.039720058441162,5.486829834921991e-08,2.9315999654500047e-06,25.019399642944336,0.25,2869,2522939535445199669,3441215,198.15671175,-29.97078154,0.025958700105547905,0.025372600182890892,55878.905297,18.881900787353516,0.03862699866294861,18.884199142456055,0.0025790000800043344,19.04840087890625,0.06402599811553955,262144069,524416,196608,5,1665.6500244140625,397.177001953125,0.10383500158786774,0.10148999840021133,1.2402100563049316,1.2093000411987305,5.5364298820495605,0.3828609883785248,-0.46997401118278503,0.9992700219154358,0.9992700219154358,1.1624599695205688,0.15842799842357635,-0.011531200259923935,0.18607500195503235,0.992247998714447,0.7448639869689941,0.00010168099834118038,3.927650141122285e-06,0.00010146800195798278,2.6165199074057455e-07,0.8974570035934448,3.0,8.722249913262203e-05,5.584469818131765e-06,2.4806199073791504,580.0,-0.7225220203399658,2.5913598733495746e-07,5.938889898970956e-06,25.03339958190918,0.25,0.01091567732999706,,,,,,,,,,,,,,,,,
PSO J131237.610-295814.826,-999,-999,-999,72031981567175331,1052323000027810,502008662486178,0,11090993009602,7203,1,678,50,0.496211852409143,1052323,116883,3,436527104,52,198.15670901,-29.97078517,0.0010000000474974513,0.0010000000474974513,198.15669692,-29.9707742,0.014840000309050083,0.007550000213086605,56354.17997685,0.8698999881744385,-0.8231463627902634,-0.2699475561412258,-0.4995581871599542,208.4705790111207,-20.545842600551143,308.38408560076203,32.676560884425086,-999,10,27,2,7,10,3,5,1006820000005464,0,1,2484,2522933909306476980,3420256,198.15667204,-29.97072644,0.13250400125980377,0.1173430010676384,55760.8538454,21.81879997253418,0.18344199657440186,22.402299880981445,0.014132999815046787,22.07469940185547,0.2843959927558899,195035141,655360,0,2,1666.1199951171875,6186.93994140625,0.5300160050392151,0.4693709909915924,1.8621599674224854,1.7435100078582764,84.43499755859375,0.20947599411010742,-0.39404699206352234,0.9984549880027771,0.9984549880027771,1.209689974784851,0.2522110044956207,-0.0475941002368927,0.3685370087623596,1.1504600048065186,0.8558809757232666,6.7993300945090596e-06,1.2472800108298543e-06,3.972470040025655e-06,5.614110065721434e-08,0.9250879883766174,4.0,5.371749921323499e-06,1.5277099691957119e-06,2.876149892807007,491.0,-0.8523010015487671,4.0772999199134574e-08,1.321449985880463e-06,24.967599868774414,0.25,2484,2522938588941781428,3437689,198.15674245,-29.97079879,0.03975290060043335,0.037174999713897705,56036.21524,20.60110092163086,0.06686999648809433,20.94700050354004,0.005834000185132027,20.93779945373535,0.11772000044584274,195035141,524288,0,2,1665.260009765625,6185.919921875,0.15901200473308563,0.1487009972333908,1.4750100374221802,1.4171099662780762,-81.30339813232422,0.09972400218248367,-0.00354808010160923,0.9982709884643555,0.9982709884643555,1.1378200054168701,0.21339400112628937,-0.012579199858009815,0.23578399419784546,0.9735789895057678,0.7283809781074524,2.087259963445831e-05,1.3957400142317056e-06,1.5176899978541769e-05,8.85441977516166e-08,0.9078419804573059,3.2499899864196777,1.5306099157896824e-05,1.8018399714492261e-06,2.4339499473571777,752.0,-2.9157700538635254,1.5395100660953176e-07,1.7689700371192885e-06,24.98900032043457,0.2499990016222,2484,2522934498522302900,3422451,198.1567017,-29.97078977,0.007771799806505442,0.007615789771080017,56227.080465,19.372299194335938,0.01399299968034029,19.525800704956055,0.0030499999411404133,19.63249969482422,0.022847000509500504,262144069,524416,0,9,1665.77001953125,6186.0498046875,0.031087400391697884,0.03046330064535141,1.030419945716858,0.9865480065345764,32.32320022583008,0.5386409759521484,-0.07052309811115265,0.9965699911117554,0.9965699911117554,1.209630012512207,0.1263130009174347,0.00240946002304554,0.11583200097084045,0.79584801197052,0.7041869759559631,6.472809764090925e-05,9.057189913619368e-07,5.6192799092968926e-05,1.7136700591890985e-07,0.8785349726676941,2.4999899864196777,5.093180152471177e-05,1.1636400358838728e-06,1.9896199703216553,758.0,-1.8085399866104126,7.062300255711307e-08,1.2074100368408835e-06,24.99519920349121,0.2499990016222,2484,2522934971774011828,3424214,198.15670627,-29.97078643,0.012945899739861488,0.012321500107645988,56066.5128224,19.118900299072266,0.022360999137163162,19.22760009765625,0.0035180000122636557,19.305999755859375,0.03571600094437599,262144069,524416,0,3,1665.7099609375,6186.08984375,0.051783401519060135,0.049285899847745895,1.107010006904602,1.0441999435424805,17.520000457763672,0.22456499934196472,-0.6133670210838318,0.9981729984283447,0.9981729984283447,1.4143600463867188,0.1484680026769638,0.003963919822126627,0.15164600312709808,0.8354679942131042,0.6814579963684082,8.173749665729702e-05,1.8276899709235295e-06,7.395199645543471e-05,2.601640005650552e-07,0.8891630172729492,2.75,6.880139699205756e-05,2.4573400878580287e-06,2.088670015335083,420.0,-0.5052729845046997,4.7557899840455775e-09,3.3096100651164306e-06,25.014799118041992,0.25,2484,2522939532760844724,3441205,198.15671511,-29.9707839,0.020748399198055267,0.01909489929676056,55870.6568559,18.903099060058594,0.03942200168967247,18.93549919128418,0.0028009999077767134,19.106000900268555,0.06550999730825424,195035205,655488,0,5,1665.5999755859375,6186.10986328125,0.08299340307712555,0.07637950032949448,1.2273900508880615,1.167580008506775,-50.70970153808594,0.40197598934173584,-0.23177799582481384,0.9990410208702087,0.9990410208702087,1.136780023574829,0.1547739952802658,-0.008580139838159084,0.18574899435043335,0.9540489912033081,0.7319250106811523,9.971800318453461e-05,3.931059836759232e-06,9.677909838501364e-05,2.71083990810439e-07,0.8974570035934448,3.0,8.271649858215824e-05,5.418759883468738e-06,2.385119915008545,520.0,-1.1957900524139404,2.727840069383092e-07,6.206289981491864e-06,25.017000198364258,0.25,0.01091567732999706,,,,,,,,,,,,,,,,,
PSO J131235.161-295759.957,-999,-999,-999,72041981464950327,1052323000027046,502008662485413,0,11090993022030,7204,1,678,50,0.0841328828447805,1052323,116883,3,512024576,61,198.14650786,-29.96665479,0.0010000000474974513,0.0010000000474974513,198.14650078,-29.96663777,0.00901000015437603,0.006060000043362379,56272.37133102,2.352400064468384,-0.8232286579528107,-0.26981229960012054,-0.499495645336082,208.46016562992327,-20.545623607044494,308.37412087379715,32.68153901697236,-999,13,31,5,8,9,4,5,1006358000004528,1,1,3056,2522933911990832112,3420266,198.14656661,-29.96666457,0.005539769772440195,0.005054059904068708,55923.2465509,18.77239990234375,0.008843000046908855,17.962499618530273,0.0016789999790489674,16.968799591064453,0.006821999792009592,262160391,524416,196608,4,1791.1800537109375,458.9150085449219,0.022159000858664513,0.02021609991788864,1.8092700242996216,1.6124999523162842,-89.28720092773438,-0.1475609987974167,0.0,0.9979820251464844,0.9979820251464844,11.448599815368652,0.4194819927215576,0.01753770001232624,0.4160430133342743,4.23144006729126,1.239989995956421,0.00011246900248806924,9.945320016413461e-07,0.00023714499548077583,3.980790097557474e-07,0.9078419804573059,3.2500100135803223,0.0005922149866819382,4.040020030515734e-06,10.57859992980957,577.0,26.693099975585938,4.600860137315976e-08,9.810470373849967e-07,24.988399505615234,0.2500010132789612,3056,2522938591626136560,3437699,198.14651235,-29.96665468,0.002215899992734194,0.0020895900670439005,56242.4606949,17.978099822998047,0.004019000101834536,17.249399185180664,0.0010629999451339245,16.27359962463379,0.004017999861389399,262160391,524416,196608,8,1791.8499755859375,459.0570068359375,0.008863589726388454,0.00835833977907896,1.555780053138733,1.5181000232696533,13.08590030670166,0.04605599865317345,0.0,0.9985880255699158,0.9985880255699158,34.76919937133789,0.37439700961112976,0.009432700462639332,0.37685099244117737,4.200479984283447,1.2121299505233765,0.00023376000171992928,9.395370170750539e-07,0.00045734099694527686,4.862259856963647e-07,0.8996679782867432,3.0000100135803223,0.001123419962823391,4.5143001443648245e-06,10.501199722290039,752.0,19.500999450683594,5.041010098238985e-08,1.1821299494840787e-06,24.99959945678711,0.25,3056,2522934501206658032,3422461,198.14651517,-29.96664499,0.0015865899622440338,0.0014916600193828344,56165.2205941,17.787799835205078,0.0038429999258369207,16.945100784301758,0.0008440000237897038,15.8056001663208,0.003653000108897686,262160391,524416,196608,8,1791.81005859375,459.1929931640625,0.006346339825540781,0.0059666200540959835,0.9701489806175232,0.928945004940033,19.613100051879883,0.8073750138282776,0.0,0.9969009757041931,0.9969009757041931,50.58689880371094,0.22901000082492828,0.009430630132555962,0.23247100412845612,4.3076701164245605,1.0756200551986694,0.00027854499057866633,1.0704900432756403e-06,0.0006052620010450482,5.108959726385365e-07,0.8817179799079895,2.5,0.0017288000090047717,6.314549864328001e-06,10.769200325012207,912.0,18.10610008239746,7.706960047926259e-08,1.2346799849183299e-06,25.01110076904297,0.25,3056,2522934974458366960,3424224,198.14650153,-29.96665976,0.0030309800058603287,0.002888619899749756,55889.6022335,17.490400314331055,0.006281999871134758,16.61359977722168,0.0009899999713525176,15.64680004119873,0.005305999889969826,262160391,524416,196608,3,1791.989990234375,458.989013671875,0.012123899534344673,0.011554500088095665,1.1269899606704712,1.0779600143432617,23.349199295043945,0.417044997215271,0.0,0.9978960156440735,0.9978960156440735,19.066999435424805,0.2802020013332367,0.011803999543190002,0.2818959951400757,4.002679824829102,1.1290899515151978,0.0003662859962787479,2.300929963894305e-06,0.0008213950204662979,8.131369781949616e-07,0.8970549702644348,2.75,0.002001069951802492,1.0617000043566804e-05,10.006699562072754,480.0,23.927900314331055,4.966910083226139e-08,2.846509914888884e-06,25.019399642944336,0.25,3056,2522939535445199856,3441215,198.14650035,-29.96665781,0.00447229016572237,0.004317679908126593,55878.905297,17.188499450683594,0.009185000322759151,16.300399780273438,0.0007849999819882214,15.47920036315918,0.00876499991863966,262160391,524416,196608,5,1792.010009765625,459.02801513671875,0.017889199778437614,0.01727069914340973,1.2431299686431885,1.2146400213241577,5.638199806213379,0.38072898983955383,0.0,0.9979169964790344,0.9979169964790344,7.408679962158203,0.31239500641822815,0.009827000088989735,0.31447699666023254,3.63139009475708,1.1610699892044067,0.0004837260057684034,4.442810222826665e-06,0.0010960899526253343,8.599710099588265e-07,0.8930360078811646,3.0,0.0023352201096713543,2.0467399735935032e-05,9.078479766845703,580.0,23.09950065612793,2.9930998834970524e-07,5.889380190637894e-06,25.03339958190918,0.25,0.001444236353931719,,,,,,,,,,,,,,,,,
PSO J131235.161-295759.957,-999,-999,-999,72041981464950327,1052323000027046,502008662485413,0,11090993022030,7204,1,678,50,0.0841328828447805,1052323,116883,3,512024576,61,198.14650786,-29.96665479,0.0010000000474974513,0.0010000000474974513,198.14650078,-29.96663777,0.00901000015437603,0.006060000043362379,56272.37133102,2.352400064468384,-0.8232286579528107,-0.26981229960012054,-0.499495645336082,208.46016562992327,-20.545623607044494,308.37412087379715,32.68153901697236,-999,13,31,5,8,9,4,5,1006820000005450,0,1,2675,2522933909306477171,3420256,198.14657651,-29.96667581,0.008864359930157661,0.00785007979720831,55760.8538454,18.513700485229492,0.012272000312805176,18.04290008544922,0.0018980000168085098,17.56089973449707,0.01260400004684925,69222407,128,0,2,1791.06005859375,6247.7099609375,0.03545739874243736,0.031400300562381744,1.838479995727539,1.7412400245666504,80.34239959716797,0.20984800159931183,0.0,0.991096019744873,0.9897770285606384,6.745059967041016,0.6202160120010376,0.036531999707221985,0.5765230059623718,3.2977700233459473,1.3199199438095093,0.00014273299893829972,1.751629952195799e-06,0.00022020499454811215,4.1798799088610394e-07,0.864162027835846,4.0,0.00034328701440244913,4.326830094214529e-06,8.244409561157227,491.0,23.755800247192383,4.0554798630410005e-08,1.3256500324132503e-06,24.967599868774414,0.25,2675,2522938588941781619,3437689,198.1465018,-29.96668583,0.004948299843817949,0.004627420101314783,56036.21524,18.016399383544922,0.008324000053107738,17.946699142456055,0.0014649999793618917,-999.0,-999.0,35651585,0,0,2,1791.989990234375,6247.6201171875,0.019793299958109856,0.018509700894355774,1.4749599695205688,1.4222099781036377,-82.22229766845703,0.10009899735450745,-0.0,0.9982110261917114,0.9982110261917114,12.47599983215332,-0.33737900853157043,-0.2940259873867035,-0.33347800374031067,-999.0,1.5241899490356445,0.00022565500694327056,1.87828004527546e-06,0.0002406109997536987,3.5255499142294866e-07,0.9003080129623413,3.2499899864196777,-999.0,-999.0,-999.0,752.0,-65.23919677734375,1.0393600291536131e-07,1.7549499489177833e-06,24.98900032043457,0.2499990016222,2675,2522934498522303091,3422451,198.14650112,-29.96665323,-999.0,-999.0,56227.080465,-999.0,-999.0,-999.0,-999.0,-999.0,0.0517439991235733,268437504,0,0,8,1791.989990234375,6248.080078125,-999.0,-999.0,0.0,0.0,0.0,-999.0,-999.0,-999.0,-999.0,-999.0,-0.28635600209236145,-0.041068799793720245,-0.29622799158096313,1.779360055923462,1.3497400283813477,-999.0,-999.0,-999.0,-999.0,-999.0,-999.0,-5.333379885996692e-05,2.75971001428843e-06,4.448400020599365,758.0,-999.0,7.147320246758682e-08,1.225969981533126e-06,24.99519920349121,0.2499990016222,2675,2522934971774012019,3424214,198.14649486,-29.96666422,-999.0,-999.0,56066.5128224,-999.0,-999.0,-999.0,-999.0,20.261699676513672,0.1906760036945343,268437504,0,0,3,1792.0699462890625,6247.919921875,-999.0,-999.0,0.0,0.0,0.0,-999.0,-999.0,-999.0,-999.0,-999.0,-0.2547540068626404,-0.10198500007390976,-0.30627599358558655,1.7950899600982666,1.3075799942016602,-999.0,-999.0,-999.0,-999.0,-999.0,-999.0,2.8531399948406033e-05,5.440259883471299e-06,4.487709999084473,420.0,-999.0,-9.341579954025292e-09,3.241159902245272e-06,25.014799118041992,0.25,2675,2522939532760844915,3441205,198.14650874,-29.96665479,0.11251399666070938,0.10354699939489365,55870.6568559,20.60460090637207,0.21377499401569366,-999.0,0.0056059998460114,-999.0,-999.0,35651585,4,0,5,1791.8900146484375,6248.0400390625,0.45005300641059875,0.4141879975795746,1.22747004032135,1.16457998752594,-51.44779968261719,0.40686699748039246,-999.0,0.9985340237617493,0.9985340237617493,1.5151400566101074,-999.0,-999.0,-999.0,-999.0,-999.0,2.08036999538308e-05,4.447299943421967e-06,-2.1872599972994067e-05,1.226180046387526e-07,0.8996679782867432,3.0,-999.0,-999.0,-999.0,520.0,-999.0,2.667109981757676e-07,6.119650151958922e-06,25.017000198364258,0.25,0.001444236353931719,,,,,,,,,,,,,,,,,
PSO J131235.161-295759.957,-999,-999,-999,72041981464950327,1052323000027046,502008662485413,0,11090993022030,7204,1,678,50,0.0841328828447805,1052323,116883,3,512024576,61,198.14650786,-29.96665479,0.0010000000474974513,0.0010000000474974513,198.14650078,-29.96663777,0.00901000015437603,0.006060000043362379,56272.37133102,2.352400064468384,-0.8232286579528107,-0.26981229960012054,-0.499495645336082,208.46016562992327,-20.545623607044494,308.37412087379715,32.68153901697236,-999,13,31,5,8,9,4,5,1006820000005451,0,1,2676,2522933909306477172,3420256,198.14650786,-29.96665149,0.009089039638638496,0.008049050346016884,55760.8538454,18.49410057067871,0.012582999654114246,21.775699615478516,0.010590000078082085,-999.0,-999.0,35651585,532484,0,2,1791.9100341796875,6248.06982421875,0.03635619953274727,0.032196201384067535,1.838320016860962,1.7412199974060059,80.30819702148438,0.2098509967327118,-999.0,0.9616990089416504,0.9616990089416504,6.9049601554870605,-999.0,-999.0,-999.0,-999.0,-999.0,0.00014533499779645354,1.8287699958818848e-06,7.074870154610835e-06,7.49219992712824e-08,0.3183099925518036,4.0,-999.0,-999.0,-999.0,491.0,-999.0,4.0464399830852926e-08,1.3256800457384088e-06,24.967599868774414,0.25,2676,2522938588941781620,3437689,198.14651982,-29.96664781,0.004933829884976149,0.004613889846950769,56036.21524,18.01140022277832,0.00829899962991476,17.789400100708008,0.0013630000175908208,16.76099967956543,0.007988999597728252,77611015,1581184,0,2,1791.760009765625,6248.169921875,0.01973539963364601,0.01845560036599636,1.4749599695205688,1.4221999645233154,-82.22039794921875,0.10009899735450745,0.0,0.9985380172729492,0.9985380172729492,12.37279987335205,0.39813101291656494,0.010067899711430073,0.40393000841140747,3.3432199954986572,1.231119990348816,0.0002266990049974993,1.8814599798133713e-06,0.00027812100597657263,3.7904101191088557e-07,0.904075026512146,3.2499899864196777,0.0007171379984356463,5.729079930461012e-06,8.358039855957031,752.0,37.201900482177734,1.040139991914657e-07,1.7549899666846613e-06,24.98900032043457,0.2499990016222,2676,2522934498522303092,3422451,198.14650505,-29.96665425,0.001666789990849793,0.0015112600522115827,56227.080465,17.773500442504883,0.0038709999062120914,16.94029998779297,0.0009270000155083835,16.005699157714844,0.0030590000096708536,228605959,524416,0,8,1791.93994140625,6248.06982421875,0.00666720001026988,0.006045090034604073,1.0281399488449097,0.9800630211830139,28.042299270629883,0.5558459758758545,0.0,0.9960830211639404,0.9960830211639404,57.50450134277344,0.22233900427818298,0.009051799774169922,0.22514399886131287,3.0444600582122803,1.0674999952316284,0.00028222298715263605,1.0925300557573792e-06,0.0006079580052755773,5.636670152853185e-07,0.8753520250320435,2.4999899864196777,0.0014379200292751193,4.398610144562554e-06,7.611159801483154,758.0,17.23080062866211,7.147860259237859e-08,1.2259599770914065e-06,24.99519920349121,0.2499990016222,2676,2522934971774012020,3424214,198.14650013,-29.96665919,0.003181220032274723,0.0029303000774234533,56066.5128224,17.53510093688965,0.006444000173360109,16.600299835205078,0.0010489999549463391,15.830100059509277,0.004658999852836132,228605959,524416,0,3,1792.010009765625,6247.990234375,0.01272489968687296,0.011721200309693813,1.1109100580215454,1.0451500415802002,18.014400482177734,0.22151100635528564,0.0,0.9979619979858398,0.9979619979858398,22.351999282836914,0.2598859965801239,0.011082700453698635,0.2612299919128418,2.889780044555664,1.1073399782180786,0.00035153201315551996,2.265169996462646e-06,0.0008315240265801549,8.723880000616191e-07,0.8970549702644348,2.75,0.0016902399947866797,7.87565022619674e-06,7.22445011138916,420.0,30.854700088500977,-9.347069784837458e-09,3.241219928895589e-06,25.014799118041992,0.25,2676,2522939532760844916,3441205,198.1464982,-29.96665463,0.004861840046942234,0.004474389832466841,55870.6568559,17.193599700927734,0.009236999787390232,16.32509994506836,0.0008420000085607171,15.717300415039062,0.007902000099420547,262160391,524416,0,5,1792.02001953125,6248.0400390625,0.01944730058312416,0.017897499725222588,1.22747004032135,1.16457998752594,-51.44850158691406,0.4068720042705536,0.0,0.9982690215110779,0.9982690215110779,8.060660362243652,0.32095101475715637,0.009458489716053009,0.3237529993057251,2.6166999340057373,1.1614400148391724,0.0004814529966097325,4.447399987839162e-06,0.0010714599629864097,9.019860272019287e-07,0.8952469825744629,3.0,0.0018753500189632177,1.4819400348642375e-05,6.541749954223633,520.0,28.88249969482422,2.6657698981580324e-07,6.119590125308605e-06,25.017000198364258,0.25,0.001444236353931719,,,,,,,,,,,,,,,,,
PSO J131236.014-295741.923,-999,-999,-999,72041981499816305,1052323000027311,502008662485678,0,11090993028636,7204,1,678,50,0.44146514911341,1052323,116883,3,436527104,52,198.1500586,-29.96164552,0.0010000000474974513,0.0010000000474974513,198.15008298,-29.96159921,0.037450000643730164,0.05110999941825867,56328.79556713,1.6516000032424927,-0.8232535239944662,-0.26987745033021576,-0.49941946000727155,208.46102580600265,-20.539761067821363,308.3783740294641,32.68625110265051,-999,5,24,7,6,10,1,0,1006358000004572,1,1,2988,2522933911990832044,3420266,198.1500586,-29.96167632,0.04476059973239899,0.04083599895238876,55923.2465509,21.446300506591797,0.07144799828529358,21.83810043334961,0.010002000257372856,21.76219940185547,0.10846900194883347,195035141,655360,196608,4,1746.199951171875,529.9359741210938,0.1790419965982437,0.16334299743175507,1.8115099668502808,1.6134300231933594,-88.5730972290039,-0.15017400681972504,-0.007936930283904076,0.9979789853096008,0.9979789853096008,1.2623200416564941,0.23218999803066254,-0.04440689831972122,0.22200800478458405,0.9353190064430237,0.6385229825973511,9.582910024619196e-06,6.846769906587724e-07,6.67984977553715e-06,6.681069919522997e-08,0.9097260236740112,3.2500100135803223,7.1636100074101705e-06,7.770270258333767e-07,2.3382999897003174,577.0,-2.65474009513855,4.961249899793074e-08,9.719400395624689e-07,24.988399505615234,0.2500010132789612,2988,2522938591626136492,3437699,198.15009732,-29.96164552,0.03960509970784187,0.037347499281167984,56242.4606949,21.057199478149414,0.07183600217103958,21.1830997467041,0.006506000179797411,21.25830078125,0.10123399645090103,195035141,655360,196608,4,1745.699951171875,530.3569946289062,0.15841999650001526,0.14938999712467194,1.5529899597167969,1.5155999660491943,12.992300033569336,0.048510801047086716,-0.4389770030975342,0.9995949864387512,0.9995949864387512,1.170259952545166,0.26688000559806824,0.022617699578404427,0.1809539943933487,0.9222890138626099,0.8031190037727356,1.3712799955101218e-05,9.85078031590092e-07,1.2211599823785946e-05,7.94519010582917e-08,0.8996679782867432,3.0000100135803223,1.1393999557185452e-05,1.1534599480000907e-06,2.305720090866089,752.0,-0.7739220261573792,5.4375298930153804e-08,1.1852799843836692e-06,24.99959945678711,0.25,2988,2522934501206657964,3422461,198.15006041,-29.96163599,0.018697500228881836,0.017578700557351112,56165.2205941,20.943099975585938,0.0452909991145134,21.040300369262695,0.005565000232309103,21.23110008239746,0.0773869976401329,195035141,524416,196608,9,1746.1500244140625,530.5009765625,0.07478970289230347,0.07031480222940445,0.9681860208511353,0.9260810017585754,19.159700393676758,0.8261479735374451,-0.5415210127830505,0.9964900016784668,0.9964900016784668,1.2717000246047974,0.1346379965543747,-0.008686549961566925,0.13820600509643555,0.7538380026817322,0.6644700169563293,1.5232500118145254e-05,6.898890205775388e-07,1.3927099644206464e-05,7.749810038149008e-08,0.872169017791748,2.5,1.1683599950629286e-05,9.041630164574599e-07,1.884600043296814,912.0,-0.6105139851570129,8.914300053675106e-08,1.2326599971856922e-06,25.01110076904297,0.25,2988,2522934974458366892,3424224,198.15004704,-29.96158364,0.054025400429964066,0.0514880008995533,55889.6022335,21.06290054321289,0.1119690015912056,21.511899948120117,0.009446999989449978,21.114900588989258,0.15640799701213837,195035141,655360,196608,3,1746.3199462890625,531.2639770507812,0.2161010056734085,0.2059520035982132,1.126420021057129,1.0767300128936768,21.9335994720459,0.4246540069580078,0.44975098967552185,0.9984239935874939,0.9984239935874939,1.3875999450683594,0.18081100285053253,0.059509798884391785,0.17055100202560425,0.8191400170326233,0.6272159814834595,1.364130002912134e-05,1.527399945189245e-06,9.020380275615025e-06,8.521190153487623e-08,0.8865320086479187,2.75,1.3002500054426491e-05,2.0336999568826286e-06,2.0478498935699463,480.0,0.7558299899101257,5.4836299057114957e-08,2.8266199478821363e-06,25.019399642944336,0.25,2988,2522939535445199788,3441215,198.1499769,-29.96164967,0.08678329735994339,0.0837830975651741,55878.905297,20.679500579833984,0.17822399735450745,20.904800415039062,0.0065390001982450485,20.74839973449707,0.24090400338172913,195035141,655360,196608,5,1747.2099609375,530.3400268554688,0.347133994102478,0.33513298630714417,1.2420899868011475,1.21274995803833,5.600210189819336,0.3814849853515625,0.5059009790420532,0.9993699789047241,0.9993699789047241,1.511929988861084,0.24965299665927887,-0.03710480034351349,0.1885479986667633,0.8717420101165771,0.24358899891376495,1.941740083566401e-05,3.4606300687300973e-06,1.5778799934196286e-05,1.031810015206247e-07,0.8996679782867432,3.0,1.8224700397695415e-05,4.39039013144793e-06,2.179349899291992,580.0,0.6652330160140991,3.630950118349574e-07,5.883789981453447e-06,25.03339958190918,0.25,0.005259523741086542,,,,,,,,,,,,,,,,,
PSO J131233.795-295747.338,-999,-999,-999,72041981408174488,1052323000026634,502008662485001,0,11090993029436,7204,1,678,50,0.35107201556775,1052323,116883,3,1384198144,165,198.14079042,-29.96313329,0.0010000000474974513,0.0010000000474974513,198.14081422,-29.96314945,0.16311000287532806,0.16311000287532806,56015.39309028,-999.0,-0.8232843300690539,-0.2697400614435857,-0.4994429007555916,208.45384847340725,-20.544420812541464,308.36869909477787,32.68549050907324,-999,1,1,0,0,1,0,0,1006358000004451,1,0,3170,2522933911990832226,3420266,198.14079037,-29.96313885,0.5599939823150635,0.5108950138092041,55923.2465509,-999.0,0.8938739895820618,-999.0,0.013918999582529068,-999.0,-999.0,35651585,4,196608,5,1862.3299560546875,511.0830078125,2.2399699687957764,2.043570041656494,1.803339958190918,1.6093300580978394,89.32939910888672,-0.14056900143623352,-999.0,0.9978709816932678,0.9978709816932678,1.3473399877548218,-999.0,-999.0,-999.0,-999.0,-999.0,-6.599029802600853e-07,5.898700123907474e-07,-3.2828399980644463e-06,4.569480083205235e-08,0.904075026512146,3.2500100135803223,-999.0,-999.0,-999.0,577.0,-999.0,4.362389915968379e-08,9.879360050035757e-07,24.988399505615234,0.2500010132789612,3170,2522938591626136674,3437699,198.14079011,-29.96313795,0.2454410046339035,0.23145000636577606,56242.4606949,23.386199951171875,0.44518598914146423,-999.0,0.008449000306427479,-999.0,-999.0,35651585,4,196608,8,1862.3299560546875,511.0830078125,0.9817630052566528,0.9258000254631042,1.56003999710083,1.5219299793243408,13.22599983215332,0.04230710119009018,-999.0,0.998320996761322,0.998320996761322,1.8406100273132324,-999.0,-999.0,-999.0,-999.0,-999.0,1.6052199498517439e-06,7.146210236896877e-07,-6.766500064259162e-06,5.716849926784562e-08,0.8952469825744629,3.0000100135803223,-999.0,-999.0,-999.0,752.0,-999.0,5.004499925576056e-08,1.1854200465677422e-06,24.99959945678711,0.25,3170,2522934501206658146,3422461,198.14078252,-29.96312862,0.04301510006189346,0.040441401302814484,56165.2205941,21.787799835205078,0.1041949987411499,21.360300064086914,0.006448000203818083,21.814599990844727,0.157928004860878,35651585,0,196608,8,1862.4200439453125,511.21600341796875,0.17205999791622162,0.161764994263649,0.9742180109024048,0.9347689747810364,19.99970054626465,0.7780060172080994,0.03514200076460838,0.9963889718055725,0.9963889718055725,1.1497900485992432,0.18990400433540344,-0.012171500362455845,0.17987200617790222,0.8278279900550842,0.6772310137748718,6.996810043347068e-06,7.290310009011591e-07,1.0372799806646071e-05,6.688190268278049e-08,0.8658030033111572,2.5,6.825820037192898e-06,1.0779899639601354e-06,2.0695700645446777,912.0,2.106719970703125,7.028020121424561e-08,1.2433499705366557e-06,25.01110076904297,0.25,3170,2522934974458367074,3424224,198.14079036,-29.96313816,0.19783900678157806,0.18854700028896332,55889.6022335,22.356300354003906,0.41002699732780457,-999.0,0.006512000225484371,-999.0,-999.0,35651585,4,196608,3,1862.3299560546875,511.0830078125,0.7913540005683899,0.7541869878768921,1.1275500059127808,1.0796400308609009,26.463199615478516,0.4072119891643524,-999.0,0.9974889755249023,0.9974889755249023,1.3251299858093262,-999.0,-999.0,-999.0,-999.0,-999.0,4.144650119997095e-06,1.6994199540931731e-06,-1.752050047798548e-05,1.1409699851583355e-07,0.8865320086479187,2.75,-999.0,-999.0,-999.0,480.0,-999.0,3.644349888531906e-08,2.7854100608237786e-06,25.019399642944336,0.25,3170,2522939535445199970,3441215,198.14079048,-29.96313887,0.1265919953584671,0.12221600115299225,55878.905297,20.985599517822266,0.2599779963493347,20.213899612426758,0.004757000133395195,-999.0,-999.0,35651585,4,196608,5,1862.3299560546875,511.0830078125,0.5063700079917908,0.488864004611969,1.2447600364685059,1.2176100015640259,5.702489852905273,0.3795430064201355,-999.0,0.9985229969024658,0.9985229969024658,1.2007100582122803,-999.0,-999.0,-999.0,-999.0,-999.0,1.4646800082118716e-05,3.807849907389027e-06,2.9814600566169247e-05,1.418320039192622e-07,0.8952469825744629,3.0,-999.0,-999.0,-999.0,580.0,-999.0,3.0724299904250074e-07,5.91037996855448e-06,25.03339958190918,0.25,0.004812931991084791,,,,,,,,,,,,,,,,,
PSO J131234.263-295739.112,-999,-999,-999,72041981426787287,1052323000026769,502008662485136,0,11090993029648,7204,1,678,50,0.0845555812907923,1052323,116883,3,444915712,53,198.14276311,-29.9608645,0.0010000000474974513,0.0010000000474974513,198.14268165,-29.96091834,0.07227999716997147,0.0686199963092804,56259.01,4.638400077819824,-0.8232940189406326,-0.26977295017207126,-0.49940916464562257,208.4544673757517,-20.54172647581704,308.3708703097672,32.6875535208961,-999,4,22,3,8,8,2,1,1006358000004477,1,1,3134,2522933911990832190,3420266,198.14280134,-29.96082139,0.06462150067090988,0.0589555986225605,55923.2465509,21.870800018310547,0.10315000265836716,21.74810028076172,0.009596000425517559,21.597700119018555,0.12442699819803238,195035141,655360,196608,4,1836.5799560546875,543.9869995117188,0.25848498940467834,0.23582099378108978,1.8012200593948364,1.607800006866455,89.42449951171875,-0.13851900398731232,0.11760500073432922,0.9979469776153564,0.9979469776153564,1.2218799591064453,0.312730997800827,-0.03832849860191345,0.3695859909057617,1.277340054512024,0.7457939982414246,6.481639957200969e-06,6.685809808004706e-07,7.2567700044601224e-06,6.963610132970643e-08,0.8965409994125366,3.2500100135803223,8.335259735758882e-06,1.0371300049882848e-06,3.1933600902557373,577.0,1.5649000406265259,4.37641993755733e-08,9.807960168473073e-07,24.988399505615234,0.2500010132789612,3134,2522938591626136638,3437699,198.14272488,-29.96092596,0.030077600851655006,0.028363099321722984,56242.4606949,21.225799560546875,0.05455499887466431,20.93090057373047,0.005793000105768442,20.95479965209961,0.07124000042676926,262160391,655360,196608,10,1837.56005859375,542.4860229492188,0.12031000107526779,0.1134520024061203,1.5585399866104126,1.5205899477005005,13.17710018157959,0.043624598532915115,2.7002499791706214e-06,0.9995790123939514,0.9995790123939514,1.5397000312805176,0.2820259928703308,-0.02551569975912571,0.33702901005744934,1.294409990310669,0.922527015209198,1.174039971374441e-05,6.405019803423784e-07,1.540400080557447e-05,8.923510108616028e-08,0.8753520250320435,3.0000100135803223,1.5068800166773144e-05,1.0735000159911579e-06,3.236020088195801,752.0,4.692399978637695,5.113979995030604e-08,1.185160044769873e-06,24.99959945678711,0.25,3134,2522934501206658110,3422461,198.14270976,-29.96097956,0.021420300006866455,0.020138699561357498,56165.2205941,21.143800735473633,0.051885999739170074,20.51849937438965,0.004375999793410301,20.705400466918945,0.06939399987459183,262160391,655360,196608,12,1837.760009765625,541.7139892578125,0.08568120002746582,0.08055470138788223,0.9727519750595093,0.9332860112190247,19.34160041809082,0.7882080078125,8.300969911445577e-10,0.9975330233573914,0.9975330233573914,1.2263699769973755,0.17928099632263184,-0.009176179766654968,0.22720499336719513,1.072350025177002,0.8243569731712341,1.2661200344155077e-05,6.569400170519657e-07,2.252100057376083e-05,9.854959870381208e-08,0.8817179799079895,2.5,1.895969944598619e-05,1.3156900422472972e-06,2.6808700561523438,912.0,6.139060020446777,7.425450121445465e-08,1.241370000570896e-06,25.01110076904297,0.25,3134,2522934974458367038,3424224,198.14264891,-29.96090761,0.04629639908671379,0.04412199929356575,55889.6022335,21.09830093383789,0.09595099836587906,20.88170051574707,0.007067000027745962,20.446800231933594,0.09318500012159348,262160391,655360,196608,5,1838.510009765625,542.77099609375,0.1851850003004074,0.176487997174263,1.1268399953842163,1.0791699886322021,26.6156005859375,0.41278401017189026,3.790510006568271e-12,0.9988880157470703,0.9988880157470703,1.3368799686431885,0.23906700313091278,-0.0034467598889023066,0.31115299463272095,1.087499976158142,0.8320770263671875,1.3203300113673322e-05,1.2668699582718546e-06,1.6117599443532526e-05,1.1390400089794639e-07,0.8786410093307495,2.75,2.405849954811856e-05,2.2418898879550397e-06,2.71875,480.0,6.944779872894287,3.9286099706714595e-08,2.77413005278504e-06,25.019399642944336,0.25,-999,-999,-999,-999.0,-999.0,-999.0,-999.0,-999.0,-999.0,-999.0,-999.0,-999.0,-999.0,-999.0,-999,-999,-999,-999,-999.0,-999.0,-999.0,-999.0,-999.0,-999.0,-999.0,-999.0,-999.0,-999.0,-999.0,-999.0,-999.0,-999.0,-999.0,-999.0,-999.0,-999.0,-999.0,-999.0,-999.0,-999.0,-999.0,-999.0,-999.0,-999.0,-999.0,-999.0,-999.0,-999.0,-999.0,-999.0,0.005151577837264757,,,,,,,,,,,,,,,,,
PSO J131234.249-295740.361,-999,-999,-999,72041981427046834,1052323000042304,502008662501892,0,11090993029864,7204,1,678,50,0.993452098214489,1052323,116883,3,1343750144,160,198.1427045,-29.96121146,0.0010000000474974513,0.0010000000474974513,198.1427045,-29.96121146,0.0010000000474974513,0.0010000000474974513,55878.90528935,-999.0,-0.8232914834315865,-0.2697724829375983,-0.4994135968900935,208.45461307492212,-20.541986661732913,308.37085980801874,32.68725986614488,-999,1,0,0,0,0,0,0,1006358000009597,1,0,-999,-999,-999,-999.0,-999.0,-999.0,-999.0,-999.0,-999.0,-999.0,-999.0,-999.0,-999.0,-999.0,-999,-999,-999,-999,-999.0,-999.0,-999.0,-999.0,-999.0,-999.0,-999.0,-999.0,-999.0,-999.0,-999.0,-999.0,-999.0,-999.0,-999.0,-999.0,-999.0,-999.0,-999.0,-999.0,-999.0,-999.0,-999.0,-999.0,-999.0,-999.0,-999.0,-999.0,-999.0,-999.0,-999.0,-999.0,-999,-999,-999,-999.0,-999.0,-999.0,-999.0,-999.0,-999.0,-999.0,-999.0,-999.0,-999.0,-999.0,-999,-999,-999,-999,-999.0,-999.0,-999.0,-999.0,-999.0,-999.0,-999.0,-999.0,-999.0,-999.0,-999.0,-999.0,-999.0,-999.0,-999.0,-999.0,-999.0,-999.0,-999.0,-999.0,-999.0,-999.0,-999.0,-999.0,-999.0,-999.0,-999.0,-999.0,-999.0,-999.0,-999.0,-999.0,-999,-999,-999,-999.0,-999.0,-999.0,-999.0,-999.0,-999.0,-999.0,-999.0,-999.0,-999.0,-999.0,-999,-999,-999,-999,-999.0,-999.0,-999.0,-999.0,-999.0,-999.0,-999.0,-999.0,-999.0,-999.0,-999.0,-999.0,-999.0,-999.0,-999.0,-999.0,-999.0,-999.0,-999.0,-999.0,-999.0,-999.0,-999.0,-999.0,-999.0,-999.0,-999.0,-999.0,-999.0,-999.0,-999.0,-999.0,-999,-999,-999,-999.0,-999.0,-999.0,-999.0,-999.0,-999.0,-999.0,-999.0,-999.0,-999.0,-999.0,-999,-999,-999,-999,-999.0,-999.0,-999.0,-999.0,-999.0,-999.0,-999.0,-999.0,-999.0,-999.0,-999.0,-999.0,-999.0,-999.0,-999.0,-999.0,-999.0,-999.0,-999.0,-999.0,-999.0,-999.0,-999.0,-999.0,-999.0,-999.0,-999.0,-999.0,-999.0,-999.0,-999.0,-999.0,3134,2522939535445199934,3441215,198.1427045,-29.96121146,0.062132298946380615,0.059984300285577774,55878.905297,20.434600830078125,0.12759900093078613,19.800100326538086,0.003932000137865543,19.83099937438965,0.13408499956130981,262160391,655360,196608,7,1837.9000244140625,538.3909912109375,0.24852900207042694,0.23993700742721558,1.244189977645874,1.2165800333023071,5.679450035095215,0.379954993724823,0.0005752940196543932,0.9991390109062195,0.9991390109062195,1.4282200336456299,0.09423760324716568,0.0823713019490242,0.3467380106449127,1.2549999952316284,0.7673310041427612,2.4331600798177533e-05,3.104679990428849e-06,4.364619962871075e-05,1.7160699883334019e-07,0.8996679782867432,3.0,4.242200157023035e-05,5.688169949280564e-06,3.137510061264038,580.0,3.443000078201294,3.2752799938862154e-07,5.906209935346851e-06,25.03339958190918,0.25,0.004920426527090014,,,,,,,,,,,,,,,,,
PSO J131234.990-295746.322,-999,-999,-999,72041981457914850,1052323000026999,502008662485366,0,11090993034129,7204,1,678,50,0.70813389840362,1052323,116883,3,503635968,60,198.145795,-29.96286726,0.0010000000474974513,0.0010000000474974513,198.14579498,-29.96285291,0.007809999864548445,0.004040000028908253,56395.05563657,1.6303000450134277,-0.8232633346264001,-0.269812434108034,-0.4994384168849225,208.45793662661737,-20.542407638502535,308.3738359691603,32.68536544406271,-999,5,42,6,10,14,5,7,1006358000004520,1,1,3072,2522933911990832128,3420266,198.14579659,-29.96286155,0.0030418499372899532,0.0033573999535292387,55923.2465509,17.413400650024414,0.004211000166833401,17.492799758911133,0.0013520000502467155,17.55970001220703,0.0043390002101659775,262144005,524416,196608,3,1799.75,513.8820190429688,0.012167399749159813,0.013429500162601471,1.8085399866104126,1.612130045890808,-89.45089721679688,-0.14672400057315826,-0.09815370291471481,0.9985169768333435,0.9985169768333435,1.6340899467468262,0.25496599078178406,0.00036649798857979476,0.26243001222610474,1.1255799531936646,0.9125480055809021,0.00039322799420915544,1.6560700260015437e-06,0.0003654999891296029,4.942040163768979e-07,0.904075026512146,3.2500100135803223,0.00034364699968136847,1.4911800008121645e-06,2.8139500617980957,577.0,-1.6538699865341187,4.6622698590681466e-08,9.796680160434335e-07,24.988399505615234,0.2500010132789612,3072,2522938591626136576,3437699,198.14579508,-29.96286413,0.0016112499870359898,0.0015619799960404634,56242.4606949,16.98870086669922,0.0021510000806301832,17.054899215698242,0.0009720000089146197,17.120500564575195,0.002626999979838729,262144069,524416,196608,8,1799.760009765625,513.8319702148438,0.006444990169256926,0.006247890181839466,1.5562599897384644,1.5185400247573853,13.102100372314453,0.04562639817595482,-0.6773729920387268,0.9989550113677979,0.9989550113677979,1.7131099700927734,0.24581299722194672,0.004035439807921648,0.2268189936876297,1.1796900033950806,0.9281460046768188,0.0005814519827254117,1.25081999158283e-06,0.0005470910109579563,5.318000262377609e-07,0.8974570035934448,3.0000100135803223,0.0005149799981154501,1.3526099564842298e-06,2.9492299556732178,752.0,-0.416049987077713,5.2104098813288147e-08,1.1849899692606414e-06,24.99959945678711,0.25,3072,2522934501206658048,3422461,198.145795,-29.96287084,0.0011877899523824453,0.0011535900412127376,56165.2205941,17.06920051574707,0.0022980000358074903,16.945999145507812,0.0008440000237897038,17.04050064086914,0.0029909999575465918,262144069,524416,196608,9,1799.760009765625,513.7329711914062,0.004751159809529781,0.0046143499203026295,0.9705010056495667,0.9294959902763367,19.654399871826172,0.8040900230407715,0.027819199487566948,0.9978060126304626,0.9978060126304626,2.123029947280884,0.15915200114250183,-0.0026472199242562056,0.1557459980249405,1.0589100122451782,0.8514099717140198,0.0005399010260589421,1.240779965883121e-06,0.000604761007707566,5.106840035296045e-07,0.8849009871482849,2.5,0.0005543900188058615,1.6582399666731362e-06,2.647279977798462,912.0,2.1998300552368164,7.973329729793477e-08,1.2371699540381087e-06,25.01110076904297,0.25,3072,2522934974458366976,3424224,198.14579093,-29.96286726,0.0020906298886984587,0.001971200108528137,55889.6022335,16.97610092163086,0.0036120000295341015,16.96739959716797,0.0011650000233203173,16.978500366210938,0.0046270000748336315,262144069,524416,196608,5,1799.8199462890625,513.791015625,0.008362489752471447,0.007884779945015907,1.1270400285720825,1.0781699419021606,23.6914005279541,0.41593700647354126,0.0269297007471323,0.9985619783401489,0.9985619783401489,1.5743800401687622,0.1902959942817688,0.006988820154219866,0.17682500183582306,1.0895800590515137,0.8737199902534485,0.0005882370169274509,2.1246601136226673e-06,0.0005930010229349136,6.908999807819782e-07,0.8917940258979797,2.75,0.0005869520246051252,2.7156099804415135e-06,2.723949909210205,480.0,2.2125399112701416,4.683339938083009e-08,2.812650109262904e-06,25.019399642944336,0.25,3072,2522939535445199872,3441215,198.14579335,-29.96287432,0.003890560008585453,0.003802309976890683,55878.905297,16.8528995513916,0.006012000143527985,16.852500915527344,0.00101200002245605,16.996200561523438,0.009418999776244164,262144069,524416,196608,7,1799.7900390625,513.698974609375,0.015562299638986588,0.015209199860692024,1.2433099746704102,1.2149699926376343,5.645009994506836,0.3805980086326599,0.7154330015182495,0.9993739724159241,0.9993739724159241,1.369189977645874,0.1986510008573532,0.0012630600249394774,0.1867630034685135,1.1244399547576904,0.8518819808959961,0.0006589359836652875,3.9614501474716235e-06,0.0006591930286958814,6.669100116596383e-07,0.8952469825744629,3.0,0.000577443977817893,5.439029791887151e-06,2.8111000061035156,580.0,0.3645690083503723,3.319719894534501e-07,5.895560207136441e-06,25.03339958190918,0.25,0.002484540513563994,,,,,,,,,,,,,,,,,
PSO J131237.353-295728.066,-999,-999,-999,72051981556310977,1052323000027735,502008662486103,0,11090993049570,7205,1,678,50,0.0159709183647958,1052323,116883,3,444915712,53,198.15563921,-29.95779623,0.0010000000474974513,0.0010000000474974513,198.15564229,-29.95778392,0.022670000791549683,0.019339999184012413,56282.97872685,2.34060001373291,-0.8232589328832524,-0.26996768987859143,-0.4993617685101106,208.46408707130814,-20.534326301132722,308.38451179048786,32.68957831444542,-999,5,35,6,8,11,4,6,1006358000004664,1,1,2887,2522933911990831943,3420266,198.15563921,-29.95784456,0.03392620012164116,0.030951600521802902,55923.2465509,21.02039909362793,0.05415400117635727,20.99139976501465,0.006771999876946211,21.006799697875977,0.06894800066947937,195035141,524288,196608,4,1675.449951171875,583.7960205078125,0.13570399582386017,0.12380599975585938,1.805150032043457,1.6092900037765503,-88.3093032836914,-0.1426050066947937,0.029759200289845467,0.9986310005187988,0.9986310005187988,1.247789978981018,0.2715510129928589,0.027628200128674507,0.3465940058231354,1.0296200513839722,0.8884729743003845,1.4184999599820003e-05,7.681729812247795e-07,1.4569999621016905e-05,9.867149941555908e-08,0.9003080129623413,3.2500100135803223,1.4364300113811623e-05,9.903809541356168e-07,2.574039936065674,577.0,2.1732800006866455,3.167329865050306e-08,9.5358200269402e-07,24.988399505615234,0.2500010132789612,2887,2522938591626136391,3437699,198.15562406,-29.95779969,0.012240899726748466,0.011543200351297855,56242.4606949,19.84000015258789,0.022203000262379646,19.65959930419922,0.0032259998843073845,19.72450065612793,0.029170000925660133,262160391,524416,196608,6,1675.6199951171875,584.4320068359375,0.048963598906993866,0.046172600239515305,1.5487600564956665,1.5117900371551514,12.847299575805664,0.052238401025533676,0.0014116800157353282,0.9995869994163513,0.9995869994163513,1.3415000438690186,0.28933098912239075,0.011797799728810787,0.27936598658561707,1.1525800228118896,0.8993300199508667,4.207110032439232e-05,9.34098977722897e-07,4.967709901393391e-05,1.6024900162392441e-07,0.8886150121688843,3.0000100135803223,4.679300036514178e-05,1.3649399761561654e-06,2.8814499378204346,752.0,3.1922500133514404,4.7216399678973175e-08,1.1696199635480298e-06,24.99959945678711,0.25,2887,2522934501206657863,3422461,198.15565195,-29.95779623,0.006740780081599951,0.00633746013045311,56165.2205941,19.712299346923828,0.016327999532222748,19.381399154663086,0.0025919999461621046,19.44879913330078,0.021926000714302063,262160391,655488,196608,8,1675.27001953125,584.4730224609375,0.02696309983730316,0.025349799543619156,0.9659709930419922,0.9236369729042053,17.20330047607422,0.8530219793319702,1.8320299943752616e-07,0.996628999710083,0.996628999710083,1.3416999578475952,0.183228999376297,0.010664300061762333,0.1786230057477951,1.0473500490188599,0.8537560105323792,4.7324600018328056e-05,7.727199999862933e-07,6.418699922505766e-05,1.663739936930142e-07,0.8658030033111572,2.5,6.0319998738123104e-05,1.3225900374891353e-06,2.6183900833129883,912.0,5.215620040893555,7.907009802465836e-08,1.2320200539761572e-06,25.01110076904297,0.25,2887,2522934974458366791,3424224,198.15563754,-29.95779146,0.013789700344204903,0.013141999952495098,55889.6022335,19.40130043029785,0.02858000062406063,19.069599151611328,0.003068000078201294,19.163999557495117,0.0357929989695549,262160391,655488,196608,3,1675.4599609375,584.5499877929688,0.05515870079398155,0.05256810039281845,1.123610019683838,1.0743800401687622,22.197999954223633,0.4433929920196533,1.4013400573276158e-07,0.9995549917221069,0.9995549917221069,1.4839099645614624,0.21004299819469452,0.017407899722456932,0.22774900496006012,1.0574100017547607,0.8199589848518372,6.302169640548527e-05,1.8011299971476546e-06,8.553829684387892e-05,2.6240300599056354e-07,0.8812710046768188,2.75,7.84147996455431e-05,2.8067099719919497e-06,2.6435298919677734,480.0,5.265069961547852,4.8608200131639023e-08,2.7805099307443015e-06,25.019399642944336,0.25,2887,2522939535445199687,3441215,198.15568415,-29.95779564,0.02043060027062893,0.019724199548363686,55878.905297,19.053199768066406,0.04195699840784073,18.48430061340332,0.002145000034943223,18.462200164794922,0.047251999378204346,262160391,655488,196608,6,1674.8800048828125,584.489990234375,0.08172229677438736,0.07889710366725922,1.2404199838638306,1.209689974784851,5.543320178985596,0.3827059864997864,3.215950008611226e-18,0.9993090033531189,0.9993090033531189,1.4221199750900269,0.2515760064125061,0.020053399726748466,0.25493600964546204,1.3402899503707886,0.9140629768371582,8.683949999976903e-05,3.6435599213291425e-06,0.00014665200433228165,3.1456099236493174e-07,0.8952469825744629,3.0,0.0001496680051786825,7.072149855957832e-06,3.3507299423217773,580.0,8.703570365905762,2.9681800128855684e-07,5.902640168642392e-06,25.03339958190918,0.25,0.011389360776912393,,,,,,,,,,,,,,,,,
PSO J131234.644-295733.083,-999,-999,-999,72041981443179183,1052323000026886,502008662485253,0,11090993078262,7204,1,678,50,0.716906508167187,1052323,116883,3,444915712,53,198.14435362,-29.95918986,0.0010000000474974513,0.0010000000474974513,198.14432521,-29.95915825,0.04414999857544899,0.07415000349283218,56281.26449074,2.7523000240325928,-0.8233008583090271,-0.2698013440943069,-0.49938255018825484,208.45509987625775,-20.539541364984604,308.37275783070356,32.689166573927174,-999,5,22,2,8,8,3,1,1006358000004502,1,1,3101,2522933911990832157,3420266,198.14426742,-29.95925692,0.06895589828491211,0.06290999799966812,55923.2465509,21.939199447631836,0.11006899923086166,21.84910011291504,0.010053000412881374,21.825000762939453,0.12155900150537491,195035141,655360,196608,4,1817.8499755859375,566.1729736328125,0.2758229970932007,0.2516390085220337,1.7982399463653564,1.6058100461959839,89.35769653320312,-0.1353600025177002,0.05246429890394211,0.9982920289039612,0.9982920289039612,1.1706199645996094,0.29061299562454224,-0.0430356003344059,0.3478409945964813,0.9515339732170105,0.8644329905509949,6.085560016799718e-06,6.698310244246386e-07,6.612170182052068e-06,6.647140082804981e-08,0.9134929776191711,3.2500100135803223,6.760550149920164e-06,8.218049742936273e-07,2.3788299560546875,577.0,1.9392999410629272,4.144149912121975e-08,9.715199666970875e-07,24.988399505615234,0.2500010132789612,3101,2522938591626136605,3437699,198.14435846,-29.95918986,0.02678759954869747,0.025260599330067635,56242.4606949,21.09709930419922,0.04858800023794174,20.824800491333008,0.005516999866813421,20.884700775146484,0.06084800139069557,262160391,655360,196608,10,1816.68994140625,567.10400390625,0.10715000331401825,0.1010420024394989,1.5572799444198608,1.5194499492645264,13.135499954223633,0.044735100120306015,8.930749572755303e-06,0.9985460042953491,0.9985460042953491,1.4651199579238892,0.29097500443458557,0.004153519868850708,0.37346500158309937,1.1632499694824219,0.8439270257949829,1.3218200365372468e-05,6.422440037567867e-07,1.6985599359031767e-05,9.370410225528758e-08,0.8952469825744629,3.0000100135803223,1.607349986443296e-05,9.780339951248607e-07,2.9081199169158936,752.0,4.441559791564941,4.99580998791771e-08,1.180310050585831e-06,24.99959945678711,0.25,3101,2522934501206658077,3422461,198.14435362,-29.95929206,0.027233200147747993,0.025603799149394035,56165.2205941,21.131799697875977,0.06596700102090836,20.505399703979492,0.004348999820649624,20.691699981689453,0.07354799658060074,262160391,524288,196608,8,1816.77001953125,565.6300048828125,0.10893300175666809,0.10241500288248062,0.9716209769248962,0.9323499798774719,18.54680061340332,0.7966340184211731,6.528220325430212e-11,0.9974920153617859,0.9974920153617859,1.3687299489974976,0.18184399604797363,-0.015812000259757042,0.2571899890899658,0.9563480019569397,0.83086097240448,1.280230026168283e-05,8.44525004595198e-07,2.2795700715505518e-05,9.914869991689557e-08,0.8753520250320435,2.5,1.9200500901206397e-05,1.412160031577514e-06,2.3908700942993164,912.0,6.531109809875488,7.368309695721109e-08,1.239789980900241e-06,25.01110076904297,0.25,3101,2522934974458367005,3424224,198.14432272,-29.95904918,0.03788650035858154,0.036107100546360016,55889.6022335,20.864500045776367,0.0785209983587265,20.55270004272461,0.006072999909520149,20.453399658203125,0.07530900090932846,262160391,655360,196608,5,1817.0999755859375,569.1430053710938,0.15154600143432617,0.14442799985408783,1.1259299516677856,1.0786399841308594,27.28219985961914,0.4190079867839813,2.3589100237586536e-05,0.9977380037307739,0.9977380037307739,1.2750699520111084,0.19279399514198303,0.02526099979877472,0.274385005235672,0.8449310064315796,0.7191349864006042,1.6376299754483625e-05,1.2858799891546369e-06,2.1822299459017813e-05,1.325369964888523e-07,0.8970549702644348,2.75,2.3913000404718332e-05,1.8008599909080658e-06,2.1123299598693848,480.0,4.2278900146484375,3.912440149633767e-08,2.748829956544796e-06,25.019399642944336,0.25,3101,2522939535445199901,3441215,198.14435383,-29.95917892,0.05199810117483139,0.05020039901137352,55878.905297,20.227699279785156,0.10678599774837494,19.758899688720703,0.0038580000400543213,19.853200912475586,0.13071399927139282,195035141,655360,196608,7,1816.75,567.2769775390625,0.20799200236797333,0.2008019983768463,1.2437000274658203,1.215690016746521,5.660109996795654,0.3803119957447052,0.0031053898856043816,0.9994720220565796,0.9994720220565796,1.439039945602417,0.2102150022983551,0.0018963499460369349,0.27379000186920166,1.141450047492981,0.8207709789276123,2.9438999263220467e-05,3.1436900371772936e-06,4.533379978965968e-05,1.7489300319084577e-07,0.8996679782867432,3.0,4.1563300328562036e-05,5.43292981092236e-06,2.8536300659179688,580.0,2.9571099281311035,3.08318988118117e-07,5.893689831282245e-06,25.03339958190918,0.25,0.006296627884280441,,,,,,,,,,,,,,,,,
PSO J131236.437-295728.742,-999,-999,-999,72051981518520756,1052323000027451,502008662485818,0,11090993080122,7205,1,678,50,0.408181969456544,1052323,116883,3,436281344,52,198.15181253,-29.95801088,0.0010000000474974513,0.0010000000474974513,198.15182136,-29.95798411,0.04027000069618225,0.14125999808311462,56204.72021991,1.3001999855041504,-0.823275276672957,-0.269912244387487,-0.4993647956642275,208.4609390497324,-20.535845629487607,308.380573899123,32.68970209394864,-999,3,3,0,0,3,0,0,1006358000004605,1,0,2951,2522933911990832007,3420266,198.15181253,-29.95801086,0.16286499798297882,0.1485850065946579,55923.2465509,22.899200439453125,0.25996801257133484,23.476600646972656,0.021270999684929848,-999.0,-999.0,35651585,4,196608,4,1723.280029296875,582.3179931640625,0.6514559984207153,0.594336986541748,1.8018800020217896,1.6076500415802002,-89.16629791259766,-0.1392430067062378,-999.0,0.9983559846878052,0.9983559846878052,1.2247600555419922,-999.0,-999.0,-999.0,-999.0,-999.0,2.5138099317700835e-06,6.535090051329462e-07,1.4769100289413473e-06,3.141520110716556e-08,0.9021919965744019,3.2500100135803223,-999.0,-999.0,-999.0,577.0,-999.0,4.042849965912865e-08,9.553490372127271e-07,24.988399505615234,0.2500010132789612,2951,2522938591626136455,3437699,198.1518461,-29.95805697,0.0882411003112793,0.08321110159158707,56242.4606949,22.291900634765625,0.16005299985408783,22.60449981689453,0.012520999647676945,22.974700927734375,0.40892601013183594,35651585,0,196608,8,1722.8699951171875,581.6320190429688,0.35296401381492615,0.33284398913383484,1.551609992980957,1.514359951019287,12.94540023803711,0.04972520098090172,-7.698089575569611e-06,0.9991000294685364,0.9991000294685364,1.3472399711608887,0.15919899940490723,0.05458730086684227,0.24812699854373932,0.9813089966773987,0.3763830065727234,4.39769019067171e-06,7.038660214675474e-07,3.297549937997246e-06,4.128710173745276e-08,0.8996679782867432,3.0000100135803223,2.3449699710909044e-06,9.589190312908613e-07,2.4532699584960938,752.0,-4.473410129547119,5.023050064778545e-08,1.1737499789887806e-06,24.99959945678711,0.25,2951,2522934501206657927,3422461,198.15180039,-29.95800047,0.03441900014877319,0.03235970064997673,56165.2205941,21.774599075317383,0.08337300270795822,22.26449966430664,0.00977800041437149,22.158899307250977,0.1571049988269806,35651585,0,196608,13,1723.4200439453125,582.4539794921875,0.13767600059509277,0.12943799793720245,0.9678739905357361,0.9267020225524902,17.517000198364258,0.8338459730148315,-0.031989701092243195,0.9979689717292786,0.9979689717292786,1.2867499589920044,0.09606359899044037,0.0015974900452420115,0.15230199694633484,0.7538380026817322,0.6508600115776062,7.082359843479935e-06,5.90474996897683e-07,4.51005007562344e-06,4.4101298612986284e-08,0.8753520250320435,2.5,4.971139787812717e-06,7.809929911672953e-07,1.884600043296814,912.0,-2.1445400714874268,8.142249896536669e-08,1.232270051332307e-06,25.01110076904297,0.25,2951,2522934974458366855,3424224,198.15174217,-29.95805941,0.06428659707307816,0.061267200857400894,55889.6022335,21.45210075378418,0.13323600590229034,21.316299438476562,0.00863299984484911,21.471399307250977,0.1931540071964264,35651585,0,196608,5,1724.1700439453125,581.625,0.2571460008621216,0.2450689971446991,1.1242799758911133,1.0759700536727905,24.019899368286133,0.43519800901412964,0.12461800128221512,0.9981880187988281,0.9981880187988281,1.377619981765747,0.22277900576591492,0.0012707100249826908,0.11865399777889252,0.8745440244674683,0.5388320088386536,9.531519935990218e-06,1.269939957637689e-06,1.080109996109968e-05,9.324420346956686e-08,0.8839020133018494,2.75,9.363349818158895e-06,1.8085700048686704e-06,2.1863598823547363,480.0,1.5356700420379639,4.941569997640727e-08,2.7696000870491844e-06,25.019399642944336,0.25,2951,2522939535445199751,3441215,198.15181257,-29.95801088,0.12816600501537323,0.12373500317335129,55878.905297,21.231300354003906,0.2632099986076355,20.297300338745117,0.0049430001527071,-999.0,-999.0,35651585,4,196608,7,1723.280029296875,582.3179931640625,0.5126659870147705,0.4949420094490051,1.2415399551391602,1.2117400169372559,5.580840110778809,0.3818889856338501,-999.0,0.9995959997177124,0.9995959997177124,1.4094599485397339,-999.0,-999.0,-999.0,-999.0,-999.0,1.1680500392685644e-05,3.0744399737159256e-06,2.7610400138655677e-05,1.3648900676344056e-07,0.8974570035934448,3.0,-999.0,-999.0,-999.0,580.0,-999.0,3.1547000389764435e-07,5.873489953955868e-06,25.03339958190918,0.25,0.009027619155853182,,,,,,,,,,,,,,,,,
PSO J131236.185-295734.402,-999,-999,-999,72041981507718822,1052323000027364,502008662485731,0,11090993082290,7204,1,678,50,0.803173432874655,1052323,116883,3,436527104,52,198.15077196,-29.9595562,0.0010000000474974513,0.0010000000474974513,198.15076431,-29.95954116,0.018950000405311584,0.005379999987781048,56290.7305787,1.858199954032898,-0.8232673605480072,-0.26989282815312043,-0.49938834024016593,208.46071542177424,-20.537639859657524,308.3793104893788,32.68824178545129,-999,5,37,7,4,14,5,7,1006358000004585,1,1,2971,2522933911990832027,3420266,198.15076467,-29.95959179,0.03239449858665466,0.029554199427366257,55923.2465509,20.992799758911133,0.051709000021219254,21.440399169921875,0.008328000083565712,21.256099700927734,0.07461299747228622,195035141,524288,196608,4,1736.800048828125,559.7949829101562,0.12957699596881866,0.11821600049734116,1.8057700395584106,1.610010027885437,-88.97419738769531,-0.14372499287128448,-0.012420699931681156,0.9985129833221436,0.9985129833221436,1.2271599769592285,0.2590720057487488,-0.004164299927651882,0.2420469969511032,0.9353190064430237,0.6568400263786316,1.4550700143445283e-05,7.523959766331245e-07,9.63475031312555e-06,8.023850028848756e-08,0.9059590101242065,3.2500100135803223,1.1416799679864198e-05,8.518459821971192e-07,2.3382999897003174,577.0,-2.499959945678711,4.6344499793349314e-08,9.627559620639659e-07,24.988399505615234,0.2500010132789612,2971,2522938591626136475,3437699,198.15077196,-29.95954655,0.014866000041365623,0.014451500028371811,56242.4606949,19.468700408935547,0.0190420001745224,19.55299949645996,0.003071000101044774,19.626399993896484,0.026903999969363213,262144005,524416,196608,4,1736.699951171875,560.4320068359375,0.05946379899978638,0.05780579894781113,1.5524499416351318,1.5151100158691406,12.973899841308594,0.04898739978671074,-0.5374150276184082,0.9995909929275513,0.9995909929275513,1.1905900239944458,0.250806987285614,0.008351890370249748,0.22456300258636475,1.0151300430297852,0.8066120147705078,5.922720083617605e-05,1.1278200418018969e-06,5.4803600505692884e-05,1.6831499749514478e-07,0.8952469825744629,3.0000100135803223,5.122219954500906e-05,1.3780800145468675e-06,2.537830114364624,752.0,-0.6167259812355042,5.274920056308474e-08,1.1795999625974218e-06,24.99959945678711,0.25,2971,2522934501206657947,3422461,198.15077793,-29.95955736,0.0034396399278193712,0.0033240499906241894,56165.2205941,18.789100646972656,0.006312000099569559,18.822599411010742,0.0020039998926222324,18.931699752807617,0.009832999669015408,262144069,524416,196608,13,1736.6199951171875,560.27197265625,0.01375850010663271,0.013296199962496758,0.9681220054626465,0.9266589879989624,18.251800537109375,0.8292139768600464,-0.7786750197410583,0.9969059824943542,0.9969059824943542,1.402109980583191,0.1395840048789978,0.000820880988612771,0.13478800654411316,0.8847389817237854,0.7698240280151367,0.00011075400107074529,6.990420047259249e-07,0.00010738599667092785,2.1519700510452822e-07,0.872169017791748,2.5,9.711839811643586e-05,9.549180504109245e-07,2.2118499279022217,912.0,-0.2810460031032562,8.615749891305313e-08,1.2322000202402705e-06,25.01110076904297,0.25,2971,2522934974458366875,3424224,198.15078027,-29.95954555,0.007794839795678854,0.007376110181212425,55889.6022335,18.627199172973633,0.013206999748945236,18.4955997467041,0.002355000004172325,18.576400756835938,0.019175000488758087,262144005,524416,196608,3,1736.5999755859375,560.447021484375,0.03117929957807064,0.029504399746656418,1.1252199411392212,1.0764299631118774,23.253000259399414,0.43021801114082336,0.0031511099077761173,0.9995669722557068,0.9995669722557068,1.3681600093841553,0.20759400725364685,0.012843799777328968,0.1819700002670288,1.0379799604415894,0.8492990136146545,0.00012856100511271507,1.6978500525510754e-06,0.00014513499627355486,3.418020071421779e-07,0.8812710046768188,2.75,0.0001347210054518655,2.583230070740683e-06,2.594939947128296,480.0,2.9526000022888184,5.251689927376901e-08,2.794339934553136e-06,25.019399642944336,0.25,2971,2522939535445199771,3441215,198.15077006,-29.9595562,0.013227700255811214,0.013006200082600117,55878.905297,18.266799926757812,0.0199350006878376,18.257999420166016,0.0019330000504851341,18.378299713134766,0.030086999759078026,262144069,524416,196608,6,1736.72998046875,560.3070068359375,0.052910998463630676,0.052025001496076584,1.2418500185012817,1.2123099565505981,5.591720104217529,0.3816620111465454,0.3273969888687134,0.999646008014679,0.999646008014679,1.4496599435806274,0.20035099983215332,0.005688379984349012,0.18245799839496613,0.9782090187072754,0.7821040153503418,0.00017918300000019372,3.5721100175578613e-06,0.0001806310028769076,3.491059885618597e-07,0.8974570035934448,3.0,0.00016168400179594755,4.864510174229508e-06,2.4455199241638184,580.0,0.9793699979782104,3.4340300203439256e-07,5.872850124433171e-06,25.03339958190918,0.25,0.007246283304138615,,,,,,,,,,,,,,,,,
PSO J131238.043-295831.223,-999,-999,-999,72021981584709935,1052323000042420,502008662502008,0,11090993681735,7202,1,678,50,0.134446455290957,1052323,116883,3,1075314688,128,198.15851483,-29.97533984,0.0010000000474974513,0.0010000000474974513,198.15851483,-29.97533984,0.0010000000474974513,0.0010000000474974513,56066.5128125,-999.0,-0.8230999697044272,-0.26996126646574636,-0.4996272155125073,208.47408581781846,-20.549384109076055,308.38541796289485,32.671863310325456,-999,1,0,0,0,0,0,0,1006820000005940,0,0,2441,2522933909306476937,3420256,198.15847093,-29.97529415,-999.0,-999.0,55760.8538454,21.168500900268555,-999.0,-999.0,-999.0,-999.0,-999.0,128,0,131072,1,1644.9300537109375,6120.7001953125,-999.0,-999.0,1.8662300109863281,1.7438000440597534,84.9800033569336,0.20941300690174103,-999.0,0.7076069712638855,0.6700149774551392,-999.0,-0.04803840070962906,-0.04002410173416138,-0.02266789972782135,-999.0,1.0223100185394287,1.2376300219330005e-05,-999.0,-999.0,-999.0,0.0,4.0,-999.0,-999.0,-999.0,491.0,-999.0,3.810099968859504e-08,1.321490003647341e-06,24.967599868774414,0.25,2441,2522938588941781385,3437689,198.15851468,-29.97534087,0.24309100210666656,0.22732800245285034,56036.21524,-999.0,0.4089129865169525,-999.0,0.0066650002263486385,-999.0,-999.0,35651585,4,131072,2,1644.4000244140625,6120.06005859375,0.9723690152168274,0.9093149900436401,1.4750200510025024,1.416260004043579,-81.16729736328125,0.09966219961643219,-999.0,0.997901976108551,0.997901976108551,1.0721299648284912,-999.0,-999.0,-999.0,-999.0,-999.0,-3.2057500902737956e-06,1.3108699477015762e-06,-1.0980899787682574e-05,7.318229933162002e-08,0.9021919965744019,3.2499899864196777,-999.0,-999.0,-999.0,752.0,-999.0,1.607780006906978e-07,1.7679100210443721e-06,24.98900032043457,0.2499990016222,2441,2522934498522302857,3422451,198.15851439,-29.9753401,12.83240032196045,11.635000228881836,56227.080465,-999.0,29.80340003967285,23.593700408935547,0.019852999597787857,-999.0,-999.0,35651585,4,131072,11,1644.4000244140625,6120.06005859375,51.3297004699707,46.540199279785156,1.0308599472045898,0.9875940084457397,33.13130187988281,0.5357239842414856,-999.0,0.9966480135917664,0.9966480135917664,1.2031400203704834,-999.0,-999.0,-999.0,-999.0,-999.0,-2.3517999991895522e-08,7.009139721958491e-07,1.3259300430945586e-06,2.6323700552666196e-08,0.8785349726676941,2.4999899864196777,-999.0,-999.0,-999.0,758.0,-999.0,6.779409744694931e-08,1.2049499673594255e-06,24.99519920349121,0.2499990016222,2441,2522934971774011785,3424214,198.15851483,-29.97533984,8.345999717712402,7.687709808349609,56066.5128224,26.425899505615234,16.90519905090332,-999.0,0.01838799938559532,-999.0,-999.0,35651585,4,131072,3,1644.4000244140625,6120.06005859375,33.3838996887207,30.75079917907715,1.1063599586486816,1.0440499782562256,17.432300567626953,0.22507700324058533,-999.0,0.9980720281600952,0.9980720281600952,1.4925600290298462,-999.0,-999.0,-999.0,-999.0,-999.0,9.764060138195418e-08,1.6506299971297267e-06,-2.5222200292773778e-06,4.637779937866071e-08,0.8865320086479187,2.75,-999.0,-999.0,-999.0,420.0,-999.0,1.0138600181619495e-08,3.3197200082213385e-06,25.014799118041992,0.25,2441,2522939532760844681,3441205,198.15851438,-29.9753387,1.2288600206375122,1.130929946899414,55870.6568559,-999.0,2.334820032119751,-999.0,0.022312000393867493,-999.0,-999.0,35651585,4,131072,5,1644.4000244140625,6120.06005859375,4.915420055389404,4.52370023727417,1.227370023727417,1.1680799722671509,-50.57820129394531,0.4011549949645996,-999.0,0.999002993106842,0.999002993106842,1.1412999629974365,-999.0,-999.0,-999.0,-999.0,-999.0,-1.668799995968584e-06,3.89634988096077e-06,-1.3807899676976376e-06,3.080840116354011e-08,0.9018779993057251,3.0,-999.0,-999.0,-999.0,520.0,-999.0,2.5219000576726103e-07,6.243109964998439e-06,25.017000198364258,0.25,0.01489420574377316,,,,,,,,,,,,,,,,,
PSO J131237.933-295839.097,-999,-999,-999,72021981580097220,1052323000027888,502008662486256,0,11090993688599,7202,1,678,50,0.754473661775211,1052323,116883,3,436285440,52,198.15805464,-29.97752695,0.0010000000474974513,0.0010000000474974513,198.15796276,-29.97758325,0.11953999847173691,0.11953999847173691,56231.93025463,1.1663999557495117,-0.8230839815927495,-0.2699472387922957,-0.499661132682783,208.47458566102657,-20.55162966608533,308.3845923673569,32.66967731111271,-999,5,2,0,1,0,1,0,1006358000004698,1,0,2837,2522933911990831893,3420266,198.15805801,-29.97757971,0.08530940115451813,0.07782959938049316,55923.2465509,21.975299835205078,0.13617299497127533,21.570899963378906,0.008844000287353992,21.68939971923828,0.15525199472904205,35651585,0,196608,3,1650.72998046875,298.92401123046875,0.3412359952926636,0.31131699681282043,1.8215899467468262,1.6180499792099,-86.66909790039062,-0.16136200726032257,0.04279769957065582,0.9982140064239502,0.9982140064239502,1.2257599830627441,0.26112100481987,-0.0585905984044075,0.2985279858112335,1.237779974937439,0.8936120271682739,5.886569852009416e-06,8.01589010279713e-07,8.543340300093405e-06,7.555730263675287e-08,0.9021919965744019,3.2500100135803223,7.659869879717007e-06,1.1892100246768678e-06,3.094449996948242,577.0,2.0256800651550293,3.2867198740405e-08,9.76546971287462e-07,24.988399505615234,0.2500010132789612,2837,2522938591626136341,3437699,198.15808839,-29.97745738,0.051335401833057404,0.048409100621938705,56242.4606949,21.681800842285156,0.0931129977107048,21.5856990814209,0.007832000032067299,21.894899368286133,0.1375409960746765,35651585,0,196608,8,1650.31005859375,300.66400146484375,0.20534099638462067,0.1936360001564026,1.5472300052642822,1.510409951210022,12.794099807739258,0.05358479917049408,-0.44396600127220154,0.99959397315979,0.99959397315979,1.7170000076293945,0.1908320039510727,-0.0320747010409832,0.2537569999694824,0.9222890138626099,0.8343809843063354,7.713710147072561e-06,7.182470085353998e-07,8.428260116488673e-06,6.600659929745234e-08,0.8952469825744629,3.0000100135803223,6.339279934763908e-06,8.719100037524186e-07,2.305720090866089,752.0,-0.765513002872467,4.7613699649673435e-08,1.1845600056403782e-06,24.99959945678711,0.25,2837,2522934501206657813,3422461,198.15805192,-29.97752024,0.034204598516225815,0.03215799853205681,56165.2205941,21.547399520874023,0.08285299688577652,22.076900482177734,0.008968999609351158,-999.0,-999.0,35651585,0,196608,8,1650.77001953125,299.7659912109375,0.13681800663471222,0.12863199412822723,0.9637529850006104,0.9190539717674255,18.949800491333008,0.8660339713096619,-0.004047070164233446,0.9977880120277405,0.9977880120277405,1.2158700227737427,0.13186399638652802,0.01694059930741787,0.10499099642038345,-999.0,0.4488089978694916,8.730339686735533e-06,7.233359724523325e-07,5.3609201131621376e-06,4.808180165127851e-08,0.8880850076675415,2.5,-999.0,-999.0,-999.0,912.0,-2.8744699954986572,6.27901002303588e-08,1.2174200492154341e-06,25.01110076904297,0.25,2837,2522934974458366741,3424224,198.15804938,-29.97753568,0.8837289810180664,0.8422240018844604,55889.6022335,23.88479995727539,1.8315600156784058,-999.0,0.014546999707818031,-999.0,-999.0,35651585,4,196608,2,1650.8199462890625,299.5480041503906,3.534909963607788,3.3688900470733643,1.1265900135040283,1.0737600326538086,17.725500106811523,0.4367789924144745,-999.0,0.9986600279808044,0.9986600279808044,1.4117799997329712,-999.0,-999.0,-999.0,-999.0,-999.0,1.0140499853150686e-06,1.857290044426918e-06,-3.510959913910483e-06,5.107559886141644e-08,0.8812710046768188,2.75,-999.0,-999.0,-999.0,480.0,-999.0,5.3579899628175554e-08,2.9986199479026254e-06,25.019399642944336,0.25,2837,2522939535445199637,3441215,198.15804944,-29.97753645,0.5820170044898987,0.561896026134491,55878.905297,22.404199600219727,1.1952699422836304,25.55139923095703,0.05556900054216385,-999.0,-999.0,35651585,4,196608,3,1650.8199462890625,299.5480041503906,2.3280699253082275,2.2475900650024414,1.2398600578308105,1.2086700201034546,5.525489807128906,0.38311100006103516,-999.0,0.9995279908180237,0.9995279908180237,1.0872100591659546,-999.0,-999.0,-999.0,-999.0,-999.0,3.9658398236497305e-06,4.740229996968992e-06,2.185030041346181e-07,1.2142000294090849e-08,0.8996679782867432,3.0,-999.0,-999.0,-999.0,580.0,-999.0,1.9884299717887188e-07,5.968150162516395e-06,25.03339958190918,0.25,0.01617249944187112,,,,,,,,,,,,,,,,,
PSO J131237.933-295839.097,-999,-999,-999,72021981580097220,1052323000027888,502008662486256,0,11090993688599,7202,1,678,50,0.754473661775211,1052323,116883,3,436285440,52,198.15805464,-29.97752695,0.0010000000474974513,0.0010000000474974513,198.15796276,-29.97758325,0.11953999847173691,0.11953999847173691,56231.93025463,1.1663999557495117,-0.8230839815927495,-0.2699472387922957,-0.499661132682783,208.47458566102657,-20.55162966608533,308.3845923673569,32.66967731111271,-999,5,2,0,1,0,1,0,1006820000005466,0,0,2453,2522933909306476949,3420256,198.15805449,-29.97753078,0.1644189953804016,0.14560599625110626,55760.8538454,22.058500289916992,0.2276269942522049,-999.0,0.026899000629782677,-999.0,-999.0,35651585,4,0,2,1650.75,6088.580078125,0.6576780080795288,0.5824249982833862,1.8651100397109985,1.7437200546264648,84.83380126953125,0.20942999422550201,-999.0,0.999439001083374,0.999439001083374,1.1628700494766235,-999.0,-999.0,-999.0,-999.0,-999.0,5.4523097787750885e-06,1.2410899898895877e-06,-1.052959987646318e-06,2.8323999146095957e-08,0.9201149940490723,4.0,-999.0,-999.0,-999.0,491.0,-999.0,3.6174100159769296e-08,1.322929961133923e-06,24.967599868774414,0.25,2453,2522938588941781397,3437689,198.15808654,-29.97738779,0.11246199905872345,0.10516899824142456,56036.21524,21.766199111938477,0.189177006483078,-999.0,0.00829899962991476,-999.0,-999.0,35651585,0,0,2,1650.31005859375,6090.68017578125,0.4498499929904938,0.4206790030002594,1.4750100374221802,1.4164999723434448,-81.20539855957031,0.09967970103025436,-999.0,0.9988269805908203,0.9988269805908203,1.1604199409484863,-0.060889098793268204,0.09286010265350342,0.04314789921045303,-999.0,1.4298700094223022,7.136789918149589e-06,1.3501099829227314e-06,-7.081770036165835e-06,5.8770300626065364e-08,0.9059590101242065,3.2499899864196777,-999.0,-999.0,-999.0,752.0,-999.0,1.5348599902154092e-07,1.7635900348977884e-06,24.98900032043457,0.2499990016222,2453,2522934498522302869,3422451,198.1580489,-29.97752312,0.035537898540496826,0.032221801578998566,56227.080465,21.530500411987305,0.08253700286149979,22.116100311279297,0.010053000412881374,-999.0,-999.0,35651585,0,0,8,1650.8199462890625,6088.72998046875,0.14215199649333954,0.12888799607753754,1.0307300090789795,0.9872819781303406,32.88629913330078,0.5365999937057495,-1.0483999861166194e-19,0.997402012348175,0.997402012348175,1.5327999591827393,0.10048700124025345,0.01691889949142933,0.07127270102500916,-999.0,-0.7684109807014465,8.867100405041128e-06,7.318660095734231e-07,5.170670192455873e-06,5.198279851015286e-08,0.8785349726676941,2.4999899864196777,-999.0,-999.0,-999.0,758.0,-9.083809852600098,6.683019648789923e-08,1.204999989568023e-06,24.99519920349121,0.2499990016222,2453,2522934971774011797,3424214,198.15805478,-29.97753272,0.5475500226020813,0.5043619871139526,56066.5128224,23.359399795532227,1.1090799570083618,-999.0,0.015011000446975231,-999.0,-999.0,35651585,4,0,2,1650.75,6088.580078125,2.190200090408325,2.0174400806427,1.1065599918365479,1.0440900325775146,17.45870018005371,0.2249239981174469,-999.0,0.9991949796676636,0.9991949796676636,1.4857900142669678,-999.0,-999.0,-999.0,-999.0,-999.0,1.6453300304419827e-06,1.8248100559503655e-06,-3.7844199596293038e-06,5.6809000170687796e-08,0.8891630172729492,2.75,-999.0,-999.0,-999.0,420.0,-999.0,8.30073965119027e-09,3.32925992552191e-06,25.014799118041992,0.25,2453,2522939532760844693,3441205,198.15805434,-29.97753158,0.2856149971485138,0.2628540098667145,55870.6568559,21.541400909423828,0.5426660180091858,24.771799087524414,0.041168998926877975,-999.0,-999.0,35651585,4,0,3,1650.75,6088.580078125,1.1424599885940552,1.0514099597930908,1.2273800373077393,1.167930006980896,-50.617801666259766,0.40140101313591003,-999.0,0.9996979832649231,0.9996979832649231,1.1706899404525757,-999.0,-999.0,-999.0,-999.0,-999.0,8.778760275163222e-06,4.763940069096861e-06,4.4800398768529703e-07,1.8443900628994925e-08,0.8996679782867432,3.0,-999.0,-999.0,-999.0,520.0,-999.0,2.4410400101260166e-07,6.276160092966165e-06,25.017000198364258,0.25,0.01617249944187112,,,,,,,,,,,,,,,,,
PSO J131238.924-295826.142,-999,-999,-999,72031981622001568,1052323000028254,502008662486622,0,11090993691567,7203,1,678,50,0.571087879660621,1052323,116883,3,1384198144,165,198.16217648,-29.97392658,0.0010000000474974513,0.0010000000474974513,198.16218647,-29.97392837,0.17799000442028046,0.17799000442028046,56001.50225694,-999.0,-0.8230943630465993,-0.27001784846017385,-0.4996058756998875,208.47658502479965,-20.546808924794107,308.3893420784075,32.67295736266249,-999,1,1,0,1,0,0,0,1006358000004772,1,0,2747,2522933911990831803,3420266,198.16217648,-29.97392772,0.1698099970817566,0.15492099523544312,55923.2465509,22.745800018310547,0.2710539996623993,22.96540069580078,0.016808999702334404,-999.0,-999.0,35651585,4,196608,3,1598.2900390625,350.5409851074219,0.6792370080947876,0.619683027267456,1.8264000415802002,1.6198999881744385,-85.73490142822266,-0.16651399433612823,-999.0,0.998986005783081,0.998986005783081,1.2185300588607788,-999.0,-999.0,-999.0,-999.0,-999.0,2.895279976655729e-06,7.847789902371005e-07,2.365020009165164e-06,3.975389972765697e-08,0.9059590101242065,3.2500100135803223,-999.0,-999.0,-999.0,577.0,-999.0,2.5243700463306595e-08,9.71023951024108e-07,24.988399505615234,0.2500010132789612,2747,2522938591626136251,3437699,198.16220513,-29.97390874,0.1023470014333725,0.09651339799165726,56242.4606949,22.00670051574707,0.18564000725746155,21.77829933166504,0.008558000437915325,21.88990020751953,0.20390400290489197,35651585,0,196608,4,1597.9200439453125,350.7929992675781,0.4093889892101288,0.3860529959201813,1.5440700054168701,1.5075700283050537,12.682499885559082,0.05637120082974434,0.16128599643707275,0.9987850189208984,0.9987850189208984,1.2813400030136108,0.22153200209140778,0.0005094130174256861,0.25260600447654724,0.9577550292015076,0.6946330070495605,5.718829925172031e-06,1.0616399777063634e-06,7.057709808577783e-06,6.040190214662289e-08,0.8974570035934448,3.0000100135803223,6.368829872371862e-06,1.298629968005116e-06,2.394390106201172,752.0,1.4007600545883179,4.7837499295155794e-08,1.1872999721163069e-06,24.99959945678711,0.25,2747,2522934501206657723,3422461,198.16217541,-29.97392658,0.830489993095398,0.7807999849319458,56165.2205941,25.0625,2.0116798877716064,-999.0,0.023149000480771065,-999.0,-999.0,35651585,4,196608,11,1598.2900390625,350.5409851074219,3.321959972381592,3.123189926147461,0.9613239765167236,0.9153550267219543,18.73390007019043,0.8878620266914368,-999.0,0.9966740012168884,0.9966740012168884,1.208709955215454,-999.0,-999.0,-999.0,-999.0,-999.0,3.427630019814387e-07,6.895299975440139e-07,-7.3536301670174e-07,1.702279917026317e-08,0.8658030033111572,2.5,-999.0,-999.0,-999.0,912.0,-999.0,6.396970064770358e-08,1.2191200084998854e-06,25.01110076904297,0.25,2747,2522934974458366651,3424224,198.16217643,-29.97392687,0.2426069974899292,0.23121200501918793,55889.6022335,-999.0,0.502810001373291,-999.0,0.006238999776542187,-999.0,-999.0,35651585,4,196608,3,1598.2900390625,350.5409851074219,0.9704260230064392,0.9248489737510681,1.1266499757766724,1.0719599723815918,15.880800247192383,0.4441229999065399,-999.0,0.9993420243263245,0.9130570292472839,1.275339961051941,-999.0,-999.0,-999.0,-999.0,-999.0,-3.3558699215063825e-06,1.687369945102546e-06,-1.9086999600403942e-05,1.19087999905787e-07,0.8865320086479187,2.75,-999.0,-999.0,-999.0,480.0,-999.0,4.5451798769136076e-08,2.98106010632182e-06,25.019399642944336,0.25,2747,2522939535445199547,3441215,198.16217647,-29.97392765,1.6533900499343872,1.5962300300598145,55878.905297,-999.0,3.395509958267212,21.15369987487793,0.007333000190556049,-999.0,-999.0,35651585,4,196608,4,1598.2900390625,350.5409851074219,6.613580226898193,6.384940147399902,1.2386499643325806,1.2064399719238281,5.488289833068848,0.38399699330329895,-999.0,0.9996370077133179,0.9996370077133179,1.2120699882507324,-999.0,-999.0,-999.0,-999.0,-999.0,-1.174930048364331e-06,3.989479864685563e-06,1.2546300240501296e-05,9.2006800400668e-08,0.8930360078811646,3.0,-999.0,-999.0,-999.0,580.0,-999.0,2.2219400364065223e-07,6.013369784341194e-06,25.03339958190918,0.25,0.016620373588991242,,,,,,,,,,,,,,,,,
PSO J131236.253-295828.647,-999,-999,-999,72031981510570730,1052323000042372,502008662501960,0,11090993704049,7203,1,678,50,0.0360473627560282,1052323,116883,3,1343750144,160,198.15105708,-29.97462418,0.0010000000474974513,0.0010000000474974513,198.15105708,-29.97462418,0.0010000000474974513,0.0010000000474974513,56047.08175926,-999.0,-0.8231410315558371,-0.26985607168898507,-0.49961639558943793,208.46746510254394,-20.551337098533065,308.37786296230735,32.67320591538234,-999,2,0,0,0,0,0,0,1006358000009660,1,0,2974,2522933911990832030,3420266,198.15105746,-29.97463172,0.5887500047683716,0.5371289849281311,55923.2465509,-999.0,0.9397739768028259,-999.0,0.014585000462830067,-999.0,-999.0,35651585,4,196608,2,1737.31005859375,343.0710144042969,2.354990005493164,2.148509979248047,1.8138999938964844,1.6147300004959106,-88.26419830322266,-0.15285399556159973,-999.0,0.9976810216903687,0.9976810216903687,1.2325999736785889,-999.0,-999.0,-999.0,-999.0,-999.0,-8.421509960498952e-07,7.914320008239883e-07,-2.9899499622842995e-06,4.3608800126548886e-08,0.9021919965744019,3.2500100135803223,-999.0,-999.0,-999.0,577.0,-999.0,4.466949832249156e-08,9.796519861993147e-07,24.988399505615234,0.2500010132789612,2974,2522938591626136478,3437699,198.15105719,-29.97463074,0.15358799695968628,0.14483299851417542,56242.4606949,22.870800018310547,0.27858099341392517,-999.0,0.0586250014603138,-999.0,-999.0,35651585,4,196608,8,1737.31005859375,343.0710144042969,0.6143500208854675,0.5793309807777405,1.5524799823760986,1.5151400566101074,12.975099563598633,0.04895709827542305,-999.0,0.9983339905738831,0.9983339905738831,1.5335400104522705,-999.0,-999.0,-999.0,-999.0,-999.0,2.5802698928600876e-06,7.188140216385364e-07,-1.4053399866043037e-07,8.238820292660876e-09,0.8952469825744629,3.0000100135803223,-999.0,-999.0,-999.0,752.0,-999.0,4.809989917475832e-08,1.1762200529119582e-06,24.99959945678711,0.25,2974,2522934501206657950,3422461,198.15104615,-29.9746126,0.05587010085582733,0.05252720043063164,56165.2205941,22.21470069885254,0.13533300161361694,21.72800064086914,0.007637999951839447,22.024099349975586,0.20034000277519226,35651585,0,196608,10,1737.43994140625,343.3330078125,0.2234800010919571,0.21010899543762207,0.9677050113677979,0.9251400232315063,19.341800689697266,0.8299890160560608,0.021838700398802757,0.9972500205039978,0.9972500205039978,1.2967000007629395,0.21714900434017181,0.0025310299824923277,0.1632869988679886,1.0049200057983398,0.6580359935760498,4.721830009657424e-06,6.390209819073789e-07,7.392599854938453e-06,5.64624009768977e-08,0.8689860105514526,2.5,5.628320195683045e-06,1.1275800488874665e-06,2.5123000144958496,912.0,2.2931599617004395,7.404560165014118e-08,1.2225200407556258e-06,25.01110076904297,0.25,2974,2522934974458366878,3424224,198.15105743,-29.97463092,0.8047099709510803,0.7669150233268738,55889.6022335,23.881200790405273,1.6677900552749634,-999.0,0.013341999612748623,-999.0,-999.0,35651585,4,196608,3,1737.31005859375,343.0710144042969,3.2188398838043213,3.067660093307495,1.126729965209961,1.0764600038528442,21.061100006103516,0.42468899488449097,-999.0,0.9974949955940247,0.9974949955940247,1.3099000453948975,-999.0,-999.0,-999.0,-999.0,-999.0,1.017490035337687e-06,1.6969499938568333e-06,-4.173919933236903e-06,5.56892985059676e-08,0.8891630172729492,2.75,-999.0,-999.0,-999.0,480.0,-999.0,6.649659667345986e-08,2.944839934571064e-06,25.019399642944336,0.25,2974,2522939535445199774,3441215,198.15105752,-29.97463167,0.6882020235061646,0.6644099950790405,55878.905297,22.827800750732422,1.4133299589157104,-999.0,0.009238000027835369,-999.0,-999.0,35651585,4,196608,5,1737.31005859375,343.0710144042969,2.752810001373291,2.657639980316162,1.2418700456619263,1.2123299837112427,5.5921502113342285,0.38165199756622314,-999.0,0.9985359907150269,0.9985359907150269,1.1958800554275513,-999.0,-999.0,-999.0,-999.0,-999.0,2.684520040929783e-06,3.794129952439107e-06,-7.112339972081827e-06,6.570670052497007e-08,0.8952469825744629,3.0,-999.0,-999.0,-999.0,580.0,-999.0,2.344280005672772e-07,5.871740086149657e-06,25.03339958190918,0.25,0.010337331846966514,,,,,,,,,,,,,,,,,
PSO J131236.253-295828.647,-999,-999,-999,72031981510570730,1052323000042372,502008662501960,0,11090993704049,7203,1,678,50,0.0360473627560282,1052323,116883,3,1343750144,160,198.15105708,-29.97462418,0.0010000000474974513,0.0010000000474974513,198.15105708,-29.97462418,0.0010000000474974513,0.0010000000474974513,56047.08175926,-999.0,-0.8231410315558371,-0.26985607168898507,-0.49961639558943793,208.46746510254394,-20.551337098533065,308.37786296230735,32.67320591538234,-999,2,0,0,0,0,0,0,1006820000005937,0,0,2593,2522933909306477089,3420256,198.15105672,-29.9746228,-999.0,-999.0,55760.8538454,-999.0,-999.0,-999.0,-999.0,-999.0,-999.0,0,4,0,1,1737.31005859375,6132.16015625,-999.0,-999.0,1.8485699892044067,1.74235999584198,82.31159973144531,0.2096879929304123,-999.0,0.5181909799575806,0.4875029921531677,-999.0,-999.0,-999.0,-999.0,-999.0,-999.0,-2.7307000891596545e-06,-999.0,-999.0,-999.0,0.0,4.0,-999.0,-999.0,-999.0,491.0,-999.0,4.597709946096984e-08,1.3234299558462226e-06,24.967599868774414,0.25,2593,2522938588941781537,3437689,198.15105685,-29.97462581,0.23663899302482605,0.22129400074481964,56036.21524,22.533000946044922,0.39805999398231506,22.458900451660156,0.01170399971306324,-999.0,-999.0,35651585,4,0,2,1737.31005859375,6132.16015625,0.9465600252151489,0.8851799964904785,1.4749799966812134,1.4200199842453003,-81.80509948730469,0.09993729740381241,-999.0,0.998341977596283,0.998341977596283,1.0671700239181519,-999.0,-999.0,-999.0,-999.0,-999.0,3.5220500649302267e-06,1.4019899481354514e-06,3.770969897232135e-06,4.4136299948149826e-08,0.9021919965744019,3.2499899864196777,-999.0,-999.0,-999.0,752.0,-999.0,1.2169199692380062e-07,1.7650900190346874e-06,24.98900032043457,0.2499990016222,2593,2522934498522303009,3422451,198.15105218,-29.97461444,0.058578699827194214,0.0531127005815506,56227.080465,22.20479965209961,0.1360500007867813,21.823299407958984,0.008785000070929527,22.128000259399414,0.2150849997997284,35651585,0,0,10,1737.3699951171875,6132.31005859375,0.23431600630283356,0.2124519944190979,1.0290700197219849,0.9829310178756714,29.792999267578125,0.5484039783477783,0.08280669897794724,0.9970300197601318,0.9970300197601318,1.2293399572372437,0.2012930065393448,0.004844349808990955,0.16613399982452393,0.9644320011138916,0.6423349976539612,4.765320227306802e-06,6.483219863184786e-07,6.77148000249872e-06,5.9487799575208555e-08,0.872169017791748,2.4999899864196777,5.114459781907499e-06,1.1000399808835937e-06,2.4110798835754395,758.0,1.7346299886703491,7.735179963219707e-08,1.2147099823778262e-06,24.99519920349121,0.2499990016222,2593,2522934971774011937,3424214,198.15105698,-29.97462476,0.5078629851341248,0.46780601143836975,56066.5128224,23.38050079345703,1.0286999940872192,23.678300857543945,0.027317000553011894,-999.0,-999.0,35651585,4,0,3,1737.31005859375,6132.16015625,2.031450033187866,1.8712199926376343,1.109220027923584,1.0447399616241455,17.806100845336914,0.22283199429512024,-999.0,0.9980520009994507,0.9980520009994507,1.3964999914169312,-999.0,-999.0,-999.0,-999.0,-999.0,1.6136400518007576e-06,1.6599500440861448e-06,1.2265199984540232e-06,3.350509913957467e-08,0.8839020133018494,2.75,-999.0,-999.0,-999.0,420.0,-999.0,-1.3672200260828049e-08,3.29401996168599e-06,25.014799118041992,0.25,2593,2522939532760844833,3441205,198.15105654,-29.97462359,1.7023799419403076,1.5667099952697754,55870.6568559,23.72570037841797,3.2345099449157715,-999.0,0.007009999826550484,-999.0,-999.0,35651585,4,0,5,1737.31005859375,6132.16015625,6.809510231018066,6.266849994659424,1.227429986000061,1.1658799648284912,-51.13819885253906,0.4047529995441437,-999.0,0.9987959861755371,0.9987959861755371,1.171910047531128,-999.0,-999.0,-999.0,-999.0,-999.0,1.1741800562958815e-06,3.7978900309099117e-06,-1.3987800230097491e-05,9.805749812130671e-08,0.8952469825744629,3.0,-999.0,-999.0,-999.0,520.0,-999.0,3.2097401003738923e-07,6.1468599596992135e-06,25.017000198364258,0.25,0.010337331846966514,,,,,,,,,,,,,,,,,
PSO J131235.823-295837.896,-999,-999,-999,72021981492617654,1052323000042357,502008662501945,0,11090993705130,7202,1,678,50,0.660497447159605,1052323,116883,3,1343750144,160,198.14926293,-29.97719342,0.0010000000474974513,0.0010000000474974513,198.14926293,-29.97719342,0.0010000000474974513,0.0010000000474974513,56020.20546296,-999.0,-0.8231281915236836,-0.26982331699937484,-0.4996552390623009,208.46705420000984,-20.554315078650824,308.3757279154353,32.6708004285436,-999,2,0,0,0,0,0,0,1006358000009646,1,0,3018,2522933911990832074,3420266,198.14926127,-29.9771944,0.3682590126991272,0.335970014333725,55923.2465509,23.764999389648438,0.5878220200538635,27.461999893188477,0.133310005068779,-999.0,-999.0,35651585,4,196608,4,1760.449951171875,306.5849914550781,1.4730299711227417,1.3438800573349,1.8118900060653687,1.6137900352478027,-88.70079803466797,-0.1505800038576126,-999.0,0.9990299940109253,0.9990299940109253,1.280940055847168,-999.0,-999.0,-999.0,-999.0,-999.0,1.1323900253046304e-06,6.656429718532308e-07,3.760100142358169e-08,5.0125898987118944e-09,0.9021919965744019,3.2500100135803223,-999.0,-999.0,-999.0,577.0,-999.0,4.3426801710211294e-08,9.84206963039469e-07,24.988399505615234,0.2500010132789612,3018,2522938591626136522,3437699,198.149261,-29.97719342,0.19810600578784943,0.18681299686431885,56242.4606949,23.15399932861328,0.3593280017375946,-999.0,0.06201399862766266,-999.0,-999.0,35651585,4,196608,8,1760.449951171875,306.5849914550781,0.7924209833145142,0.7472509741783142,1.553879976272583,1.5163999795913696,13.022299766540527,0.047726500779390335,-999.0,0.9995800256729126,0.9995800256729126,1.5408300161361694,-999.0,-999.0,-999.0,-999.0,-999.0,1.9878400507877814e-06,7.14283999059262e-07,-1.2559399920064607e-07,7.788599987179623e-09,0.8819839954376221,3.0000100135803223,-999.0,-999.0,-999.0,752.0,-999.0,4.6054001501261155e-08,1.1744399444069131e-06,24.99959945678711,0.25,3018,2522934501206657994,3422461,198.14927998,-29.97721234,0.06935709714889526,0.06520730257034302,56165.2205941,22.277799606323242,0.16800299286842346,23.68779945373535,0.01883300021290779,-999.0,-999.0,35651585,0,196608,8,1760.2099609375,306.3059997558594,0.27742800116539,0.26082900166511536,0.9687319993972778,0.926734983921051,19.452800750732422,0.8205180168151855,-2.7918499590619196e-18,0.9966670274734497,0.9966670274734497,1.2846399545669556,0.05545249953866005,0.003341440111398697,0.08897840231657028,-999.0,-0.4299049973487854,4.455359885469079e-06,7.485110131710826e-07,1.2158300251030596e-06,2.2897999940596492e-08,0.8817179799079895,2.5,-999.0,-999.0,-999.0,912.0,-8.719599723815918,6.89043986312754e-08,1.2245400284882635e-06,25.01110076904297,0.25,3018,2522934974458366922,3424224,198.14926124,-29.9771936,7.581570148468018,7.225490093231201,55889.6022335,26.322200775146484,15.713000297546387,-999.0,0.010917999781668186,-999.0,-999.0,35651585,4,196608,3,1760.449951171875,306.5849914550781,30.3262996673584,28.901899337768555,1.126829981803894,1.0771100521087646,22.013399124145508,0.4214549958705902,-999.0,0.9995610117912292,0.9995610117912292,1.3678699731826782,-999.0,-999.0,-999.0,-999.0,-999.0,1.0742400036178879e-07,1.6879699842320406e-06,-6.233070052985568e-06,6.80535023889206e-08,0.8812710046768188,2.75,-999.0,-999.0,-999.0,480.0,-999.0,6.233109672848514e-08,2.9516500035242643e-06,25.019399642944336,0.25,3018,2522939535445199818,3441215,198.14926133,-29.97719434,6.63040018081665,6.401179790496826,55878.905297,-999.0,13.616600036621094,21.555299758911133,0.008822999894618988,-999.0,-999.0,35651585,4,196608,3,1760.449951171875,306.5849914550781,26.5216007232666,25.604700088500977,1.242400050163269,1.2133100032806396,5.611249923706055,0.38126200437545776,-999.0,0.9996280074119568,0.9996280074119568,1.0646699666976929,-999.0,-999.0,-999.0,-999.0,-999.0,-3.4823199257516535e-07,4.741740212921286e-06,8.667529982631095e-06,7.647309985259199e-08,0.8819839954376221,3.0,-999.0,-999.0,-999.0,580.0,-999.0,2.0504400310983328e-07,5.8730402088258415e-06,25.03339958190918,0.25,0.012211827194578771,,,,,,,,,,,,,,,,,
PSO J131235.823-295837.896,-999,-999,-999,72021981492617654,1052323000042357,502008662501945,0,11090993705130,7202,1,678,50,0.660497447159605,1052323,116883,3,1343750144,160,198.14926293,-29.97719342,0.0010000000474974513,0.0010000000474974513,198.14926293,-29.97719342,0.0010000000474974513,0.0010000000474974513,56020.20546296,-999.0,-0.8231281915236836,-0.26982331699937484,-0.4996552390623009,208.46705420000984,-20.554315078650824,308.3757279154353,32.6708004285436,-999,2,0,0,0,0,0,0,1006820000005936,0,0,2628,2522933909306477124,3420256,198.14926293,-29.97718576,0.43878600001335144,0.38857901096343994,55760.8538454,23.138900756835938,0.6074680089950562,-999.0,0.015937000513076782,-999.0,-999.0,35651585,4,0,2,1760.4200439453125,6095.669921875,1.755139946937561,1.554319977760315,1.8442100286483765,1.7419099807739258,81.50879669189453,0.209757000207901,-999.0,0.9997900128364563,0.9997900128364563,1.168429970741272,-999.0,-999.0,-999.0,-999.0,-999.0,2.015759946516482e-06,1.224510015163105e-06,-2.9998700483702123e-06,4.780779860880102e-08,0.9213579893112183,4.0,-999.0,-999.0,-999.0,491.0,-999.0,3.977699947199653e-08,1.32495995330828e-06,24.967599868774414,0.25,2628,2522938588941781572,3437689,198.14926307,-29.97718875,0.37419599294662476,0.349931001663208,56036.21524,23.079299926757812,0.6294479966163635,25.39699935913086,0.04528699815273285,-999.0,-999.0,35651585,4,0,2,1760.4200439453125,6095.669921875,1.4967900514602661,1.3997299671173096,1.4749699831008911,1.4209500551223755,-81.97730255126953,0.10000599920749664,-999.0,0.9991139769554138,0.9991139769554138,1.0630199909210205,-999.0,-999.0,-999.0,-999.0,-999.0,2.129580025211908e-06,1.3404600167632452e-06,2.518760027214739e-07,1.1406799949043034e-08,0.904075026512146,3.2499899864196777,-999.0,-999.0,-999.0,752.0,-999.0,1.0925400317773892e-07,1.7566500218890724e-06,24.98900032043457,0.2499990016222,2628,2522934498522303044,3422451,198.14928302,-29.97720215,0.07382020354270935,0.06693209707736969,56227.080465,22.285200119018555,0.17144900560379028,23.77549934387207,0.02158699929714203,-999.0,-999.0,35651585,0,0,8,1760.1700439453125,6095.4599609375,0.2952820062637329,0.2677299976348877,1.0286699533462524,0.9817429780960083,29.042999267578125,0.5515140295028687,-3.4057700304401806e-06,0.9965350031852722,0.9965350031852722,1.2480299472808838,0.06967049837112427,-0.004264710005372763,0.08233629912137985,-999.0,-0.7149980068206787,4.4252101361053064e-06,7.586959895888867e-07,1.1214699497941183e-06,2.4209100502048386e-08,0.8689860105514526,2.4999899864196777,-999.0,-999.0,-999.0,758.0,-4.644700050354004,7.323050255081398e-08,1.2176999462099047e-06,24.99519920349121,0.2499990016222,2628,2522934971774011972,3424214,198.14926319,-29.97718772,2.181269884109497,2.009229898452759,56066.5128224,24.96820068359375,4.418270111083984,-999.0,0.013740000315010548,-999.0,-999.0,35651585,4,0,3,1760.4200439453125,6095.669921875,8.725090026855469,8.03689956665039,1.1099300384521484,1.044909954071045,17.895099639892578,0.22227400541305542,-999.0,0.9996259808540344,0.9996259808540344,1.4429099559783936,-999.0,-999.0,-999.0,-999.0,-999.0,3.7387098927865736e-07,1.6518599750270369e-06,-4.5171800593379885e-06,6.206570191125138e-08,0.8865320086479187,2.75,-999.0,-999.0,-999.0,420.0,-999.0,-1.1047400327868218e-08,3.2833700061019044e-06,25.014799118041992,0.25,2628,2522939532760844868,3441205,198.14926276,-29.97718655,1.2080700397491455,1.111799955368042,55870.6568559,23.10700035095215,2.295330047607422,21.23349952697754,0.008070999756455421,-999.0,-999.0,35651585,4,0,3,1760.4200439453125,6095.669921875,4.832280158996582,4.447189807891846,1.2274500131607056,1.1653300523757935,-51.27090072631836,0.40564799308776855,-999.0,0.9996439814567566,0.9996439814567566,1.1223599910736084,-999.0,-999.0,-999.0,-999.0,-999.0,2.0758400296472246e-06,4.764719960803632e-06,1.1657500181172509e-05,9.408380208242306e-08,0.8930360078811646,3.0,-999.0,-999.0,-999.0,520.0,-999.0,2.795129887545045e-07,6.188310180732515e-06,25.017000198364258,0.25,0.012211827194578771,,,,,,,,,,,,,,,,,
PSO J131237.493-295834.024,-999,-999,-999,72021981562148928,1052323000027773,502008662486141,0,11090993736140,7202,1,678,50,0.826265348891043,1052323,116883,3,503635968,60,198.15622164,-29.97611784,0.0010000000474974513,0.0010000000474974513,198.15621552,-29.97610503,0.0061900001019239426,0.004819999914616346,56366.97959491,1.6371999979019165,-0.8231044623169796,-0.26992615555613303,-0.49963878418369606,208.47246957044146,-20.550888170692502,308.38297440642356,32.67129621332009,-999,10,30,6,8,8,3,5,1006358000004670,1,1,2881,2522933911990831937,3420266,198.15621616,-29.97611847,0.004741929937154055,0.005513019859790802,55923.2465509,18.316299438476562,0.006599000189453363,18.309900283813477,0.001970000099390745,18.375699996948242,0.007722000125795603,262144069,524416,196608,4,1673.3199462890625,320.4159851074219,0.018967600539326668,0.02205199934542179,1.8195600509643555,1.6172200441360474,-87.07869720458984,-0.15914399921894073,0.9053980112075806,0.9987289905548096,0.9987289905548096,1.2959699630737305,0.25913599133491516,-0.004516290035098791,0.29054000973701477,1.1433000564575195,0.9371650218963623,0.00017118699906859547,1.129669954025303e-06,0.0001722049928503111,3.392229928067536e-07,0.904075026512146,3.2500100135803223,0.0001620719995116815,1.251519961442682e-06,2.8582499027252197,577.0,0.11884599924087524,3.57267992967536e-08,9.768909876584075e-07,24.988399505615234,0.2500010132789612,2881,2522938591626136385,3437699,198.15622512,-29.976118,0.0029223000165075064,0.0028673599008470774,56242.4606949,17.9197998046875,0.003871999913826585,17.942399978637695,0.001462999964132905,17.999000549316406,0.0054410002194345,262144069,524416,196608,8,1673.199951171875,320.406005859375,0.011689200066030025,0.011469399556517601,1.548609972000122,1.5116599798202515,12.842100143432617,0.05236919969320297,0.9877529740333557,0.9992820024490356,0.9992820024490356,1.6494300365447998,0.24115799367427826,0.0005436450010165572,0.2406730055809021,1.230299949645996,0.9159259796142578,0.0002466549922246486,9.551099537929986e-07,0.00024157899315468967,3.5338499060344475e-07,0.8974570035934448,3.0000100135803223,0.00022929599799681455,1.2475600215111626e-06,3.0757501125335693,752.0,0.015350500121712685,4.7659998614335564e-08,1.1816999858638155e-06,24.99959945678711,0.25,2881,2522934501206657857,3422461,198.15621573,-29.97611743,0.0019451800035312772,0.0018517200369387865,56165.2205941,17.748899459838867,0.003601999953389168,17.772899627685547,0.0012359999818727374,17.86870002746582,0.005042000208050013,262144069,524416,196608,8,1673.31005859375,320.4150085449219,0.007780690211802721,0.0074068899266421795,0.9647870063781738,0.9206389784812927,19.047300338745117,0.8566629886627197,-0.9031209945678711,0.9968550205230713,0.9968550205230713,1.1924699544906616,0.14016400277614594,0.002367819892242551,0.13576999306678772,0.933076024055481,0.8006899952888489,0.0002886969887185842,1.0399299981145305e-06,0.000282371009234339,3.4895600720119546e-07,0.872169017791748,2.5,0.00025854501291178167,1.3034899666308775e-06,2.3326900005340576,912.0,-0.12171900272369385,6.679189823444176e-08,1.2193700058560353e-06,25.01110076904297,0.25,2881,2522934974458366785,3424224,198.15622312,-29.97611956,0.004557100124657154,0.004372899886220694,55889.6022335,17.754199981689453,0.007660999894142151,17.803699493408203,0.001711999997496605,17.930999755859375,0.010344999842345715,262144069,524416,196608,3,1673.22998046875,320.3869934082031,0.018228400498628616,0.017491599544882774,1.1266000270843506,1.0744999647140503,18.55470085144043,0.4336470067501068,-0.5064709782600403,0.9986780285835266,0.9986780285835266,1.510890007019043,0.16626699268817902,0.0012872000224888325,0.15717700123786926,0.8328490257263184,0.780381977558136,0.00028729200130328536,2.2010399334249087e-06,0.0002744960074778646,4.700619911091053e-07,0.8891630172729492,2.75,0.00024411099730059505,2.5252199975511758e-06,2.082119941711426,480.0,-0.664342999458313,5.7194899483192785e-08,2.9783200261590537e-06,25.019399642944336,0.25,2881,2522939535445199681,3441215,198.1562181,-29.97612526,0.011864399537444115,0.01150589995086193,55878.905297,17.715499877929688,0.017930999398231506,17.70709991455078,0.001500000013038516,17.870800018310547,0.02703999914228916,262144069,524416,196608,3,1673.2900390625,320.3169860839844,0.0474575012922287,0.046023499220609665,1.240380048751831,1.2096199989318848,5.542099952697754,0.38273298740386963,-0.9182789921760559,0.9995959997177124,0.9995959997177124,1.1102900505065918,0.20003999769687653,0.010124599561095238,0.1744060069322586,1.0115200281143188,0.8246909976005554,0.00029772298876196146,5.338380105968099e-06,0.0003000250144395977,4.4992501102569804e-07,0.8974570035934448,3.0,0.0002580379950813949,6.977209977776511e-06,2.52878999710083,580.0,-0.10260199755430222,2.129730063415991e-07,5.94020002608886e-06,25.03339958190918,0.25,0.014070178021556533,,,,,,,,,,,,,,,,,
PSO J131237.493-295834.024,-999,-999,-999,72021981562148928,1052323000027773,502008662486141,0,11090993736140,7202,1,678,50,0.826265348891043,1052323,116883,3,503635968,60,198.15622164,-29.97611784,0.0010000000474974513,0.0010000000474974513,198.15621552,-29.97610503,0.0061900001019239426,0.004819999914616346,56366.97959491,1.6371999979019165,-0.8231044623169796,-0.26992615555613303,-0.49963878418369606,208.47246957044146,-20.550888170692502,308.38297440642356,32.67129621332009,-999,10,30,6,8,8,3,5,1006820000005463,0,1,2493,2522933909306476989,3420256,198.15621475,-29.9761143,0.009004839695990086,0.010201999917626381,55760.8538454,18.25349998474121,0.010649999603629112,18.345300674438477,0.002182000083848834,18.421899795532227,0.011424999684095383,262144005,524416,0,2,1673.3299560546875,6109.43017578125,0.03601929917931557,0.04080810025334358,1.8607699871063232,1.7434099912643433,84.24169921875,0.20949800312519073,-0.1249610036611557,0.9018769860267639,0.8915960192680359,1.1407599449157715,0.38144999742507935,0.012790899723768234,0.34696999192237854,1.1504600048065186,0.9622550010681152,0.00018138400628231466,1.9316601083119167e-06,0.00016667399904690683,3.6365099731483497e-07,0.6502969861030579,4.0,0.0001553309994051233,1.7747299807524541e-06,2.876149892807007,491.0,-1.5342799425125122,3.926599845271994e-08,1.3225300108388183e-06,24.967599868774414,0.25,2493,2522938588941781437,3437689,198.15622831,-29.97611657,0.005478349979966879,0.005678180139511824,56036.21524,17.9143009185791,0.007980000227689743,17.966999053955078,0.001478999969549477,18.04800033569336,0.009665999561548233,262144069,524416,0,2,1673.1600341796875,6109.43994140625,0.021913500502705574,0.02271280065178871,1.475000023841858,1.41743004322052,-81.356201171875,0.09974750131368637,-0.9491710066795349,0.9983739852905273,0.9983739852905273,1.1733200550079346,0.23908600211143494,-0.001936499960720539,0.2443239986896515,1.0186200141906738,0.8720470070838928,0.0002479050017427653,1.9782200979534537e-06,0.00023614999372512102,3.492719997666427e-07,0.9003080129623413,3.2499899864196777,0.0002191700041294098,2.1183900571486447e-06,2.5465500354766846,752.0,-0.06374750286340714,1.46538994272305e-07,1.7651999542067642e-06,24.98900032043457,0.2499990016222,2493,2522934498522302909,3422451,198.15621625,-29.97611769,0.0019377799471840262,0.0018779400270432234,56227.080465,17.714099884033203,0.0035260000731796026,17.756000518798828,0.0013500000350177288,17.867900848388672,0.004780000075697899,262144069,524416,0,8,1673.31005859375,6109.41015625,0.007751179859042168,0.007511800155043602,1.030269980430603,0.9861800074577332,32.047298431396484,0.5396569967269897,-0.600271999835968,0.9970189929008484,0.9970189929008484,1.3340599536895752,0.1352120041847229,0.0026048000436276197,0.13056999444961548,0.8561859726905823,0.7898290157318115,0.00029810701380483806,1.0509900221222779e-06,0.0002868069859687239,3.871510045883042e-07,0.872169017791748,2.4999899864196777,0.0002587309863884002,1.236689968209248e-06,2.1404600143432617,758.0,-0.5240100026130676,7.00693973954003e-08,1.2075599897798384e-06,24.99519920349121,0.2499990016222,2493,2522934971774011837,3424214,198.15622267,-29.97611934,0.004253250081092119,0.004045229870826006,56066.5128224,17.752199172973633,0.007583000231534243,17.784700393676758,0.0018100000452250242,17.888900756835938,0.011169999837875366,262144069,524416,0,3,1673.22998046875,6109.39013671875,0.017013000324368477,0.01618090085685253,1.1072499752044678,1.044260025024414,17.55120086669922,0.2243800014257431,-0.9926900267601013,0.9988570213317871,0.9988570213317871,1.5772099494934082,0.15665100514888763,0.001305919955484569,0.14697900414466858,0.9244949817657471,0.7663949728012085,0.00028782698791474104,2.1824901068612235e-06,0.000279341998975724,5.056389795754512e-07,0.8891630172729492,2.75,0.00025377600104548037,2.8347499210212845e-06,2.3112399578094482,420.0,-0.009161880239844322,2.966410006521869e-09,3.3166400044137845e-06,25.014799118041992,0.25,2493,2522939532760844733,3441205,198.15622061,-29.97612334,0.011817499995231628,0.011861000210046768,55870.6568559,17.739599227905273,0.018463000655174255,17.758100509643555,0.0016289999475702643,17.92569923400879,0.027525000274181366,262144069,524416,0,3,1673.25,6109.31005859375,0.0472697988152504,0.04744410142302513,1.2273900508880615,1.1674000024795532,-50.75630187988281,0.40226998925209045,-0.40390700101852417,0.9994019865989685,0.9994019865989685,1.1544100046157837,0.19784800708293915,0.010393800213932991,0.17725899815559387,0.9392150044441223,0.7773399949073792,0.00029118001111783087,5.376060016715201e-06,0.00028626699349842966,4.662279877720721e-07,0.8974570035934448,3.0,0.00024530800874345005,6.75213004797115e-06,2.3480401039123535,520.0,-0.8346650004386902,2.672589971552952e-07,6.232340183487395e-06,25.017000198364258,0.25,0.014070178021556533,,,,,,,,,,,,,,,,,
PSO J131236.881-295832.883,-999,-999,-999,72021981538029272,1052323000027599,502008662485966,0,11090993737329,7202,1,678,50,0.134748362130251,1052323,116883,3,436527104,52,198.15367209,-29.97580096,0.0010000000474974513,0.0010000000474974513,198.1536776,-29.97579951,0.028880000114440918,0.03310000151395798,56227.90342593,1.398800015449524,-0.8231189495174592,-0.2698905259141638,-0.49963416513189984,208.47018979084885,-20.551496078447606,308.3804106301932,32.671814792973194,-999,9,20,3,5,9,2,1,1006358000004635,1,1,2927,2522933911990831983,3420266,198.1536302,-29.97588109,0.06562349945306778,0.05986969918012619,55923.2465509,21.863000869750977,0.10474999994039536,23.075899124145508,0.01768600009381771,22.249799728393555,0.17589400708675385,195035141,655360,196608,4,1705.5400390625,324.4570007324219,0.2624930143356323,0.2394780069589615,1.8166799545288086,1.6159900426864624,-87.67160034179688,-0.15597599744796753,-0.009817750193178654,0.9989929795265198,0.9989929795265198,1.2255300283432007,0.20765900611877441,-0.01815900020301342,0.30154499411582947,0.9353190064430237,0.13253599405288696,6.528120138682425e-06,6.838179729129479e-07,2.136210014214157e-06,3.778200152737554e-08,0.8984249830245972,3.2500100135803223,4.571730187308276e-06,8.041409955694689e-07,2.3382999897003174,577.0,-2.5821800231933594,3.999090125716975e-08,9.786219834495569e-07,24.988399505615234,0.2500010132789612,2927,2522938591626136431,3437699,198.15366748,-29.97579173,0.026609299704432487,0.02509249933063984,56242.4606949,20.940500259399414,0.048264000564813614,21.233299255371094,0.006657999940216541,21.170900344848633,0.07149700075387955,195035141,655488,196608,8,1705.0400390625,325.72100830078125,0.10643699765205383,0.10036999732255936,1.550529956817627,1.5133899450302124,12.908599853515625,0.05067349970340729,-0.3155589997768402,0.9985560178756714,0.9985560178756714,1.5999699831008911,0.21829600632190704,-0.02216850034892559,0.2488439977169037,0.9222890138626099,0.7317759990692139,1.526810046925675e-05,7.369069976448372e-07,1.1659700248856097e-05,7.763569698227002e-08,0.8974570035934448,3.0000100135803223,1.2348699783615302e-05,8.828999966681295e-07,2.305720090866089,752.0,-1.0036300420761108,4.7623800014662265e-08,1.1785300557676237e-06,24.99959945678711,0.25,2927,2522934501206657903,3422461,198.15367443,-29.97580852,0.0181731004267931,0.017438199371099472,56165.2205941,20.618099212646484,0.03262399882078171,20.71769905090332,0.004796000197529793,20.76289939880371,0.05048200115561485,262144005,655488,196608,10,1704.949951171875,325.4750061035156,0.07269210368394852,0.06975249946117401,0.9662370085716248,0.9228690266609192,19.189800262451172,0.8434590101242065,0.7424589991569519,0.9968860149383545,0.9968860149383545,1.277359962463379,0.14103199541568756,0.005514760036021471,0.14089900255203247,0.7964850068092346,0.7014949917793274,2.0547000531223603e-05,6.70324993734539e-07,1.8746899513644166e-05,8.99135983445376e-08,0.8689860105514526,2.5,1.79820999619551e-05,9.07768992419733e-07,1.9912099838256836,912.0,0.3285979926586151,6.988840084432013e-08,1.2205999837533454e-06,25.01110076904297,0.25,2927,2522934974458366831,3424224,198.1536458,-29.97579067,0.03386769816279411,0.032276999205350876,55889.6022335,20.41699981689453,0.07019200176000595,20.426300048828125,0.0057299998588860035,20.408899307250977,0.09425900131464005,195035141,655360,196608,3,1705.3199462890625,325.7439880371094,0.13547000288963318,0.1291079968214035,1.1266499757766724,1.0755000114440918,19.784799575805664,0.42916199564933777,0.04698500037193298,0.9987549781799316,0.9987549781799316,1.4078400135040283,0.1814890056848526,0.022885799407958984,0.21544399857521057,0.8304589986801147,0.7396219968795776,2.472969936206937e-05,1.7358199784212047e-06,2.451840009598527e-05,1.4048599439320242e-07,0.8865320086479187,2.75,2.4914199457271025e-05,2.3483798941015266e-06,2.0761499404907227,480.0,1.986430048942566,6.234139959815366e-08,2.9651801014551893e-06,25.019399642944336,0.25,2927,2522939535445199727,3441215,198.15366809,-29.9758057,0.05061259865760803,0.048862800002098083,55878.905297,19.90850067138672,0.10394100099802017,19.584299087524414,0.0035600000992417336,19.781200408935547,0.15389999747276306,195035141,655360,196608,4,1705.0400390625,325.5329895019531,0.2024500072002411,0.19545100629329681,1.2411199808120728,1.2109700441360474,5.566450119018555,0.38219699263572693,0.010494199581444263,0.9988080263137817,0.9988080263137817,1.128000020980835,0.18709899485111237,-0.006347599904984236,0.214137002825737,1.062790036201477,0.7167609930038452,3.949950041715056e-05,4.105620064365212e-06,5.3245301387505606e-05,1.8954000324811204e-07,0.8996679782867432,3.0,4.441579949343577e-05,6.835609838162782e-06,2.6569700241088867,580.0,2.5590999126434326,2.1912900649567746e-07,5.905329999222886e-06,25.03339958190918,0.25,0.012508925059936138,,,,,,,,,,,,,,,,,
PSO J131236.881-295832.883,-999,-999,-999,72021981538029272,1052323000027599,502008662485966,0,11090993737329,7202,1,678,50,0.134748362130251,1052323,116883,3,436527104,52,198.15367209,-29.97580096,0.0010000000474974513,0.0010000000474974513,198.1536776,-29.97579951,0.028880000114440918,0.03310000151395798,56227.90342593,1.398800015449524,-0.8231189495174592,-0.2698905259141638,-0.49963416513189984,208.47018979084885,-20.551496078447606,308.3804106301932,32.671814792973194,-999,9,20,3,5,9,2,1,1006820000005460,0,1,2540,2522933909306477036,3420256,198.15366974,-29.97581235,0.17044100165367126,0.1509380042552948,55760.8538454,22.09269905090332,0.23596300184726715,22.513700485229492,0.01487599965184927,-999.0,-999.0,186646529,655364,0,2,1705.02001953125,6114.39013671875,0.6817629933357239,0.6037539839744568,1.8547099828720093,1.7429200410842896,83.33540344238281,0.20959199965000153,-999.0,0.957082986831665,0.9559879899024963,1.1906499862670898,-999.0,-999.0,-999.0,-999.0,-999.0,5.283559858071385e-06,1.2467199894672376e-06,3.5851899156114087e-06,5.3334300531560075e-08,0.31333601474761963,4.0,-999.0,-999.0,-999.0,491.0,-999.0,4.191770131001249e-08,1.323030005551118e-06,24.967599868774414,0.25,2540,2522938588941781484,3437689,198.15368873,-29.97578757,0.05450360104441643,0.050969198346138,56036.21524,20.911399841308594,0.09168200194835663,21.231000900268555,0.006649000104516745,21.1205997467041,0.14550699293613434,195035141,655360,0,2,1704.780029296875,6114.7900390625,0.21801500022411346,0.2038780003786087,1.4749900102615356,1.4187099933624268,-81.57219696044922,0.09984099864959717,-0.3629879951477051,0.9986330270767212,0.9986330270767212,1.0635099411010742,0.22051000595092773,-0.07336819916963577,0.23790399730205536,0.9735789895057678,0.7851809859275818,1.5683999663451687e-05,1.4379500044015003e-06,1.1684600394801237e-05,7.769209986463466e-08,0.9021919965744019,3.2499899864196777,1.29352001749794e-05,1.8821499452315038e-06,2.4339499473571777,752.0,-0.9096860289573669,1.3354500083551102e-07,1.7645199932303512e-06,24.98900032043457,0.2499990016222,2540,2522934498522302956,3422451,198.15367449,-29.9758083,0.01909239962697029,0.018635500222444534,56227.080465,20.614200592041016,0.032933998852968216,20.691200256347656,0.005216000135987997,20.845500946044922,0.0517750009894371,262144005,524416,0,10,1704.9599609375,6114.47998046875,0.07637020200490952,0.07454250007867813,1.0296599864959717,0.9845870137214661,30.903099060058594,0.5439919829368591,0.8227710127830505,0.9970740079879761,0.9970740079879761,1.2797000408172607,0.1378989964723587,0.00472914008423686,0.13851800560951233,0.7369760274887085,0.7001259922981262,2.062150088022463e-05,6.791410100959183e-07,1.9208999219699763e-05,1.001929987864969e-07,0.872169017791748,2.4999899864196777,1.666450043558143e-05,8.628099976704107e-07,1.8424400091171265,758.0,0.2239830046892166,7.340349839068949e-08,1.2107800557714654e-06,24.99519920349121,0.2499990016222,2540,2522934971774011884,3424214,198.15364955,-29.97579726,0.03344060108065605,0.030803000554442406,56066.5128224,20.39940071105957,0.06773500144481659,20.299999237060547,0.005764999892562628,20.367799758911133,0.09609799832105637,262160391,655360,0,3,1705.27001953125,6114.64013671875,0.13376200199127197,0.12321200221776962,1.108240008354187,1.0444999933242798,17.680099487304688,0.22360700368881226,0.000813450023997575,0.999085009098053,0.999085009098053,1.491420030593872,0.1731880009174347,0.01994970068335533,0.20482900738716125,0.8612809777259827,0.7248870134353638,2.5133600502158515e-05,1.7024300404955284e-06,2.7542300813365728e-05,1.5877100167926983e-07,0.8865320086479187,2.75,2.5875999199342914e-05,2.4866199055395555e-06,2.1531999111175537,420.0,3.348180055618286,-5.0055701805717945e-09,3.3072999485739274e-06,25.014799118041992,0.25,2540,2522939532760844780,3441205,198.15367816,-29.97580467,0.06165999919176102,0.05674619972705841,55870.6568559,19.987199783325195,0.11715299636125565,19.76930046081543,0.004112000111490488,19.981000900268555,0.18685199320316315,195035141,655360,0,4,1704.9100341796875,6114.509765625,0.24663899838924408,0.22698399424552917,1.2274099588394165,1.1666500568389893,-50.94770050048828,0.4034990072250366,0.12000299990177155,0.9990710020065308,0.9990710020065308,1.1131500005722046,0.1868090033531189,-0.02270199917256832,0.19062699377536774,1.0350600481033325,0.7077029943466187,3.673899846035056e-05,4.30410000262782e-06,4.490160063141957e-05,1.8464800177753204e-07,0.8974570035934448,3.0,3.694800034281798e-05,6.903800112922909e-06,2.5876500606536865,520.0,1.5547599792480469,2.907580096689344e-07,6.199240033311071e-06,25.017000198364258,0.25,0.012508925059936138,,,,,,,,,,,,,,,,,
PSO J131236.335-295847.123,-999,-999,-999,72021981514004582,1052323000027409,502008662485776,0,11090993739038,7202,1,678,50,0.96424678896018,1052323,116883,3,503635968,60,198.15139901,-29.9797564,0.0010000000474974513,0.0010000000474974513,198.15138611,-29.97974147,0.007360000163316727,0.0028099999763071537,56373.50414352,1.9765000343322754,-0.8230970766128994,-0.2698468964258829,-0.49969376117840175,208.46994977041484,-20.55590385550454,308.37760717229645,32.668085219455826,-999,10,34,6,8,14,3,3,1006358000004596,1,1,2966,2522933911990832022,3420266,198.15139172,-29.97975883,0.004225870128720999,0.004756680224090815,55923.2465509,18.14859962463379,0.0058639999479055405,18.1564998626709,0.0018360000103712082,18.216100692749023,0.006508000195026398,262144069,524416,196608,4,1734.56005859375,269.1340026855469,0.016903400421142578,0.01902659982442856,1.81413996219635,1.6148500442504883,-88.21189880371094,-0.1531279981136322,-0.8558740019798279,0.9981189966201782,0.9981189966201782,1.3398000001907349,0.25241801142692566,-0.0028266101144254208,0.28837600350379944,1.1844600439071655,0.9366199970245361,0.00019977599731646478,1.1714199672496761e-06,0.00019834100385196507,3.640560066742182e-07,0.9003080129623413,3.2500100135803223,0.000187743004062213,1.2218699794175336e-06,2.9611499309539795,577.0,-0.1816290020942688,4.226529881634633e-08,9.829790315052378e-07,24.988399505615234,0.2500010132789612,2966,2522938591626136470,3437699,198.15140242,-29.97975983,0.0019124499522149563,0.0018221100326627493,56242.4606949,17.253400802612305,0.0025190000887960196,17.243200302124023,0.0010600000387057662,17.296899795532227,0.003278000047430396,262144069,524416,196608,8,1734.4200439453125,269.10198974609375,0.007649779785424471,0.007288429886102676,1.552299976348877,1.5149699449539185,12.968799591064453,0.04911959916353226,0.5969200134277344,0.9988369941711426,0.9988369941711426,1.729259967803955,0.24447999894618988,-0.0030028000473976135,0.2450840026140213,1.2605799436569214,0.9378569722175598,0.0004556629864964634,1.1479900194899528e-06,0.0004599429958034307,4.876080197391275e-07,0.8974570035934448,3.0000100135803223,0.0004377530131023377,1.4348900094773853e-06,3.1514599323272705,752.0,0.5288349986076355,4.5582801533328166e-08,1.1730600135706482e-06,24.99959945678711,0.25,2966,2522934501206657942,3422461,198.1513912,-29.97975577,0.0007966639823280275,0.000768303987570107,56165.2205941,16.78339958190918,0.0015109999803826213,16.773700714111328,0.0007800000021234155,16.842500686645508,0.0020210000220686197,262144069,524416,196608,13,1734.550048828125,269.1610107421875,0.0031866501085460186,0.003073209896683693,0.9675750136375427,0.9249380230903625,19.327899932861328,0.8311899900436401,0.7634680271148682,0.9965919852256775,0.9965919852256775,1.48812997341156,0.1435769945383072,0.0014635400148108602,0.1389639973640442,1.087589979171753,0.8230069875717163,0.0007024729857221246,1.0615500514177256e-06,0.0007087669800966978,5.528569886337209e-07,0.8689860105514526,2.5,0.0006652619922533631,1.3446200455291546e-06,2.7189700603485107,912.0,0.300929993391037,6.733559843041803e-08,1.2186500271127443e-06,25.01110076904297,0.25,2966,2522934974458366870,3424224,198.15140138,-29.97975641,0.001919760019518435,0.001849520020186901,55889.6022335,16.5575008392334,0.003295999951660633,16.562599182128906,0.0009670000290498137,16.643199920654297,0.004313999786973,262144069,524416,196608,3,1734.43994140625,269.15399169921875,0.00767904007807374,0.007398089859634638,1.1267199516296387,1.0763700008392334,20.943899154663086,0.42509299516677856,0.9837719798088074,0.9982860088348389,0.9982860088348389,1.4801499843597412,0.17024900019168854,0.002240800065919757,0.162323996424675,1.0695600509643555,0.8358880281448364,0.0008649370283819735,2.850679948096513e-06,0.0008608989883214235,8.32461012123531e-07,0.8812710046768188,2.75,0.0007993020117282867,3.447860080996179e-06,2.6738998889923096,480.0,0.020340099930763245,7.010680036501071e-08,2.9907801035733428e-06,25.019399642944336,0.25,2966,2522939535445199766,3441215,198.1513954,-29.97975861,0.004285600036382675,0.004139400087296963,55878.905297,16.44059944152832,0.006692000199109316,16.40959930419922,0.0008249999955296516,16.479999542236328,0.010360999964177608,262144069,524416,196608,3,1734.510009765625,269.135009765625,0.0171424001455307,0.01655760034918785,1.2417999505996704,1.2122100591659546,5.589940071105957,0.38169801235198975,0.48647400736808777,0.9992390275001526,0.9992390275001526,1.1495100259780884,0.2029770016670227,0.00486428989097476,0.1867929995059967,1.3758699893951416,0.8640339970588684,0.0009633229929022491,6.4465498326171655e-06,0.000991194974631071,8.177880204129906e-07,0.8952469825744629,3.0,0.0009290029993280768,9.625629900256172e-06,3.4396800994873047,580.0,0.6959279775619507,1.821109947286459e-07,5.870960194442887e-06,25.03339958190918,0.25,0.01520447160327419,,,,,,,,,,,,,,,,,
PSO J131236.335-295847.123,-999,-999,-999,72021981514004582,1052323000027409,502008662485776,0,11090993739038,7202,1,678,50,0.96424678896018,1052323,116883,3,503635968,60,198.15139901,-29.9797564,0.0010000000474974513,0.0010000000474974513,198.15138611,-29.97974147,0.007360000163316727,0.0028099999763071537,56373.50414352,1.9765000343322754,-0.8230970766128994,-0.2698468964258829,-0.49969376117840175,208.46994977041484,-20.55590385550454,308.37760717229645,32.668085219455826,-999,10,34,6,8,14,3,3,1006820000005456,0,1,2589,2522933909306477085,3420256,198.15139505,-29.97975478,0.007974660024046898,0.0084306001663208,55760.8538454,18.107799530029297,0.00928100012242794,18.152000427246094,0.001996000064536929,18.209800720214844,0.010894999839365482,262144069,524416,0,2,1734.510009765625,6058.14990234375,0.03189859911799431,0.0337224006652832,1.8490999937057495,1.7424099445343018,82.40540313720703,0.2096800059080124,-0.4154829978942871,0.999081015586853,0.999081015586853,1.1927900314331055,0.3604480028152466,0.004964420106261969,0.3724130094051361,1.3385299444198608,0.9803509712219238,0.0002074270014418289,1.925189963003504e-06,0.00019915300072170794,3.97505999671921e-07,0.9176279902458191,4.0,0.00018883199663832784,2.057350002360181e-06,3.346329927444458,491.0,-0.814283013343811,3.8290298931542566e-08,1.3246400385469315e-06,24.967599868774414,0.25,2589,2522938588941781533,3437689,198.15140104,-29.97976107,0.0033567999489605427,0.0034841999877244234,56036.21524,17.212799072265625,0.005042000208050013,17.200700759887695,0.0010389999952167273,17.2539005279541,0.006132000125944614,262144069,524416,0,2,1734.43994140625,6058.10009765625,0.01342719979584217,0.013936899602413177,1.4749799966812134,1.4198999404907227,-81.78410339355469,0.09992879629135132,0.532634973526001,0.9978809952735901,0.9978809952735901,1.0783699750900269,0.24504199624061584,-0.0006776669761165977,0.250465989112854,1.3104300498962402,0.9204260110855103,0.00047300400910899043,2.384959998380509e-06,0.00047830899711698294,4.970769964529609e-07,0.8965409994125366,3.2499899864196777,0.0004554539918899536,2.792699888232164e-06,3.276089906692505,752.0,0.6239879727363586,1.1293400348222349e-07,1.7565099597049993e-06,24.98900032043457,0.2499990016222,2589,2522934498522303005,3422451,198.15139183,-29.97975614,0.0008061769767664373,0.0007859719917178154,56227.080465,16.765300750732422,0.0015030000358819962,16.760400772094727,0.0008529999759048223,16.82069969177246,0.0020210000220686197,262144069,524416,0,13,1734.550048828125,6058.16015625,0.003224720014259219,0.0031439000740647316,1.0291199684143066,0.9830780029296875,29.888900756835938,0.5480139851570129,0.8393300175666809,0.9967650175094604,0.9967650175094604,1.4534000158309937,0.1401669979095459,0.0016599900554865599,0.13575400412082672,1.1003199815750122,0.8213139772415161,0.0007142919930629432,1.0738400533227832e-06,0.0007175250211730599,6.123569846749888e-07,0.8689860105514526,2.4999899864196777,0.0006787640159018338,1.371990038023796e-06,2.750809907913208,758.0,0.20275099575519562,7.353160214051968e-08,1.2114400078644394e-06,24.99519920349121,0.2499990016222,2589,2522934971774011933,3424214,198.15140116,-29.9797564,0.0018062300514429808,0.001717470004223287,56066.5128224,16.5575008392334,0.003289999905973673,16.54759979248047,0.0010239999974146485,16.61750030517578,0.004348000045865774,262144069,524416,0,3,1734.43994140625,6058.14990234375,0.0072249299846589565,0.006869859993457794,1.1091400384902954,1.0447200536727905,17.795000076293945,0.22290100157260895,0.3700000047683716,0.9985309839248657,0.9985309839248657,1.563040018081665,0.16000300645828247,0.0022381399758160114,0.1518779993057251,1.0820399522781372,0.8255259990692139,0.0008649760275147855,2.846119969035499e-06,0.0008728919783607125,8.938259838942031e-07,0.8812710046768188,2.75,0.0008184280013665557,3.558169964890112e-06,2.7051000595092773,420.0,0.8964740037918091,-9.646390353168499e-09,3.3183000596181955e-06,25.014799118041992,0.25,2589,2522939532760844829,3441205,198.15139697,-29.97975717,0.00419845012947917,0.004185679834336042,55870.6568559,16.450899124145508,0.006806999910622835,16.449600219726562,0.0008919999818317592,16.481199264526367,0.010046999901533127,262144069,524416,0,3,1734.47998046875,6058.1201171875,0.01679380051791668,0.016742700710892677,1.227429986000061,1.1659499406814575,-51.12189865112305,0.4046440124511719,0.43372899293899536,0.999189019203186,0.999189019203186,1.2812399864196777,0.20629000663757324,0.004589810036122799,0.19541500508785248,1.2843400239944458,0.8623669743537903,0.0009541910258121789,6.495320121757686e-06,0.0009553239797241986,8.517019978171447e-07,0.8952469825744629,3.0,0.0009279359946958721,9.323330232291482e-06,3.2108399868011475,520.0,0.7828260064125061,2.8224698667145276e-07,6.2554199757869355e-06,25.017000198364258,0.25,0.01520447160327419,,,,,,,,,,,,,,,,,
PSO J131232.232-295831.089,-999,-999,-999,72021981343039927,1052323000042235,502008662501823,0,11090993790815,7202,1,678,50,0.0829718793583772,1052323,116883,3,1075314688,128,198.13430369,-29.97530269,0.0010000000474974513,0.0010000000474974513,198.13430369,-29.97530269,0.0010000000474974513,0.0010000000474974513,56054.75003472,-999.0,-0.8232142800185565,-0.26961353069776645,-0.4996266538508672,208.45357754101124,-20.557816589650464,308.36062569611244,32.67394348340544,-999,1,0,0,0,0,0,0,1006820000005929,0,0,2882,2522933909306477378,3420256,198.1343035,-29.9753007,0.347665011882782,0.30788499116897583,55760.8538454,-999.0,0.48131799697875977,-999.0,0.010360999964177608,-999.0,-999.0,35651585,4,131072,2,1946.6700439453125,6126.39013671875,1.390660047531128,1.2315399646759033,1.8108400106430054,1.7360299825668335,72.03959655761719,0.21031199395656586,-999.0,0.9996020197868347,0.9996020197868347,1.2788699865341187,-999.0,-999.0,-999.0,-999.0,-999.0,-2.4736300474614836e-06,1.1905999599548522e-06,-7.097520210663788e-06,7.353609987603704e-08,0.9213579893112183,4.0,-999.0,-999.0,-999.0,491.0,-999.0,2.312500058110345e-08,1.332229999206902e-06,24.967599868774414,0.25,2882,2522938588941781826,3437689,198.1343036,-29.97530376,0.2658270001411438,0.24858899414539337,56036.21524,-999.0,0.44715800881385803,-999.0,0.012600000016391277,-999.0,-999.0,35651585,4,131072,2,1946.6700439453125,6126.39013671875,1.0633100271224976,0.9943609833717346,1.4749599695205688,1.4283699989318848,-83.61019897460938,0.10055699944496155,-999.0,0.9989590048789978,0.9989590048789978,1.0642800331115723,-999.0,-999.0,-999.0,-999.0,-999.0,-2.9773400456178933e-06,1.3313399449543795e-06,-3.0721801067556953e-06,3.8708900973460914e-08,0.9021919965744019,3.2499899864196777,-999.0,-999.0,-999.0,752.0,-999.0,5.1713499260586104e-08,1.7248700032723718e-06,24.98900032043457,0.2499990016222,2882,2522934498522303298,3422451,198.13431469,-29.9753128,0.08592110127210617,0.07790389657020569,56227.080465,22.670900344848633,0.1995529979467392,22.984899520874023,0.01499900035560131,22.7322998046875,0.27046099305152893,35651585,0,131072,11,1946.530029296875,6126.25,0.3436860144138336,0.311616986989975,1.0272300243377686,0.9782509803771973,27.300100326538086,0.5549669861793518,-0.932083010673523,0.9969649910926819,0.9969649910926819,1.2355200052261353,0.20287300646305084,0.017743399366736412,0.06991930305957794,0.7267850041389465,0.7801740169525146,3.1020899768918753e-06,6.190319936649757e-07,2.323019998584641e-06,3.4842699392356735e-08,0.8689860105514526,2.4999899864196777,2.931380095105851e-06,7.928230161269312e-07,1.8169599771499634,758.0,-0.08522479981184006,5.4415899342075136e-08,1.2568100373755442e-06,24.99519920349121,0.2499990016222,2882,2522934971774012226,3424214,198.13430369,-29.97530269,0.21680699288845062,0.1997070014476776,56066.5128224,22.460399627685547,0.4391529858112335,22.35890007019043,0.014879000373184681,-999.0,-999.0,35651585,4,131072,3,1946.6700439453125,6126.39013671875,0.8672279715538025,0.7988259792327881,1.1169099807739258,1.0484399795532227,18.678600311279297,0.21494600176811218,-999.0,0.9992780089378357,0.9992780089378357,1.4557700157165527,-999.0,-999.0,-999.0,-999.0,-999.0,3.765680048672948e-06,1.6537100009372807e-06,4.134510163567029e-06,6.15155002492429e-08,0.8839020133018494,2.75,-999.0,-999.0,-999.0,420.0,-999.0,1.7313299682797378e-09,3.096730097240652e-06,25.014799118041992,0.25,2882,2522939532760845122,3441205,198.13430328,-29.97530145,0.30476799607276917,0.2804799973964691,55870.6568559,21.865800857543945,0.579056978225708,21.084400177001953,0.007534999866038561,-999.0,-999.0,35651585,4,131072,5,1946.6700439453125,6126.39013671875,1.2190699577331543,1.1219199895858765,1.227579951286316,1.1608799695968628,-52.25640106201172,0.4128600060939789,-999.0,0.9996430277824402,0.9996430277824402,1.1682000160217285,-999.0,-999.0,-999.0,-999.0,-999.0,6.511450010293629e-06,3.7704999158449937e-06,1.3373300134844612e-05,1.0077000212049825e-07,0.8908259868621826,3.0,-999.0,-999.0,-999.0,520.0,-999.0,1.0560100349721324e-07,6.063839919079328e-06,25.017000198364258,0.25,0.014032076687092249,,,,,,,,,,,,,,,,,
PSO J131233.936-295830.673,-999,-999,-999,72031981413950067,1052323000026675,502008662485042,0,11090993810882,7203,1,678,50,0.176371468395341,1052323,116883,3,436285440,52,198.14125866,-29.97511615,0.0010000000474974513,0.0010000000474974513,198.14140034,-29.97518714,0.1974399983882904,0.1974399983882904,56088.26248843,-999.0,-0.8231818369188815,-0.269715805607096,-0.49962490687772093,208.45953434921566,-20.55522905438412,308.3679074775051,32.67346055366089,-999,4,1,0,0,0,1,0,1006358000004463,1,0,3163,2522933911990832219,3420266,198.14125729,-29.97511618,0.3868510127067566,0.35293298959732056,55923.2465509,23.69879913330078,0.6175000071525574,23.39889907836914,0.02052300050854683,-999.0,-999.0,35651585,4,196608,3,1859.81005859375,338.43499755859375,1.5473999977111816,1.4117300510406494,1.8035500049591064,1.6094499826431274,89.37920379638672,-0.14081799983978271,-999.0,0.9986519813537598,0.9986519813537598,1.3291900157928467,-999.0,-999.0,-999.0,-999.0,-999.0,1.2035900454065995e-06,7.432179813804396e-07,1.586549956300587e-06,3.2560400597958505e-08,0.9003080129623413,3.2500100135803223,-999.0,-999.0,-999.0,577.0,-999.0,4.278879828234494e-08,9.949719697033288e-07,24.988399505615234,0.2500010132789612,3163,2522938591626136667,3437699,198.14125704,-29.97511526,0.1609800010919571,0.15180400013923645,56242.4606949,22.923799514770508,0.29198798537254333,24.31839942932129,0.027567999437451363,-999.0,-999.0,35651585,4,196608,8,1859.81005859375,338.43499755859375,0.643917977809906,0.607213020324707,1.559880018234253,1.5218000411987305,13.220999717712402,0.04244159907102585,-999.0,0.9993969798088074,0.9993969798088074,1.6392099857330322,-999.0,-999.0,-999.0,-999.0,-999.0,2.4574599137849873e-06,7.175510177148681e-07,6.802019925089553e-07,1.8751599384358997e-08,0.8974570035934448,3.0000100135803223,-999.0,-999.0,-999.0,752.0,-999.0,4.388689944789803e-08,1.1760099596358486e-06,24.99959945678711,0.25,3163,2522934501206658139,3422461,198.14125866,-29.97511737,0.0606359988451004,0.05700799822807312,56165.2205941,22.010900497436523,0.14687800407409668,21.516199111938477,0.006928000133484602,21.554800033569336,0.18707899749279022,35667969,0,196608,9,1859.780029296875,338.4020080566406,0.2425439953804016,0.2280309945344925,0.9740549921989441,0.9345399737358093,19.984500885009766,0.779105007648468,0.000790128018707037,0.9970880150794983,0.9970880150794983,1.2782299518585205,0.15048199892044067,-0.027766000479459763,0.17587199807167053,1.1077100038528442,0.8155649900436401,5.6967101045302115e-06,8.367180157620169e-07,8.98535017768154e-06,6.224839665947002e-08,0.8689860105514526,2.5,8.671039722685236e-06,1.6221699752350105e-06,2.769279956817627,912.0,3.3562300205230713,6.221689829999377e-08,1.2417100379025214e-06,25.01110076904297,0.25,3163,2522934974458367067,3424224,198.141327,-29.97515003,0.0709884986281395,0.06765440106391907,55889.6022335,21.237600326538086,0.1471260040998459,21.02239990234375,0.007540000136941671,21.157499313354492,0.20422400534152985,35651585,0,196608,3,1858.93994140625,337.9209899902344,0.283953994512558,0.2706170082092285,1.127519965171814,1.0795700550079346,26.309499740600586,0.4076859951019287,0.5450630187988281,0.9982410073280334,0.9982410073280334,1.3587499856948853,0.2408509999513626,0.07246100157499313,0.1461469978094101,0.9166200160980225,0.6058840155601501,1.1613499736995436e-05,1.7086399566323962e-06,1.4158899830363225e-05,1.0675900341539091e-07,0.8944240212440491,2.75,1.2502900062827393e-05,2.553390004322864e-06,2.2915499210357666,480.0,0.6051750183105469,3.627609856948766e-08,2.871109927582438e-06,25.019399642944336,0.25,3163,2522939535445199963,3441215,198.1412574,-29.97511615,0.1430400013923645,0.1380939930677414,55878.905297,21.125999450683594,0.2937549948692322,21.212099075317383,0.007532999850809574,-999.0,-999.0,35651585,4,196608,5,1859.81005859375,338.43499755859375,0.5721589922904968,0.5523779988288879,1.2446999549865723,1.2175099849700928,5.700099945068359,0.37958601117134094,-999.0,0.9994649887084961,0.9994649887084961,1.1975899934768677,-999.0,-999.0,-999.0,-999.0,-999.0,1.2870100363215897e-05,3.780670112973894e-06,1.1889699635503348e-05,8.956690322747818e-08,0.8974570035934448,3.0,-999.0,-999.0,-999.0,580.0,-999.0,2.0817600443479023e-07,5.89025012232014e-06,25.03339958190918,0.25,0.010550240058090812,,,,,,,,,,,,,,,,,
PSO J131233.936-295830.673,-999,-999,-999,72031981413950067,1052323000026675,502008662485042,0,11090993810882,7203,1,678,50,0.176371468395341,1052323,116883,3,436285440,52,198.14125866,-29.97511615,0.0010000000474974513,0.0010000000474974513,198.14140034,-29.97518714,0.1974399983882904,0.1974399983882904,56088.26248843,-999.0,-0.8231818369188815,-0.269715805607096,-0.49962490687772093,208.45953434921566,-20.55522905438412,308.3679074775051,32.67346055366089,-999,4,1,0,0,0,1,0,1006820000005447,0,0,2763,2522933909306477259,3420256,198.14126137,-29.97510075,0.7411800026893616,0.6563720107078552,55760.8538454,-999.0,1.026110053062439,-999.0,0.03211899846792221,-999.0,-999.0,35651585,4,0,1,1859.739990234375,6127.60986328125,2.9647200107574463,2.6254899501800537,1.825909972190857,1.7393800020217896,77.22750091552734,0.2100529968738556,-999.0,0.9512280225753784,0.939674973487854,1.2430499792099,-999.0,-999.0,-999.0,-999.0,-999.0,-1.3895199799662805e-06,1.425799950993678e-06,-7.385460207842698e-07,2.3721199227111356e-08,0.6938160061836243,4.0,-999.0,-999.0,-999.0,491.0,-999.0,3.2493300494707e-08,1.3286099829201703e-06,24.967599868774414,0.25,2763,2522938588941781707,3437689,198.14126148,-29.97510378,0.19642400741577148,0.1836860030889511,56036.21524,22.367300033569336,0.33041200041770935,28.687599182128906,0.20611000061035156,-999.0,-999.0,35651585,4,0,2,1859.739990234375,6127.60986328125,0.7856979966163635,0.7347480058670044,1.4749499559402466,1.4249199628829956,-82.78900146484375,0.10029999911785126,-999.0,0.99897700548172,0.99897700548172,1.0928699970245361,-999.0,-999.0,-999.0,-999.0,-999.0,4.102660113858292e-06,1.3555700206779875e-06,1.2160199958088924e-08,2.506340024410747e-09,0.9021919965744019,3.2499899864196777,-999.0,-999.0,-999.0,752.0,-999.0,8.059159739559618e-08,1.741379946906818e-06,24.98900032043457,0.2499990016222,2763,2522934498522303179,3422451,198.14125032,-29.97510925,0.0651111975312233,0.05903569981455803,56227.080465,22.040700912475586,0.15122200548648834,21.64419937133789,0.008089999668300152,21.743499755859375,0.2077150046825409,35651585,0,0,9,1859.8800048828125,6127.52978515625,0.2604460120201111,0.23614400625228882,1.0270899534225464,0.9763799905776978,26.068199157714844,0.5651130080223083,0.18312300741672516,0.9973829984664917,0.9973829984664917,1.2026300430297852,0.14261400699615479,-0.031122200191020966,0.1782660037279129,1.0262999534606934,0.660090982913971,5.542899998545181e-06,8.382079954571964e-07,7.985569936863612e-06,6.460099655214435e-08,0.872169017791748,2.4999899864196777,7.28762006474426e-06,1.5137500213313615e-06,2.5657498836517334,758.0,1.3312000036239624,6.382539652349806e-08,1.2393500128382584e-06,24.99519920349121,0.2499990016222,2763,2522934971774012107,3424214,198.14133857,-29.97516371,0.06988999992609024,0.06437739729881287,56066.5128224,21.221099853515625,0.1415649950504303,20.898099899291992,0.007592999842017889,21.07270050048828,0.19194099307060242,35651585,0,0,3,1858.800048828125,6126.72021484375,0.27955999970436096,0.2575089931488037,1.112969994544983,1.045639991760254,18.25790023803711,0.21989600360393524,0.2628999948501587,0.9990620017051697,0.9990620017051697,1.4327600002288818,0.22696399688720703,0.058379899710416794,0.14646999537944794,0.8998460173606873,0.6981679797172546,1.1790800272137858e-05,1.6691700466253678e-06,1.5876899851718917e-05,1.2054699993768736e-07,0.8891630172729492,2.75,1.3518800187739544e-05,2.5948299935407704e-06,2.24960994720459,420.0,1.1195600032806396,-4.592770164180138e-09,3.1802001103642397e-06,25.014799118041992,0.25,2763,2522939532760845003,3441205,198.14126116,-29.97510151,0.13250300288200378,0.12194299697875977,55870.6568559,20.95789909362793,0.2517539858818054,20.869400024414062,0.006825000047683716,-999.0,-999.0,35651585,4,0,5,1859.739990234375,6127.60986328125,0.530010998249054,0.48777300119400024,1.2275199890136719,1.1629600524902344,-51.81439971923828,0.409494012594223,-999.0,0.9996989965438843,0.9996989965438843,1.1936899423599243,-999.0,-999.0,-999.0,-999.0,-999.0,1.5025900211185217e-05,3.7828499444003683e-06,1.6301899449899793e-05,1.1125799659339464e-07,0.8996679782867432,3.0,-999.0,-999.0,-999.0,520.0,-999.0,1.9432999920354632e-07,6.100220161897596e-06,25.017000198364258,0.25,0.010550240058090812,,,,,,,,,,,,,,,,,
